step t dt workloadBalance memoryBalance partSecReal cpuWalltime Nf 
0	0.02	0	1.01405	1.00549	107799	0.10	0000032768
0	0.02	0	1.01968	1.00549	103695	0.49	0000032768
1	0.020308	0.000307974	1.01251	1.00549	105401	0.79	0000032768
2	0.0206207	0.000312716	1.01344	1.00549	105026	1.10	0000032768
3	0.0209382	0.000317532	1.01847	1.00537	103016	1.40	0000032768
4	0.0212606	0.000322421	1.01216	1.00537	103970	1.71	0000032768
5	0.021588	0.000327386	1.01419	1.00525	104644	2.02	0000032768
6	0.0219205	0.000332428	1.01086	1.00525	106328	2.32	0000032768
7	0.022258	0.000337546	1.01403	1.00513	104729	2.62	0000032768
8	0.0226007	0.000342744	1.01111	1.00513	104872	2.93	0000032768
9	0.0229488	0.000348022	1.01143	1.00513	106045	3.23	0000032768
10	0.0233022	0.000353381	1.01152	1.00513	106990	3.53	0000032768
11	0.023661	0.000358823	1.01234	1.00513	105546	3.84	0000032768
12	0.0240253	0.000364348	1.01262	1.00513	104847	4.14	0000032768
13	0.0243953	0.000369959	1.00974	1.00513	104619	4.45	0000032768
14	0.0247709	0.000375656	1.01112	1.00513	106420	4.75	0000032768
15	0.0251524	0.00038144	1.01599	1.00513	105049	5.06	0000032768
16	0.0255397	0.000387314	1.01239	1.00513	104101	5.36	0000032768
17	0.025933	0.000393278	1.0178	1.00513	102533	5.67	0000032768
18	0.0263323	0.000399334	1.00836	1.00513	105358	5.97	0000032768
19	0.0267378	0.000405483	1.00957	1.00513	106151	6.27	0000032768
20	0.0271495	0.000411727	1.016	1.00671	106718	6.58	0000032768
21	0.0275676	0.000418067	1.0165	1.00891	106187	6.89	0000032768
22	0.0279921	0.000424505	1.01305	1.005	106319	7.19	0000032768
23	0.0284231	0.000431042	1.01339	1.005	105311	7.50	0000032768
24	0.0288608	0.000437679	1.01	1.00488	104506	7.81	0000032768
25	0.0293052	0.000444419	1.01621	1.00488	104068	8.12	0000032768
26	0.0297565	0.000451262	1.0102	1.00488	104075	8.42	0000032768
27	0.0302147	0.000458211	1.01074	1.00488	104607	8.71	0000032768
28	0.03068	0.000465267	1.01481	1.00488	103719	9.01	0000032768
29	0.0311524	0.000472431	1.01007	1.005	103997	9.32	0000032768
30	0.0316321	0.000479706	1.015	1.005	103910	9.62	0000032768
31	0.0321192	0.000487093	1.01808	1.00671	103339	9.91	0000032768
32	0.0326138	0.000494594	1.01899	1.00854	104085	10.21	0000032768
33	0.033116	0.00050221	1.01762	1.00684	104421	10.52	0000032768
34	0.0336259	0.000509943	1.02208	1.0083	104197	10.81	0000032768
35	0.0341437	0.000517796	1.01976	1.00671	104790	11.12	0000032768
36	0.0346695	0.000525769	1.01871	1.0083	105840	11.42	0000032768
37	0.0352034	0.000533865	1.02033	1.00671	105142	11.72	0000032768
38	0.0357455	0.000542086	1.01706	1.0083	106426	12.03	0000032768
39	0.0362959	0.000550433	1.01355	1.00525	104432	12.33	0000032768
40	0.0368548	0.000558909	1.0085	1.00818	104551	12.63	0000032768
41	0.0374223	0.000567516	1.01623	1.00806	105538	12.93	0000032768
42	0.0379986	0.000576255	1.01058	1.00793	105276	13.24	0000032768
43	0.0385837	0.000585128	1.01734	1.00793	105811	13.53	0000032768
44	0.0391778	0.000594139	1.00885	1.00793	105146	13.83	0000032768
45	0.0397811	0.000603288	1.02207	1.00793	104643	14.12	0000032768
46	0.0403937	0.000612577	1.01173	1.00793	106807	14.43	0000032768
47	0.0410157	0.00062201	1.01882	1.00793	105942	14.74	0000032768
48	0.0416473	0.000631589	1.01337	1.00793	106448	15.04	0000032768
49	0.0422886	0.000641314	1.02316	1.00793	104306	15.34	0000032768
50	0.0429398	0.00065119	1.01026	1.00781	106368	15.64	0000032768
51	0.043601	0.000661217	1.02231	1.00769	105037	15.94	0000032768
52	0.0442724	0.000671399	1.01117	1.00769	106212	16.24	0000032768
53	0.0449542	0.000681738	1.01641	1.00769	104267	16.54	0000032768
54	0.0456464	0.000692235	1.02392	1.00769	104205	16.84	0000032768
55	0.0463493	0.000702895	1.02388	1.00769	103871	17.14	0000032768
56	0.047063	0.000713719	1.01438	1.00769	106160	17.45	0000032768
57	0.0477877	0.000724709	1.02323	1.00769	103807	17.74	0000032768
58	0.0485236	0.000735869	1.01878	1.00757	105709	18.04	0000032768
59	0.0492708	0.0007472	1.02363	1.00769	105984	18.35	0000032768
60	0.0500295	0.000758706	1.0194	1.00745	105342	18.65	0000032768
61	0.0507999	0.000770389	1.02001	1.00745	105329	18.95	0000032768
62	0.0515821	0.000782252	1.01799	1.00745	106273	19.26	0000032768
63	0.0523764	0.000794298	1.0209	1.00757	105541	19.57	0000032768
64	0.053183	0.000806529	1.01632	1.00732	106216	19.88	0000032768
65	0.0540019	0.000818948	1.0226	1.00757	104092	20.17	0000032768
66	0.0548335	0.000831559	1.01622	1.0072	105158	20.47	0000032768
67	0.0556778	0.000844364	1.02178	1.00757	106083	20.78	0000032768
68	0.0565352	0.000857366	1.01315	1.0072	104971	21.07	0000032768
69	0.0574058	0.000870568	1.02253	1.01807	105998	21.36	0000032768
70	0.0582897	0.000883974	1.01848	1.0072	106018	21.67	0000032768
71	0.0591873	0.000897586	1.02271	1.0072	104898	21.97	0000032768
72	0.0600987	0.000911408	1.02112	1.0072	106006	22.26	0000032768
73	0.0610242	0.000925442	1.0232	1.0072	106010	22.56	0000032768
74	0.0619639	0.000939693	1.01947	1.0072	106869	22.86	0000032768
75	0.062918	0.000954163	1.02298	1.00708	104836	23.16	0000032768
76	0.0638869	0.000968856	1.02134	1.00696	105616	23.46	0000032768
77	0.0648707	0.000983775	1.03465	1.01648	104885	23.76	0000032768
78	0.0658696	0.000998924	1.01877	1.00708	105029	24.06	0000032768
79	0.0668839	0.00101431	1.0323	1.01685	104630	24.35	0000032768
80	0.0679138	0.00102992	1.02636	1.00696	105737	24.66	0000032768
81	0.0689596	0.00104578	1.03134	1.01697	104893	24.96	0000032768
82	0.0700215	0.00106189	1.02645	1.00684	105162	25.26	0000032768
83	0.0710997	0.00107824	1.03515	1.01697	106133	25.56	0000032768
84	0.0721946	0.00109484	1.02855	1.0127	107139	25.86	0000032768
85	0.0733063	0.0011117	1.02597	1.01758	106330	26.15	0000032768
86	0.0744351	0.00112882	1.02998	1.0127	106814	26.46	0000032768
87	0.0755813	0.0011462	1.02494	1.01746	107325	26.76	0000032768
88	0.0767451	0.00116385	1.02323	1.01733	106425	27.06	0000032768
89	0.0779269	0.00118178	1.02851	1.01733	106143	27.36	0000032768
90	0.0791269	0.00119997	1.02136	1.01733	107455	27.66	0000032768
91	0.0803453	0.00121845	1.02531	1.01733	105678	27.96	0000032768
92	0.0815826	0.00123721	1.02425	1.01733	106786	28.25	0000032768
93	0.0828388	0.00125627	1.02272	1.01733	108492	28.55	0000032768
94	0.0841144	0.00127561	1.02509	1.01733	107126	28.84	0000032768
95	0.0854097	0.00129525	1.02872	1.01746	107339	29.14	0000032768
96	0.0867249	0.0013152	1.02943	1.01733	106114	29.43	0000032768
97	0.0880603	0.00133545	1.02638	1.01746	108347	29.72	0000032768
98	0.0894164	0.00135601	1.02433	1.01746	108972	30.02	0000032768
99	0.0907932	0.0013769	1.02668	1.01733	108670	30.31	0000032768
100	0.0921913	0.0013981	1.02286	1.01733	109345	30.62	0000032768
101	0.093611	0.00141963	1.02556	1.01758	107450	30.91	0000032768
102	0.0950525	0.00144149	1.02674	1.01758	107830	31.21	0000032768
103	0.0965161	0.00146368	1.02474	1.01746	109101	31.51	0000032768
104	0.0980024	0.00148622	1.02293	1.01758	108694	31.80	0000032768
105	0.0995115	0.00150911	1.02305	1.01758	108867	32.10	0000032768
106	0.101044	0.00153235	1.02101	1.01758	109424	32.39	0000032768
107	0.1026	0.00155594	1.01629	1.02295	110214	32.68	0000032768
108	0.10418	0.0015799	1.02111	1.02307	110339	32.97	0000032768
109	0.105784	0.00160423	1.01892	1.02307	110652	33.26	0000032768
110	0.106595	0.000811356	1.08073	1.02332	4075.98	33.27	0000000001
111	0.107413	0.000817579	1.02309	1.02332	110695	33.56	0000032768
112	0.108237	0.000823849	1.08489	1.02319	6745.36	33.58	0000000002
113	0.109067	0.000830168	1.02748	1.02319	111496	33.86	0000032768
114	0.109903	0.000836536	1.64614	1.02319	4337.74	33.88	0000000003
115	0.110746	0.000842952	1.032	1.02417	111103	34.17	0000032768
116	0.11117	0.000423897	1.12971	1.02417	8157.14	34.19	0000000002
117	0.111596	0.00042552	1.24734	1.02417	13700.1	34.19	0000000004
118	0.112023	0.000427149	1.13739	1.02417	8160.2	34.19	0000000002
119	0.112452	0.000428784	1.03976	1.02417	108502	34.48	0000032768
120	0.112882	0.000430425	1.11335	1.02966	7304.82	34.50	0000000002
121	0.113314	0.000432072	1.32455	1.02966	12261.8	34.50	0000000004
122	0.113748	0.000433726	1.15484	1.02966	6418.24	34.50	0000000002
123	0.114183	0.000435386	1.04599	1.02966	108465	34.79	0000032768
124	0.11462	0.000437053	1.18446	1.02979	14637.6	34.81	0000000004
125	0.115059	0.000438726	1.19706	1.02979	14649.9	34.81	0000000004
126	0.115499	0.000440405	1.18795	1.02979	14718	34.81	0000000004
127	0.115942	0.000442091	1.04482	1.02979	109549	35.10	0000032768
128	0.116385	0.000443783	1.13691	1.02979	8206.81	35.11	0000000002
129	0.116831	0.000445481	1.23482	1.02979	14010.7	35.12	0000000004
130	0.117278	0.000447187	1.43793	1.02979	3553.58	35.12	0000000002
131	0.117727	0.000448898	1.03604	1.02979	111488	35.40	0000032768
132	0.118178	0.000450616	1.29329	1.02576	6090.43	35.42	0000000002
133	0.11863	0.000452341	1.30185	1.02576	13872.9	35.42	0000000004
134	0.119084	0.000454073	1.16024	1.02576	7985.94	35.43	0000000002
135	0.11954	0.000455811	1.02485	1.02576	112568	35.71	0000032768
136	0.120457	0.000916862	1.26504	1.02576	13371.7	35.73	0000000004
137	0.121381	0.000923894	1.02821	1.02576	112430	36.01	0000032768
138	0.122311	0.000930981	1.2682	1.03003	11759.7	36.03	0000000005
139	0.12325	0.000938121	1.03493	1.03003	111280	36.32	0000032768
140	0.124195	0.000945316	1.33883	1.03003	12048.3	36.34	0000000004
141	0.125148	0.000952567	1.04504	1.03003	110209	36.62	0000032768
142	0.126107	0.000959873	1.36704	1.03003	12622.3	36.64	0000000004
143	0.12659	0.000482694	1.11511	1.03003	8141.6	36.64	0000000002
144	0.127075	0.000484541	1.031	1.03577	111998	36.92	0000032768
145	0.127561	0.000486396	1.29315	1.02979	6383.82	36.94	0000000002
146	0.128049	0.000488258	1.33171	1.02979	15875	36.94	0000000005
147	0.128539	0.000490127	1.09641	1.02979	8587.52	36.94	0000000002
148	0.129031	0.000492003	1.01878	1.02991	114379	37.23	0000032768
149	0.129525	0.000493886	1.09535	1.03003	8459.81	37.24	0000000002
150	0.130021	0.000495776	2.1469	1.03003	7089.48	37.25	0000000006
151	0.130519	0.000497674	1.0914	1.03003	8562.67	37.25	0000000002
152	0.131018	0.000499579	1.02276	1.02991	114795	37.54	0000032768
153	0.13152	0.000501491	1.75262	1.03638	3510.05	37.56	0000000003
154	0.132023	0.000503411	1.95331	1.03638	7941.71	37.56	0000000008
155	0.132529	0.000505338	1.29577	1.03638	13227	37.56	0000000004
156	0.133036	0.000507272	1.02322	1.03638	113956	37.85	0000032768
157	0.133545	0.000509213	1.56547	1.03638	3243.91	37.87	0000000002
158	0.134056	0.000511163	1.75881	1.03638	16913.5	37.87	0000000012
159	0.134569	0.000513119	1.62257	1.03638	1656.72	37.88	0000000001
160	0.135084	0.000515083	1.03734	1.03625	111069	38.17	0000032768
161	0.135601	0.000517055	1.36949	1.03601	12263.9	38.19	0000000004
162	0.13612	0.000519034	1.53888	1.03601	28121.9	38.19	0000000014
163	0.136642	0.00052102	1.29506	1.03601	13189.5	38.19	0000000004
164	0.137165	0.000523015	1.03516	1.03601	111056	38.48	0000032768
165	0.13769	0.000525017	1.35215	1.03601	15596.3	38.50	0000000005
166	0.138217	0.000527026	1.52047	1.03601	30882.6	38.50	0000000017
167	0.138746	0.000529043	1.40261	1.03601	17494.3	38.50	0000000006
168	0.139277	0.000531068	1.022	1.03589	113291	38.79	0000032768
169	0.13981	0.000533101	1.37744	1.03589	18350.2	38.81	0000000006
170	0.140345	0.000535142	1.50758	1.03589	31855.5	38.82	0000000015
171	0.140882	0.00053719	1.36889	1.03589	18363.7	38.82	0000000006
172	0.141421	0.000539246	1.02624	1.03589	113835	39.11	0000032768
173	0.141963	0.00054131	1.39632	1.04187	18076.9	39.13	0000000009
174	0.142506	0.000543382	1.60293	1.04187	28730.8	39.13	0000000015
175	0.143052	0.000545462	1.34424	1.04187	26037.6	39.13	0000000010
176	0.143599	0.00054755	1.0205	1.03589	113408	39.43	0000032768
177	0.144149	0.000549646	1.60079	1.04199	9250.31	39.45	0000000008
178	0.1447	0.00055175	1.76886	1.04199	26511	39.45	0000000018
179	0.145254	0.000553862	1.4846	1.04199	12562.3	39.45	0000000008
180	0.14581	0.000555981	1.04184	1.04187	109890	39.75	0000032768
181	0.146368	0.00055811	1.35183	1.04175	11020.1	39.76	0000000007
182	0.146929	0.000560246	1.79248	1.04175	31221.4	39.77	0000000025
183	0.147491	0.00056239	1.07959	1.04175	20629.9	39.77	0000000006
184	0.148056	0.000564543	1.03653	1.04163	110620	40.06	0000032768
185	0.148622	0.000566704	1.09809	1.04224	17580.9	40.08	0000000005
186	0.149191	0.000568873	1.74437	1.04224	37151.7	40.08	0000000031
187	0.149762	0.00057105	1.23349	1.04224	16149.9	40.09	0000000005
188	0.150335	0.000573236	1.02688	1.04211	111884	40.39	0000032768
189	0.150911	0.00057543	1.18262	1.04822	19197.3	40.41	0000000006
190	0.151489	0.000577633	1.76458	1.04822	38058.2	40.41	0000000038
191	0.152068	0.000579844	1.2393	1.04822	21138.7	40.41	0000000006
192	0.15265	0.000582063	1.03874	1.0481	109918	40.71	0000032768
193	0.153235	0.000584291	1.8539	1.0481	11750.9	40.73	0000000009
194	0.153821	0.000586528	1.80786	1.0481	36680.9	40.74	0000000051
195	0.15441	0.000588773	1.58788	1.0481	31973.4	40.74	0000000016
196	0.155001	0.000591026	1.0401	1.04773	109049	41.04	0000032768
197	0.155594	0.000593288	1.81423	1.04773	16296.7	41.06	0000000016
198	0.15619	0.000595559	1.77298	1.04773	30168.2	41.07	0000000056
199	0.156788	0.000597839	1.44111	1.04773	33086	41.07	0000000014
200	0.157388	0.000600127	1.0371	1.04761	109986	41.37	0000032768
201	0.15799	0.000602424	1.54533	1.04749	38276.3	41.39	0000000020
202	0.158595	0.00060473	1.85119	1.04749	42699.7	41.40	0000000066
203	0.159202	0.000607045	1.62544	1.04749	39349.7	41.40	0000000024
204	0.159811	0.000609368	1.03703	1.05286	111593	41.71	0000032768
205	0.160423	0.000611701	1.60298	1.05286	40972.3	41.72	0000000028
206	0.161037	0.000614042	1.92286	1.05286	42440.4	41.73	0000000075
207	0.161654	0.000616393	1.56808	1.05286	39165.8	41.73	0000000025
208	0.162272	0.000618752	1.02835	1.05273	111108	42.04	0000032768
209	0.162893	0.00062112	1.72861	1.05249	25745.8	42.05	0000000031
210	0.163517	0.000623498	1.83551	1.05249	40546.7	42.06	0000000083
211	0.164143	0.000625884	1.61371	1.05249	31903.1	42.06	0000000036
212	0.164771	0.00062828	1.05178	1.05225	107326	42.37	0000032768
213	0.165402	0.000630685	1.1869	1.05225	42296.1	42.39	0000000038
214	0.166035	0.000633099	1.63732	1.05225	48635.3	42.39	0000000100
215	0.16667	0.000635522	1.57266	1.05225	47176.4	42.40	0000000038
216	0.167308	0.000637955	1.0414	1.05823	109311	42.70	0000032768
217	0.167949	0.000640396	1.52915	1.05811	42890.9	42.72	0000000027
218	0.168592	0.000642848	1.8722	1.05811	45209	42.72	0000000114
219	0.169237	0.000645308	1.41342	1.05811	39089.9	42.73	0000000029
220	0.169885	0.000647778	1.03175	1.0575	110905	43.03	0000032768
221	0.170535	0.000650258	1.67774	1.05725	39461.5	43.05	0000000031
222	0.171188	0.000652747	1.91487	1.05725	44988.5	43.06	0000000132
223	0.171843	0.000655245	1.77939	1.05725	42094.2	43.06	0000000037
224	0.172501	0.000657753	1.04546	1.05688	107735	43.37	0000032768
225	0.173161	0.000660271	1.46046	1.06018	47095.2	43.39	0000000035
226	0.173824	0.000662798	1.88851	1.06018	47066.5	43.39	0000000156
227	0.174489	0.000665335	1.35097	1.06018	56461.2	43.39	0000000033
228	0.175157	0.000667882	1.05005	1.05688	106688	43.70	0000032768
229	0.175827	0.000670438	1.45465	1.06006	59216.4	43.72	0000000045
230	0.1765	0.000673004	2.01161	1.06006	42831.3	43.73	0000000176
231	0.177176	0.00067558	1.14669	1.06006	58800.2	43.73	0000000054
232	0.177854	0.000678166	1.02643	1.06201	111526	44.03	0000032768
233	0.178535	0.000680762	1.5075	1.06604	61911.6	44.05	0000000059
234	0.179218	0.000683368	1.83624	1.06604	48532.8	44.06	0000000195
235	0.179904	0.000685983	1.3825	1.06604	66326.8	44.06	0000000055
236	0.180593	0.000688609	1.03509	1.0658	111069	44.36	0000032768
237	0.181284	0.000691245	1.74792	1.06567	38888.2	44.38	0000000055
238	0.181978	0.000693891	1.96523	1.06567	42430.4	44.39	0000000213
239	0.182675	0.000696547	1.40212	1.06567	42918.2	44.39	0000000066
240	0.183374	0.000699213	1.03573	1.06555	109737	44.69	0000032768
241	0.184076	0.000701889	1.80138	1.07092	39702.6	44.71	0000000067
242	0.18478	0.000704576	1.86808	1.07092	45393.2	44.72	0000000237
243	0.185488	0.000707273	1.72315	1.07092	41829.2	44.72	0000000064
244	0.186197	0.00070998	1.04502	1.07056	109407	45.03	0000032768
245	0.18691	0.000712697	1.79838	1.06506	46867.1	45.05	0000000074
246	0.187626	0.000715425	1.7923	1.06506	49809.2	45.05	0000000277
247	0.188344	0.000718164	1.89835	1.06506	49783.2	45.05	0000000077
248	0.189065	0.000720913	1.02987	1.06458	112118	45.36	0000032768
249	0.189788	0.000723672	1.97947	1.06433	44770.8	45.38	0000000085
250	0.190515	0.000726442	1.75289	1.06433	48964.9	45.38	0000000316
251	0.191244	0.000729222	2.05116	1.06433	42913.7	45.38	0000000086
252	0.191976	0.000732014	1.03356	1.06409	109452	45.69	0000032768
253	0.192711	0.000734816	1.95838	1.07007	37151.1	45.71	0000000086
254	0.193448	0.000737628	1.64409	1.07007	50451.7	45.72	0000000349
255	0.194189	0.000740451	1.84713	1.07007	50456.7	45.72	0000000098
256	0.194932	0.000743286	1.05819	1.06934	105545	46.03	0000032768
257	0.195678	0.000746131	1.67114	1.0741	57119.8	46.06	0000000102
258	0.196427	0.000748987	1.77315	1.0741	51316.3	46.06	0000000390
259	0.196803	0.000375568	1.06347	1.0741	4643.56	46.06	0000000001
260	0.197179	0.000376286	1.64268	1.0741	60601.6	46.06	0000000116
261	0.197556	0.000377005	1.16761	1.0741	12548.1	46.07	0000000003
262	0.197934	0.000377726	1.04659	1.06641	108130	46.38	0000032768
263	0.198312	0.000378448	1.33022	1.06812	17435.5	46.39	0000000005
264	0.198692	0.000379172	1.53453	1.06812	67752.5	46.40	0000000129
265	0.199071	0.000379897	1.43978	1.06812	15916	46.40	0000000006
266	0.199452	0.000380623	1.74678	1.06812	52172.6	46.40	0000000437
267	0.199833	0.000381351	1.59412	1.06812	14344.6	46.41	0000000006
268	0.200215	0.00038208	1.39248	1.06812	72421.8	46.43	0000000133
269	0.200598	0.000382811	1.31653	1.06812	17367.6	46.43	0000000005
270	0.200982	0.000383543	1.03618	1.06775	110125	46.73	0000032768
271	0.201366	0.000384276	1.46319	1.07349	18497.1	46.75	0000000006
272	0.201751	0.000385011	1.33082	1.07349	72896.7	46.76	0000000145
273	0.202137	0.000385747	1.3284	1.07349	16811.5	46.76	0000000005
274	0.202523	0.000386484	1.79299	1.07349	50477.6	46.76	0000000481
275	0.202911	0.000387223	1.47837	1.07349	6780.15	46.77	0000000003
276	0.203299	0.000387964	1.39435	1.07349	62050.2	46.77	0000000147
277	0.203687	0.000388705	1.37381	1.07349	2146.18	46.77	0000000001
278	0.204077	0.000389449	1.05926	1.07288	105988	47.08	0000032768
279	0.204858	0.000781133	1.50864	1.07751	57325.1	47.10	0000000144
280	0.20525	0.000391687	1.07039	1.07751	4246.57	47.10	0000000001
281	0.205642	0.000392436	1.74426	1.07751	50954.8	47.11	0000000544
282	0.206035	0.000393186	1.05735	1.07751	4499.07	47.11	0000000001
283	0.206429	0.000393938	1.51821	1.07751	63359.3	47.11	0000000160
284	0.206824	0.000394691	1.0732	1.07751	12653.3	47.12	0000000003
285	0.207219	0.000395446	1.0488	1.07581	108811	47.42	0000032768
286	0.207615	0.000396202	1.20913	1.06934	11779.1	47.44	0000000003
287	0.208012	0.000396959	1.62914	1.06934	60794	47.44	0000000171
288	0.20841	0.000397718	1.21389	1.06934	11493	47.45	0000000003
289	0.208809	0.000398479	1.72102	1.06934	52501.7	47.45	0000000598
290	0.209208	0.000399241	1.03283	1.06934	8477.74	47.45	0000000002
291	0.209608	0.000400004	1.68482	1.06934	60520	47.46	0000000189
292	0.210009	0.000400769	1.11396	1.06934	11800.6	47.46	0000000003
293	0.21041	0.000401535	1.04078	1.0686	108582	47.77	0000032768
294	0.210812	0.000402303	1.07873	1.0769	14723.4	47.79	0000000004
295	0.211216	0.000403072	1.49036	1.0769	61905.5	47.79	0000000197
296	0.211619	0.000403843	1.04198	1.0769	25193.4	47.80	0000000008
297	0.212024	0.000404615	1.69238	1.0769	53425.1	47.80	0000000664
298	0.212429	0.000405388	1.40044	1.0769	14571.7	47.80	0000000009
299	0.212836	0.000406163	1.737	1.0769	54881.9	47.81	0000000206
300	0.213242	0.00040694	1.1705	1.0769	8714.23	47.81	0000000007
301	0.21365	0.000407718	1.06105	1.07617	105985	48.12	0000032768
302	0.214059	0.000408498	1.24781	1.07617	21909.6	48.14	0000000008
303	0.214468	0.000409279	1.61135	1.07617	61196.5	48.14	0000000211
304	0.214878	0.000410061	1.14744	1.07617	25153.4	48.15	0000000008
305	0.215289	0.000410845	1.66161	1.07617	55027.4	48.15	0000000718
306	0.2157	0.000411631	1.18565	1.07617	28623	48.15	0000000009
307	0.216113	0.000412418	1.47846	1.07617	70744.7	48.16	0000000223
308	0.216526	0.000413206	1.30099	1.07617	30913.5	48.16	0000000011
309	0.21694	0.000413996	1.05272	1.07617	106860	48.47	0000032768
310	0.217355	0.000414788	1.3469	1.07593	25244	48.49	0000000009
311	0.21777	0.000415581	1.32599	1.07593	70573.6	48.49	0000000233
312	0.218187	0.000416376	1.31511	1.07593	24689.2	48.49	0000000009
313	0.218604	0.000417172	1.67224	1.07593	56572	48.50	0000000776
314	0.219022	0.000417969	1.23146	1.07593	20105.9	48.50	0000000006
315	0.219441	0.000418769	1.4547	1.07593	68937.9	48.51	0000000229
316	0.21986	0.000419569	1.33333	1.07593	25248.8	48.51	0000000009
317	0.220281	0.000420371	1.04191	1.07593	109005	48.82	0000032768
318	0.220702	0.000421175	1.36037	1.07593	22807.4	48.84	0000000009
319	0.221124	0.00042198	1.45572	1.07593	67408.6	48.84	0000000241
320	0.221547	0.000422787	1.41551	1.07593	18201.5	48.85	0000000009
321	0.22197	0.000423596	1.66488	1.07593	54216.7	48.85	0000000851
322	0.222395	0.000424406	1.62741	1.07593	11666.4	48.86	0000000010
323	0.22282	0.000425217	1.31316	1.07593	71083.4	48.86	0000000244
324	0.223246	0.00042603	1.61198	1.07593	14256.3	48.86	0000000010
325	0.223673	0.000426845	1.06565	1.07532	105430	49.17	0000032768
326	0.2241	0.000427661	1.29986	1.06335	25357.8	49.19	0000000010
327	0.224529	0.000428478	1.27723	1.06335	81118.5	49.19	0000000268
328	0.224958	0.000429298	1.34304	1.06335	30249.4	49.19	0000000013
329	0.225388	0.000430118	1.61688	1.06335	57287.2	49.20	0000000948
330	0.225819	0.000430941	1.39761	1.06335	33128.3	49.20	0000000017
331	0.226251	0.000431765	1.35994	1.06335	79142	49.21	0000000277
332	0.226684	0.00043259	1.85961	1.06335	16313.3	49.21	0000000013
333	0.227117	0.000433417	1.04285	1.06018	109297	49.49	0000032768
334	0.227551	0.000434246	1.42289	1.06018	28050.5	49.51	0000000014
335	0.227986	0.000435076	1.26834	1.06018	85379.8	49.51	0000000279
336	0.228422	0.000435908	1.87044	1.06018	19461.1	49.52	0000000015
337	0.228859	0.000436742	1.60471	1.06018	60275.8	49.52	0000001043
338	0.229297	0.000437577	1.3156	1.06018	29166.1	49.53	0000000012
339	0.229735	0.000438413	1.3024	1.06018	80994.2	49.53	0000000301
340	0.230174	0.000439252	1.30368	1.06018	29280.6	49.53	0000000013
341	0.230614	0.000440091	1.04608	1.06384	107320	49.92	0000032768
342	0.231055	0.000440933	1.24639	1.05896	13033.7	49.94	0000000012
343	0.231497	0.000441776	1.29534	1.05896	72407.6	49.94	0000000313
344	0.23194	0.000442621	1.64162	1.05896	17853.1	49.94	0000000012
345	0.232383	0.000443467	1.58377	1.05896	58931.7	49.95	0000001141
346	0.232827	0.000444315	1.5173	1.05896	25330.3	49.95	0000000013
347	0.233273	0.000445164	1.36181	1.05896	79788	49.96	0000000351
348	0.233719	0.000446016	1.15652	1.05896	33341.9	49.96	0000000013
349	0.234165	0.000446868	1.05516	1.0592	108215	50.24	0000032768
350	0.234613	0.000447723	1.14281	1.05908	31414.9	50.26	0000000011
351	0.235062	0.000448579	1.35281	1.05908	82961.5	50.26	0000000383
352	0.235511	0.000449436	1.19207	1.05908	21633	50.27	0000000007
353	0.235962	0.000450296	1.59591	1.05908	60194.9	50.27	0000001239
354	0.236413	0.000451157	1.16415	1.05908	14411.7	50.28	0000000004
355	0.236865	0.000452019	1.38409	1.05908	76778.2	50.28	0000000379
356	0.237318	0.000452884	1.12364	1.05908	11286.7	50.28	0000000003
357	0.237771	0.00045375	1.05367	1.06531	109315	50.56	0000032768
358	0.238226	0.000454617	1.1011	1.06519	11388.7	50.58	0000000003
359	0.238681	0.000455486	1.37707	1.06519	76366.7	50.58	0000000389
360	0.239138	0.000456357	1.0653	1.06519	12033.7	50.59	0000000003
361	0.239595	0.00045723	1.60713	1.06519	58685	50.60	0000001372
362	0.240053	0.000458104	1.46101	1.06519	8780.5	50.60	0000000006
363	0.240512	0.00045898	1.52845	1.06519	63015	50.60	0000000414
364	0.240972	0.000459857	1.48454	1.06519	10984.5	50.60	0000000008
365	0.241433	0.000460737	1.04882	1.06531	109784	50.88	0000032768
366	0.241894	0.000461618	1.18913	1.07056	27457.4	50.90	0000000010
367	0.242357	0.0004625	1.34992	1.07056	79257.1	50.90	0000000434
368	0.24282	0.000463385	1.28437	1.07056	33106.3	50.91	0000000014
369	0.243284	0.00046427	1.53833	1.07056	60111.8	50.91	0000001498
370	0.24375	0.000465158	1.3779	1.07056	24038	50.92	0000000014
371	0.244216	0.000466048	1.37014	1.07056	75653.7	50.92	0000000436
372	0.244683	0.000466939	1.41202	1.07056	20910.4	50.92	0000000014
373	0.24515	0.000467831	1.07288	1.0697	104423	51.21	0000032768
374	0.245619	0.000468726	1.19344	1.0697	31202	51.23	0000000016
375	0.246089	0.000469622	1.28763	1.0697	76835.7	51.23	0000000426
376	0.246559	0.00047052	1.45472	1.0697	31757.1	51.23	0000000015
377	0.247031	0.00047142	1.55323	1.0697	60479.4	51.24	0000001602
378	0.247503	0.000472321	1.41971	1.0697	26056.4	51.24	0000000012
379	0.247976	0.000473224	1.34449	1.0697	78911	51.25	0000000438
380	0.24845	0.000474129	1.49689	1.0697	27207.3	51.25	0000000014
381	0.248925	0.000475035	1.05867	1.06873	105966	51.53	0000032768
382	0.249401	0.000475944	1.48078	1.06873	26528.8	51.55	0000000014
383	0.249878	0.000476854	1.27188	1.06873	82196.2	51.55	0000000462
384	0.250356	0.000477765	1.48229	1.06873	31495.2	51.55	0000000017
385	0.250835	0.000478679	1.54677	1.06873	61548.4	51.56	0000001724
386	0.251314	0.000479594	1.50129	1.06873	31010.2	51.57	0000000016
387	0.251795	0.000480511	1.28851	1.06873	83343.5	51.57	0000000502
388	0.252276	0.00048143	1.46477	1.06873	28559.3	51.57	0000000017
389	0.252759	0.00048235	1.04902	1.06799	108252	51.85	0000032768
390	0.253242	0.000483273	1.48114	1.06775	31326.9	51.87	0000000017
391	0.253726	0.000484197	1.29028	1.06775	82140.5	51.87	0000000520
392	0.254211	0.000485122	1.43674	1.06775	36173.5	51.88	0000000021
393	0.254697	0.00048605	1.48057	1.06775	64054.5	51.89	0000001863
394	0.255184	0.000486979	1.46483	1.06775	33453.3	51.89	0000000019
395	0.255672	0.00048791	1.30693	1.06775	79669.8	51.89	0000000551
396	0.256161	0.000488843	1.53396	1.06775	35105.9	51.90	0000000023
397	0.256651	0.000489778	1.07625	1.0835	104187	52.18	0000032768
398	0.257141	0.000490714	1.70231	1.08337	24391.9	52.20	0000000025
399	0.257633	0.000491653	1.26614	1.08337	80835.2	52.20	0000000579
400	0.258126	0.000492593	2.00125	1.08337	17393.7	52.20	0000000026
401	0.258619	0.000493534	1.41107	1.08337	65530.5	52.21	0000001991
402	0.259114	0.000494478	1.56194	1.08337	34100.6	52.22	0000000028
403	0.259609	0.000495424	1.32181	1.08337	80186.6	52.22	0000000598
404	0.260105	0.000496371	1.35703	1.08337	43458.3	52.22	0000000034
405	0.260603	0.00049732	1.05924	1.08386	106739	52.50	0000032768
406	0.261101	0.000498271	1.46819	1.08398	33924.1	52.52	0000000038
407	0.2616	0.000499223	1.29556	1.08398	78413.5	52.53	0000000625
408	0.2621	0.000500178	1.44932	1.08398	32629.8	52.53	0000000039
409	0.262602	0.000501134	1.42018	1.08398	66678.8	52.54	0000002102
410	0.263104	0.000502092	1.49654	1.08398	45400.1	52.54	0000000042
411	0.263607	0.000503052	1.37335	1.08386	81143	52.57	0000000641
412	0.264111	0.000504014	1.46546	1.08386	45780.5	52.57	0000000038
413	0.264616	0.000504978	1.0553	1.06653	107519	52.85	0000032768
414	0.265122	0.000505943	1.38301	1.08337	52217.7	52.87	0000000048
415	0.265629	0.000506911	1.3029	1.08337	82355.8	52.87	0000000670
416	0.266136	0.00050788	1.42719	1.08337	48757.6	52.87	0000000052
417	0.266645	0.000508851	1.42768	1.08337	68220	52.88	0000002244
418	0.267155	0.000509824	1.27728	1.08337	60151.2	52.89	0000000058
419	0.267666	0.000510799	1.30302	1.0824	86920.2	52.91	0000000709
420	0.268178	0.000511775	1.35437	1.0824	53292	52.91	0000000052
421	0.26869	0.000512754	1.05587	1.08179	108461	53.19	0000032768
422	0.269204	0.000513734	1.39486	1.08179	49258.3	53.21	0000000049
423	0.269719	0.000514717	1.29572	1.08179	82748.4	53.22	0000000743
424	0.270235	0.000515701	1.35763	1.08179	55109	53.22	0000000060
425	0.270751	0.000516687	1.38016	1.08179	67703.5	53.23	0000002396
426	0.271269	0.000517675	1.26984	1.08179	56014.2	53.24	0000000064
427	0.271788	0.000518664	1.33031	1.08142	80491.2	53.26	0000000768
428	0.272307	0.000519656	1.22208	1.08142	61970.3	53.26	0000000068
429	0.272828	0.00052065	1.05621	1.06506	106057	53.54	0000032768
430	0.27335	0.000521645	1.18621	1.0813	45870.5	53.56	0000000071
431	0.273872	0.000522643	1.27795	1.0813	84121.9	53.57	0000000796
432	0.274396	0.000523642	1.41723	1.0813	40693.4	53.57	0000000059
433	0.274921	0.000524643	1.36791	1.08069	70865.3	53.60	0000002585
434	0.275446	0.000525646	1.42181	1.08069	50324.8	53.60	0000000055
435	0.275973	0.000526651	1.32198	1.08069	83115.1	53.61	0000000809
436	0.2765	0.000527658	1.49756	1.08069	48143.2	53.61	0000000052
437	0.277029	0.000528667	1.05535	1.07971	107083	53.89	0000032768
438	0.277559	0.000529678	1.57726	1.07983	43877.4	53.91	0000000045
439	0.27809	0.000530691	1.28632	1.07983	84241.9	53.92	0000000841
440	0.278621	0.000531705	1.72326	1.07983	38640.3	53.92	0000000039
441	0.279154	0.000532722	1.36619	1.0791	71570.6	53.95	0000002774
442	0.279688	0.00053374	1.65588	1.0791	38325.4	53.95	0000000037
443	0.280222	0.000534761	1.32647	1.0791	82043.1	53.96	0000000854
444	0.280758	0.000535783	1.30505	1.0791	46651.8	53.96	0000000040
445	0.281295	0.000536808	1.0606	1.07947	107182	54.24	0000032768
446	0.281833	0.000537834	1.33336	1.07947	32286	54.26	0000000042
447	0.282372	0.000538862	1.33393	1.07947	76350.5	54.27	0000000869
448	0.282912	0.000539893	1.48427	1.07947	38404.9	54.27	0000000043
449	0.283453	0.000540925	1.33525	1.0791	70870.7	54.30	0000002962
450	0.283995	0.000541959	1.44966	1.0791	44334.9	54.30	0000000042
451	0.284538	0.000542996	1.36471	1.0791	76720.8	54.31	0000000875
452	0.285082	0.000544034	1.27058	1.0791	39419.5	54.31	0000000043
453	0.285627	0.000545074	1.07182	1.07935	103703	54.59	0000032768
454	0.286173	0.000546116	1.51917	1.07959	43225.4	54.61	0000000039
455	0.28672	0.00054716	1.37338	1.07959	77201.2	54.62	0000000901
456	0.287268	0.000548206	1.57962	1.07959	30701.7	54.62	0000000040
457	0.287817	0.000549255	1.32003	1.07971	72574.5	54.65	0000003166
458	0.288368	0.000550305	1.31919	1.07971	55500.1	54.65	0000000048
459	0.288919	0.000551357	1.35719	1.07971	77889.2	54.66	0000000931
460	0.289471	0.000552411	1.38267	1.07971	48387.6	54.66	0000000041
461	0.290025	0.000553467	1.06173	1.07935	105865	54.95	0000032768
462	0.290579	0.000554526	1.56928	1.11169	46900.5	54.97	0000000046
463	0.291135	0.000555586	1.3105	1.11169	81309.2	54.97	0000000952
464	0.291692	0.000556648	1.48761	1.11169	54388.7	54.98	0000000059
465	0.292249	0.000557712	1.21982	1.11145	78725.8	55.01	0000003353
466	0.292808	0.000558779	1.53814	1.11145	47199.5	55.01	0000000051
467	0.293368	0.000559847	1.29511	1.11145	80785.4	55.02	0000000966
468	0.293929	0.000560918	1.59786	1.11145	47876.8	55.02	0000000052
469	0.294491	0.00056199	1.10648	1.11096	100892	55.31	0000032768
470	0.295054	0.000563065	1.38189	1.11072	51299.7	55.33	0000000055
471	0.295618	0.000564141	1.25301	1.11072	82666	55.33	0000001040
472	0.296183	0.00056522	1.32758	1.11072	53008.2	55.34	0000000047
473	0.29675	0.0005663	1.21931	1.11072	77316.9	55.37	0000003526
474	0.297317	0.000567383	1.50206	1.11072	46665.6	55.37	0000000050
475	0.297885	0.000568468	1.24146	1.11072	85385.4	55.38	0000001089
476	0.298455	0.000569555	1.6126	1.11072	44565.6	55.38	0000000047
477	0.299026	0.000570644	1.09956	1.11047	101066	55.67	0000032768
478	0.299597	0.000571735	1.53309	1.1106	45858.6	55.69	0000000041
479	0.30017	0.000572828	1.19251	1.1106	87979.3	55.69	0000001152
480	0.300744	0.000573923	1.45448	1.1106	44375.9	55.70	0000000045
481	0.301319	0.000575021	1.22777	1.11072	78112.4	55.73	0000003731
482	0.301895	0.00057612	1.54622	1.11072	34119.5	55.73	0000000044
483	0.302473	0.000577222	1.2087	1.11072	86287.8	55.74	0000001208
484	0.303051	0.000578325	1.3562	1.11072	48890.5	55.74	0000000041
485	0.30363	0.000579431	1.08398	1.11072	104419	56.03	0000032768
486	0.304211	0.000580539	1.63385	1.11108	38871.1	56.05	0000000048
487	0.304792	0.000581649	1.20629	1.11108	86926.9	56.05	0000001222
488	0.305375	0.000582761	1.52162	1.11108	48919.1	56.06	0000000056
489	0.305959	0.000583875	1.22661	1.11108	78116.4	56.09	0000003932
490	0.306544	0.000584992	1.51389	1.11108	43385.6	56.09	0000000060
491	0.30713	0.00058611	1.22116	1.11108	83737.7	56.10	0000001252
492	0.307717	0.000587231	1.53817	1.11108	38118.3	56.10	0000000058
493	0.308306	0.000588354	1.10442	1.11096	101878	56.39	0000032768
494	0.308895	0.000589479	1.52545	1.12122	43880.1	56.41	0000000053
495	0.309486	0.000590606	1.25273	1.12122	82555.9	56.42	0000001288
496	0.310078	0.000591735	1.44878	1.12122	45895.6	56.42	0000000049
497	0.31067	0.000592866	1.20053	1.12036	81134.2	56.45	0000004145
498	0.311264	0.000594	1.53991	1.12036	44536.8	56.46	0000000051
499	0.31186	0.000595135	1.33617	1.12036	79607.2	56.46	0000001319
500	0.312456	0.000596273	1.43459	1.12036	50536.2	56.47	0000000054
501	0.313053	0.000597413	1.09946	1.12073	103658	56.75	0000032768
502	0.313652	0.000598556	1.43909	1.12073	51830.7	56.77	0000000063
503	0.314252	0.0005997	1.32412	1.12073	78892.9	56.78	0000001333
504	0.314852	0.000600847	1.43407	1.12073	52567.7	56.78	0000000062
505	0.315454	0.000601996	1.15578	1.12036	82226.6	56.82	0000004375
506	0.316058	0.000603147	1.48092	1.12036	43203.1	56.82	0000000073
507	0.316662	0.0006043	1.34705	1.12036	76790.9	56.83	0000001342
508	0.317267	0.000605455	1.4609	1.12036	56789.8	56.83	0000000080
509	0.317874	0.000606613	1.10339	1.12036	102541	57.12	0000032768
510	0.318482	0.000607773	1.50723	1.12598	41798.3	57.14	0000000078
511	0.319091	0.000608935	1.31522	1.12598	75750.2	57.14	0000001355
512	0.319701	0.000610099	1.47616	1.12598	45332.2	57.15	0000000084
513	0.320312	0.000611266	1.12216	1.12585	84623.6	57.19	0000004584
514	0.320924	0.000612434	1.58732	1.12585	42741.2	57.19	0000000080
515	0.321538	0.000613605	1.27824	1.12585	78857.1	57.20	0000001405
516	0.322153	0.000614778	1.46867	1.12585	53024.8	57.20	0000000083
517	0.322769	0.000615954	1.11667	1.125	101451	57.48	0000032768
518	0.323386	0.000617132	1.51728	1.1189	54989.3	57.51	0000000092
519	0.324004	0.000618312	1.29323	1.1189	80713.6	57.51	0000001466
520	0.324624	0.000619494	1.43907	1.1189	53096.8	57.52	0000000089
521	0.325244	0.000620678	1.14248	1.11877	85735.1	57.55	0000004825
522	0.325866	0.000621865	1.52229	1.11877	49191.5	57.55	0000000096
523	0.326489	0.000623054	1.24412	1.11877	82846.9	57.56	0000001526
524	0.327114	0.000624245	1.53004	1.11877	55616.8	57.56	0000000096
525	0.327739	0.000625439	1.10577	1.11938	104087	57.85	0000032768
526	0.328366	0.000626635	1.57096	1.11926	50542.7	57.87	0000000093
527	0.328993	0.000627833	1.26591	1.11926	81898.7	57.88	0000001601
528	0.329622	0.000629033	1.51566	1.11926	55110.7	57.88	0000000106
529	0.330253	0.000630236	1.12082	1.11902	85623.5	57.92	0000005038
530	0.330884	0.000631441	1.50156	1.11902	53195.7	57.92	0000000111
531	0.331517	0.000632648	1.26884	1.11902	82094.8	57.93	0000001651
532	0.332151	0.000633858	1.5191	1.11902	54113.8	57.93	0000000119
533	0.332786	0.00063507	1.138	1.15332	98967.9	58.22	0000032768
534	0.333422	0.000636284	1.58685	1.1532	48300.3	58.24	0000000131
535	0.33406	0.000637501	1.24449	1.1532	83464.1	58.25	0000001682
536	0.334698	0.000638719	1.57945	1.1532	50776.8	58.25	0000000133
537	0.335338	0.000639941	1.08788	1.14612	89838.9	58.29	0000005247
538	0.335979	0.000641164	1.60131	1.14612	53718.3	58.29	0000000144
539	0.336622	0.00064239	1.2133	1.14612	86496.6	58.30	0000001751
540	0.337265	0.000643618	1.46505	1.14612	54634.7	58.30	0000000158
541	0.33791	0.000644849	1.11341	1.14502	102849	58.59	0000032768
542	0.338556	0.000646082	1.66165	1.15186	54366.7	58.61	0000000155
543	0.339204	0.000647317	1.22787	1.15186	84698	58.62	0000001816
544	0.339852	0.000648555	1.76958	1.15186	51518.5	58.62	0000000169
545	0.340502	0.000649795	1.10152	1.15088	88423.3	58.66	0000005485
546	0.341153	0.000651037	1.71051	1.15088	53914.4	58.66	0000000172
547	0.341805	0.000652282	1.21395	1.15088	84813.3	58.67	0000001879
548	0.342459	0.000653529	1.67031	1.15088	54129.8	58.67	0000000160
549	0.343114	0.000654779	1.13258	1.15027	99911.3	58.96	0000032768
550	0.34377	0.000656031	1.74724	1.14978	52224.6	58.98	0000000158
551	0.344427	0.000657285	1.19093	1.14978	86388.9	58.99	0000001908
552	0.345085	0.000658542	1.51056	1.14978	57269.1	58.99	0000000169
553	0.345745	0.000659801	1.06925	1.14954	90471.6	59.03	0000005717
554	0.346406	0.000661062	1.43183	1.14954	63939.5	59.03	0000000157
555	0.347069	0.000662326	1.23041	1.14954	84915.8	59.04	0000001938
556	0.347732	0.000663593	1.42558	1.14954	62455.3	59.04	0000000165
557	0.348397	0.000664862	1.12467	1.14844	102198	59.33	0000032768
558	0.349063	0.000666133	1.51727	1.14819	59841.7	59.35	0000000168
559	0.349731	0.000667406	1.20975	1.14819	85791	59.36	0000001975
560	0.350399	0.000668682	1.51927	1.14819	57945.9	59.36	0000000159
561	0.351069	0.000669961	1.06248	1.14771	89975.1	59.40	0000005949
562	0.35174	0.000671242	1.47289	1.14771	57615.8	59.40	0000000164
563	0.352413	0.000672525	1.20069	1.14771	83315.6	59.41	0000002061
564	0.353087	0.000673811	1.44788	1.14771	63619	59.42	0000000162
565	0.353762	0.0006751	1.11535	1.14685	103673	59.70	0000032768
566	0.354438	0.00067639	1.34531	1.15735	71509.8	59.72	0000000156
567	0.355116	0.000677684	1.17042	1.15735	87639.8	59.73	0000002120
568	0.355795	0.000678979	1.34029	1.15735	71024	59.73	0000000165
569	0.356475	0.000680278	1.05039	1.15723	89624.7	59.77	0000006182
570	0.357157	0.000681578	1.27823	1.15723	68480.8	59.77	0000000189
571	0.35784	0.000682881	1.18235	1.15723	85985	59.78	0000002135
572	0.358524	0.000684187	1.35981	1.15723	71714.9	59.79	0000000188
573	0.359209	0.000685495	1.15291	1.15735	98101.4	60.07	0000032768
574	0.359896	0.000686806	1.4409	1.15784	67516.5	60.10	0000000188
575	0.360584	0.000688119	1.16896	1.15784	87646.8	60.10	0000002156
576	0.361274	0.000689435	1.42535	1.15784	68038	60.11	0000000178
577	0.361965	0.000690753	1.06526	1.15747	90832.6	60.15	0000006367
578	0.362657	0.000692074	1.36559	1.15747	68428.9	60.15	0000000186
579	0.36335	0.000693397	1.17942	1.15747	85962.9	60.16	0000002193
580	0.364045	0.000694723	1.30063	1.15747	65874.8	60.16	0000000183
581	0.364741	0.000696051	1.12921	1.15698	101971	60.45	0000032768
582	0.365438	0.000697382	1.35348	1.16589	65938.3	60.47	0000000191
583	0.366137	0.000698715	1.1745	1.16589	87583.7	60.48	0000002240
584	0.366837	0.000700051	1.3738	1.16589	68808.7	60.48	0000000196
585	0.367538	0.00070139	1.04481	1.15686	91360.3	60.53	0000006558
586	0.368241	0.000702731	1.39739	1.15686	68473.6	60.53	0000000210
587	0.368945	0.000704074	1.15376	1.15686	85122.7	60.54	0000002255
588	0.369651	0.00070542	1.38636	1.15686	57764.6	60.54	0000000218
589	0.370357	0.000706769	1.13181	1.16565	100854	60.83	0000032768
590	0.371065	0.000708121	1.52107	1.16541	56686.3	60.86	0000000226
591	0.371775	0.000709474	1.15881	1.16541	83938.8	60.87	0000002308
592	0.372486	0.000710831	1.45929	1.16541	61182.7	60.87	0000000225
593	0.373198	0.00071219	1.01659	1.16467	93022.8	60.91	0000006780
594	0.373911	0.000713552	1.40695	1.16467	62219.2	60.91	0000000232
595	0.374626	0.000714916	1.14943	1.16467	86960.9	60.92	0000002326
596	0.375343	0.000716283	1.4245	1.16467	63173.2	60.93	0000000234
597	0.37606	0.000717653	1.15481	1.16406	97507.6	61.22	0000032768
598	0.376779	0.000719025	1.43439	1.16406	65432.9	61.24	0000000239
599	0.3775	0.000720399	1.15968	1.16406	86846.4	61.25	0000002411
600	0.378222	0.000721777	1.41894	1.16406	61456.2	61.25	0000000252
601	0.378945	0.000723157	1.0104	1.1637	95326.3	61.29	0000006997
602	0.379669	0.00072454	1.54402	1.1637	57119.2	61.30	0000000248
603	0.380395	0.000725925	1.14631	1.1637	86766.5	61.31	0000002505
604	0.381122	0.000727313	1.53823	1.1637	61679.3	61.31	0000000247
605	0.381851	0.000728703	1.14396	1.16272	99767.9	61.61	0000032768
606	0.382581	0.000730097	1.55611	1.16272	60042.6	61.63	0000000237
607	0.383313	0.000731493	1.11954	1.16272	87059	61.64	0000002593
608	0.384046	0.000732891	1.56895	1.16272	57328.2	61.65	0000000251
609	0.38478	0.000734293	1.01008	1.16235	94743.8	61.69	0000007213
610	0.385516	0.000735697	1.46303	1.16235	61980.7	61.69	0000000246
611	0.386253	0.000737103	1.11698	1.16235	88206.3	61.70	0000002627
612	0.386991	0.000738513	1.31982	1.16235	70120.2	61.71	0000000244
613	0.387731	0.000739925	1.14876	1.1626	98457.5	61.99	0000032768
614	0.388472	0.000741339	1.29809	1.16248	69956.1	62.02	0000000271
615	0.389215	0.000742757	1.13345	1.16248	88261.5	62.03	0000002680
616	0.389959	0.000744177	1.28337	1.16248	73014.3	62.03	0000000300
617	0.390705	0.0007456	1.00777	1.16187	97002.1	62.07	0000007425
618	0.391452	0.000747025	1.27597	1.16187	66049.6	62.08	0000000303
619	0.392201	0.000748454	1.12272	1.16187	88242.2	62.09	0000002712
620	0.39295	0.000749885	1.2704	1.16125	70092.5	62.11	0000000297
621	0.393702	0.000751318	1.1351	1.16125	100817	62.40	0000032768
622	0.394454	0.000752755	1.34883	1.16089	69706.5	62.42	0000000318
623	0.395209	0.000754194	1.13976	1.16089	88477.6	62.43	0000002797
624	0.395964	0.000755636	1.32089	1.16089	71718.8	62.43	0000000318
625	0.396721	0.000757081	1.01232	1.16028	94733.3	62.48	0000007631
626	0.39748	0.000758529	1.25405	1.16028	73047.5	62.48	0000000315
627	0.39824	0.000759979	1.14007	1.16028	86884.8	62.49	0000002862
628	0.399001	0.000761432	1.23758	1.16016	66380.7	62.52	0000000332
629	0.399764	0.000762888	1.15285	1.16052	97836.9	62.80	0000032768
630	0.400529	0.000764346	1.2827	1.16016	73759.4	62.84	0000000338
631	0.401294	0.000765808	1.13295	1.16016	88276.8	62.85	0000002928
632	0.402062	0.000767272	1.30219	1.16016	74139	62.86	0000000328
633	0.40283	0.000768739	1.01306	1.16016	96103.4	62.90	0000007890
634	0.403601	0.000770209	1.31724	1.16016	70021.6	62.91	0000000319
635	0.404372	0.000771681	1.13926	1.16016	87681.5	62.94	0000002974
636	0.405145	0.000773157	1.38744	1.16016	67833.7	62.94	0000000345
637	0.40592	0.000774635	1.13605	1.16003	102017	63.23	0000032768
638	0.406696	0.000776116	1.26905	1.16003	65357.6	63.25	0000000338
639	0.407474	0.0007776	1.13753	1.16003	84171.2	63.27	0000003017
640	0.408253	0.000779087	1.36149	1.15967	61345.3	63.29	0000000346
641	0.409033	0.000780577	1.0263	1.1593	93866.1	63.33	0000008138
642	0.409816	0.000782069	1.31303	1.1593	65056.2	63.34	0000000354
643	0.410599	0.000783564	1.14984	1.1593	86220.5	63.37	0000003046
644	0.411384	0.000785063	1.32104	1.1593	69458.1	63.37	0000000349
645	0.412171	0.000786564	1.1453	1.1593	98425.4	63.66	0000032768
646	0.412959	0.000788067	1.22777	1.15942	71280.3	63.68	0000000346
647	0.413748	0.000789574	1.15481	1.15942	86417.9	63.70	0000003091
648	0.414539	0.000791084	1.30311	1.15955	72263.9	63.72	0000000358
649	0.415332	0.000792596	1.03443	1.15955	94856	63.76	0000008376
650	0.416126	0.000794112	1.37669	1.15955	68008.1	63.77	0000000341
651	0.416922	0.00079563	1.13686	1.1593	86094.4	63.80	0000003171
652	0.417719	0.000797151	1.26836	1.1593	63991.3	63.80	0000000326
653	0.418518	0.000798676	1.13659	1.15906	100705	64.10	0000032768
654	0.419318	0.000800203	1.41393	1.15918	63672.5	64.12	0000000340
655	0.42012	0.000801733	1.15711	1.15918	85150.3	64.13	0000003233
656	0.420923	0.000803266	1.44726	1.15869	60118.4	64.16	0000000336
657	0.421728	0.000804801	1.03123	1.15857	92830	64.20	0000008625
658	0.422534	0.00080634	1.37686	1.15857	58184.7	64.21	0000000367
659	0.423342	0.000807882	1.13633	1.15833	87522.6	64.24	0000003268
660	0.424151	0.000809427	1.36553	1.15833	63622	64.25	0000000373
661	0.424962	0.000810974	1.13609	1.15796	101148	64.54	0000032768
662	0.425775	0.000812525	1.36011	1.19043	64623.5	64.56	0000000395
663	0.426589	0.000814078	1.07209	1.19019	94360.2	64.59	0000003368
664	0.427404	0.000815635	1.5039	1.19019	60167.8	64.60	0000000409
665	0.428222	0.000817194	1.07026	1.19019	92580.7	64.65	0000008857
666	0.42904	0.000818757	1.4978	1.19019	60468.5	64.65	0000000424
667	0.429861	0.000820322	1.04937	1.19019	93384	64.68	0000003413
668	0.430683	0.000821891	1.54751	1.19019	55866.2	64.69	0000000418
669	0.431506	0.000823462	1.20851	1.20154	94120.9	65.00	0000032768
670	0.432331	0.000825037	1.52498	1.20081	57958.7	65.03	0000000442
671	0.433158	0.000826614	1.0369	1.20044	95211.3	65.06	0000003483
672	0.433986	0.000828195	1.46538	1.20044	57854.3	65.06	0000000462
673	0.434816	0.000829778	1.09458	1.19995	90890.1	65.11	0000009077
674	0.435647	0.000831365	1.42257	1.19995	60791.1	65.12	0000000472
675	0.436063	0.000416278	1.15476	1.19995	7483.57	65.12	0000000002
676	0.43648	0.000416676	1.03804	1.18945	95454.3	65.15	0000003535
677	0.437315	0.000834547	1.46682	1.18945	59222.6	65.16	0000000505
678	0.437732	0.000417872	1.05052	1.18945	12374.2	65.16	0000000003
679	0.438151	0.000418271	1.18828	1.18921	97358.9	65.47	0000032768
680	0.438569	0.000418671	1.53521	1.18909	5192.43	65.49	0000000003
681	0.438988	0.000419071	1.45824	1.18909	60402.6	65.50	0000000524
682	0.439408	0.000419471	1.22293	1.18909	3481.02	65.50	0000000001
683	0.439828	0.000419872	1.03813	1.18896	93284	65.54	0000003595
684	0.440248	0.000420273	1.88094	1.18896	1688.8	65.54	0000000001
685	0.440669	0.000420675	1.49021	1.18896	59390.4	65.54	0000000533
686	0.44109	0.000421077	1.12738	1.18896	7605.26	65.55	0000000002
687	0.441511	0.000421479	1.08208	1.19751	90491.8	65.60	0000009300
688	0.441933	0.000421882	1.06706	1.19751	12437.8	65.60	0000000003
689	0.442355	0.000422285	1.52438	1.19751	58669.1	65.60	0000000552
690	0.443201	0.000845781	1.04238	1.18787	93723.4	65.64	0000003675
691	0.444049	0.000847398	1.44728	1.18787	59649.2	65.64	0000000557
692	0.444898	0.000849018	1.18369	1.18726	98474.9	65.95	0000032768
693	0.445748	0.000850641	1.41614	1.18701	62833.5	65.98	0000000575
694	0.446601	0.000852268	1.04721	1.18665	91369	66.01	0000003762
695	0.447454	0.000853897	1.44219	1.18665	58460.3	66.02	0000000582
696	0.44831	0.00085553	1.08831	1.24084	89280.2	66.07	0000009499
697	0.449167	0.000857166	1.46912	1.24084	57715.8	66.08	0000000592
698	0.450026	0.000858804	1.04956	1.1908	91470.2	66.11	0000003830
699	0.450886	0.000860446	1.38741	1.1908	60435.2	66.12	0000000593
700	0.451748	0.000862092	1.1977	1.19092	95524.2	66.43	0000032768
701	0.452612	0.00086374	1.40402	1.19116	60304.4	66.45	0000000590
702	0.453478	0.000865391	1.05672	1.19165	92057.9	66.49	0000003886
703	0.454345	0.000867046	1.38387	1.19165	59716.4	66.49	0000000605
704	0.455213	0.000868704	1.13853	1.19189	87078.2	66.54	0000009682
705	0.456084	0.000870365	1.46	1.19189	54765.8	66.55	0000000602
706	0.456956	0.000872029	1.05982	1.19177	89800.5	66.59	0000003971
707	0.457829	0.000873696	1.4394	1.19177	56051.7	66.59	0000000614
708	0.458705	0.000875367	1.17466	1.1925	98599.2	66.90	0000032768
709	0.459582	0.00087704	1.53463	1.18481	52917.5	66.93	0000000656
710	0.460021	0.000439149	1.11439	1.18481	4169.03	66.93	0000000001
711	0.460461	0.000439568	1.03798	1.18469	89390.8	66.96	0000004020
712	0.460901	0.000439989	1.13214	1.18469	3801.88	66.97	0000000001
713	0.461341	0.000440409	1.4982	1.18469	52903.9	66.97	0000000659
714	0.461782	0.00044083	1.13394	1.18469	4169.93	66.97	0000000001
715	0.462223	0.000441251	1.1137	1.18408	88449.2	67.03	0000009907
716	0.463107	0.000883767	1.46416	1.18408	53832.3	67.03	0000000678
717	0.463992	0.000885457	1.0554	1.1936	91770.2	67.07	0000004082
718	0.464879	0.00088715	1.47643	1.1936	54920.6	67.08	0000000719
719	0.465768	0.000888846	1.17222	1.19409	98623	67.39	0000032768
720	0.466213	0.00044506	1.14158	1.19397	3774.67	67.41	0000000001
721	0.466659	0.000445485	1.45502	1.19397	56252.9	67.41	0000000742
722	0.467105	0.000445911	1.22734	1.19397	7474.18	67.42	0000000002
723	0.467551	0.000446337	1.05645	1.19397	88704.4	67.45	0000004129
724	0.467998	0.000446764	1.6664	1.19397	1943.82	67.45	0000000001
725	0.468445	0.000447191	1.45946	1.19397	54857.5	67.46	0000000763
726	0.468893	0.000447618	1.84297	1.19397	1396.42	67.46	0000000001
727	0.469341	0.000448046	1.14145	1.20056	84542.3	67.52	0000010135
728	0.469789	0.000448474	1.25836	1.20056	3738.99	67.52	0000000001
729	0.470238	0.000448902	1.54087	1.20056	52235.3	67.53	0000000753
730	0.471137	0.000899092	1.04865	1.19482	91409.4	67.57	0000004147
731	0.472038	0.000900811	1.48284	1.19482	53707.1	67.57	0000000758
732	0.472489	0.000451051	1.32389	1.19482	3711.29	67.58	0000000001
733	0.472941	0.000451482	1.17395	1.20117	98388.7	67.89	0000032768
734	0.473392	0.000451914	1.28843	1.20618	3675.93	67.91	0000000001
735	0.473845	0.000452345	1.53413	1.20618	53104	67.92	0000000759
736	0.474298	0.000452778	1.32729	1.20618	3472.51	67.92	0000000001
737	0.474751	0.00045321	1.06283	1.20142	88423.3	67.95	0000004187
738	0.475204	0.000453643	1.24289	1.20142	3748.91	67.96	0000000001
739	0.475658	0.000454077	1.58497	1.20142	51440.3	67.96	0000000761
740	0.476113	0.000454511	1.31079	1.20142	6700.62	67.96	0000000002
741	0.476568	0.000454945	1.15431	1.21667	83801	68.02	0000010359
742	0.477479	0.000911195	1.54536	1.21667	51975.3	68.03	0000000801
743	0.477935	0.00045625	1.24262	1.21667	12778.6	68.03	0000000004
744	0.478392	0.000456686	1.06612	1.19641	87748.7	68.07	0000004243
745	0.478849	0.000457123	1.67489	1.19641	16006.9	68.07	0000000009
746	0.479307	0.00045756	1.5537	1.19641	52798	68.08	0000000816
747	0.479765	0.000457997	1.97942	1.19641	17022.3	68.08	0000000012
748	0.480223	0.000458434	1.33755	1.21753	75948.8	68.41	0000032768
749	0.480682	0.000458872	1.87048	1.2124	17053.1	68.43	0000000011
750	0.481141	0.000459311	1.55461	1.2124	52711.2	68.44	0000000830
751	0.481601	0.00045975	2.0482	1.2124	17695.1	68.44	0000000014
752	0.482061	0.000460189	1.07425	1.21765	88484.7	68.48	0000004319
753	0.482522	0.000460629	2.18525	1.21765	18062.3	68.48	0000000016
754	0.482983	0.000461069	1.56589	1.21765	49268.5	68.49	0000000854
755	0.483445	0.00046151	2.28689	1.21765	17875.9	68.49	0000000018
756	0.483906	0.000461951	1.16993	1.22656	83172.7	68.55	0000010540
757	0.484369	0.000462392	2.1231	1.22656	16215.6	68.55	0000000017
758	0.484832	0.000462834	1.49394	1.22656	51190.9	68.56	0000000852
759	0.485295	0.000463276	2.18383	1.22656	14048.6	68.56	0000000017
760	0.485759	0.000463719	1.09227	1.21924	85941.6	68.60	0000004377
761	0.486223	0.000464162	2.18675	1.21924	15088.2	68.60	0000000019
762	0.486687	0.000464605	1.56836	1.21924	49273.2	68.61	0000000871
763	0.487153	0.000465049	2.16111	1.21924	16236.7	68.61	0000000017
764	0.487618	0.000465494	1.18247	1.22839	97407.6	68.92	0000032768
765	0.488084	0.000465938	2.03863	1.21582	18800.1	68.94	0000000014
766	0.48855	0.000466384	1.56792	1.21582	51077	68.95	0000000883
767	0.489017	0.000466829	1.89718	1.21582	18283.3	68.95	0000000012
768	0.489484	0.000467275	1.07452	1.21606	88738.5	68.99	0000004420
769	0.489952	0.000467722	1.812	1.21606	17429.6	68.99	0000000011
770	0.49042	0.000468169	1.55165	1.21606	50817.5	69.00	0000000875
771	0.490889	0.000468616	1.64304	1.21606	15620.2	69.00	0000000008
772	0.491358	0.000469064	1.17376	1.22937	83792.4	69.06	0000010733
773	0.491828	0.000469512	1.12686	1.22937	4111.77	69.06	0000000001
774	0.492297	0.000469961	1.60646	1.22937	49211	69.07	0000000880
775	0.492768	0.00047041	1.03005	1.22937	8200.49	69.07	0000000002
776	0.493239	0.000470859	1.0716	1.22144	86924	69.11	0000004459
777	0.49371	0.000471309	1.0132	1.22144	8299.31	69.11	0000000002
778	0.494182	0.00047176	1.62435	1.22144	47846.4	69.12	0000000882
779	0.494654	0.00047221	1.54817	1.22144	4532.35	69.12	0000000003
780	0.495127	0.000472662	1.18922	1.22961	96494.3	69.43	0000032768
781	0.4956	0.000473113	1.23379	1.22986	13239.6	69.45	0000000004
782	0.496073	0.000473565	1.59148	1.22986	50198.5	69.46	0000000911
783	0.496547	0.000474018	1.30837	1.22986	14827.5	69.46	0000000005
784	0.497022	0.000474471	1.07282	1.2301	89220.4	69.50	0000004545
785	0.497497	0.000474924	1.07507	1.2301	11957.1	69.50	0000000003
786	0.497972	0.000475378	1.64486	1.2301	47849.2	69.51	0000000919
787	0.498448	0.000475832	1.19539	1.2301	13636.2	69.51	0000000004
788	0.498924	0.000476287	1.19535	1.23059	82454.8	69.57	0000010965
789	0.499401	0.000476742	1.1121	1.23059	8134.71	69.57	0000000002
790	0.499878	0.000477198	1.66169	1.23059	47625.5	69.58	0000000918
791	0.500356	0.000477654	1.33237	1.23059	13393.5	69.58	0000000005
792	0.500834	0.00047811	1.07426	1.23096	86563.1	69.62	0000004621
793	0.501313	0.000478567	1.24971	1.23096	12698.1	69.62	0000000004
794	0.501792	0.000479024	1.66105	1.23096	46092.5	69.63	0000000944
795	0.502271	0.000479482	1.18405	1.23096	3644.31	69.63	0000000001
796	0.502751	0.00047994	1.18484	1.23108	96832.8	69.95	0000032768
797	0.503712	0.000961256	1.64265	1.23132	48469.7	69.98	0000000958
798	0.504194	0.000481317	1.07635	1.23132	8244.43	69.98	0000000002
799	0.504675	0.000481777	1.08259	1.28027	87522.2	70.02	0000004671
800	0.505158	0.000482237	1.12289	1.28027	4227.69	70.02	0000000001
801	0.50564	0.000482698	1.67927	1.28027	46855.7	70.03	0000000974
802	0.506123	0.000483159	1.05022	1.28027	14551	70.03	0000000004
803	0.506607	0.000483621	1.26744	1.36084	78455.7	70.09	0000011170
804	0.507091	0.000484083	1.30634	1.36084	10048.8	70.09	0000000003
805	0.507576	0.000484546	1.3844	1.36084	55582.8	70.10	0000000985
806	0.508061	0.000485009	1.29395	1.36084	9170.72	70.10	0000000003
807	0.508546	0.000485472	1.13746	1.36243	83644.3	70.14	0000004646
808	0.509032	0.000485936	1.31445	1.36243	12031.5	70.15	0000000004
809	0.509518	0.000486401	1.3559	1.36243	56173.4	70.15	0000000996
810	0.510005	0.000486865	1.38783	1.36243	13934.1	70.16	0000000005
811	0.510493	0.000487331	1.29814	1.36218	89163.9	70.47	0000032768
812	0.51098	0.000487796	1.0856	1.36218	9645.68	70.49	0000000003
813	0.511469	0.000488262	1.33204	1.36218	57057.7	70.50	0000000997
814	0.511957	0.000488729	1.39692	1.36218	5661.04	70.50	0000000004
815	0.512447	0.000489196	1.14858	1.36206	81602.8	70.54	0000004731
816	0.513426	0.000979794	1.34988	1.36206	55924.1	70.55	0000000982
817	0.514408	0.000981668	1.26394	1.36206	78269.1	70.61	0000011342
818	0.515392	0.000983545	1.34163	1.36206	56514.8	70.62	0000000983
819	0.516377	0.000985425	1.14555	1.36255	82537.7	70.66	0000004765
820	0.517364	0.000987309	1.34082	1.36255	55779.2	70.67	0000000994
821	0.518354	0.000989197	1.30677	1.36243	89140.8	70.98	0000032768
822	0.519345	0.000991088	1.32194	1.36243	56457	71.01	0000000992
823	0.520338	0.000992983	1.10771	1.36243	83045.5	71.06	0000004829
824	0.521333	0.000994882	1.37712	1.36243	54758.1	71.06	0000000983
825	0.522329	0.000996784	1.28799	1.36267	75920	71.13	0000011536
826	0.523328	0.00099869	1.37339	1.36267	54446.7	71.14	0000000971
827	0.524329	0.0010006	1.12	1.36206	83528.3	71.18	0000004894
828	0.52483	0.000501017	1.544	1.36206	1652.76	71.18	0000000001
829	0.525331	0.000501496	1.4178	1.36206	52015.1	71.19	0000000958
830	0.525833	0.000501975	1.18842	1.36206	7601.33	71.19	0000000002
831	0.526336	0.000502455	1.29868	1.36243	90395.8	71.51	0000032768
832	0.526839	0.000502935	1.11039	1.36255	7472.72	71.53	0000000002
833	0.527342	0.000503415	1.34467	1.36255	54078.8	71.54	0000000981
834	0.527846	0.000503896	1.14608	1.36255	11183	71.54	0000000003
835	0.52835	0.000504378	1.09616	1.36194	84169.8	71.58	0000004990
836	0.528855	0.00050486	1.33328	1.36194	3207.18	71.58	0000000001
837	0.52936	0.000505342	1.39802	1.36194	52191.3	71.59	0000000961
838	0.530373	0.00101213	1.2624	1.36206	77606.1	71.66	0000011726
839	0.531387	0.00101407	1.4394	1.36206	50258.5	71.67	0000000945
840	0.531894	0.000507761	1.12099	1.36206	4213.72	71.67	0000000001
841	0.532403	0.000508246	1.10069	1.36279	84606.2	71.71	0000005038
842	0.532911	0.000508732	1.07377	1.36279	8373.53	71.71	0000000002
843	0.533421	0.000509218	1.45834	1.36279	50007.4	71.72	0000000952
844	0.53393	0.000509705	1.17973	1.36279	3662.57	71.72	0000000001
845	0.53444	0.000510192	1.30718	1.36292	89712	72.04	0000032768
846	0.534951	0.000510679	1.74833	1.36304	2618.38	72.06	0000000002
847	0.535462	0.000511167	1.4037	1.36304	50013.9	72.07	0000000970
848	0.535974	0.000511656	1.92588	1.36304	2391.17	72.08	0000000002
849	0.536486	0.000512145	1.11382	1.36316	82453.3	72.12	0000005128
850	0.536999	0.000512634	1.37199	1.36316	3153.14	72.12	0000000001
851	0.537512	0.000513124	1.43766	1.36316	49719.5	72.13	0000000952
852	0.53854	0.00102772	1.25393	1.36316	77841.9	72.20	0000011899
853	0.539569	0.00102968	1.4708	1.36316	48226.1	72.20	0000000938
854	0.540085	0.00051558	1.28207	1.36316	3888.39	72.21	0000000001
855	0.540601	0.000516073	1.14108	1.36304	81580.7	72.25	0000005184
856	0.541117	0.000516566	1.0688	1.36304	14702.6	72.25	0000000004
857	0.541635	0.000517059	1.37199	1.36304	52415.1	72.26	0000000931
858	0.542152	0.000517553	1.18875	1.36304	19188.2	72.26	0000000007
859	0.54267	0.000518048	1.29369	1.36328	89239.3	72.58	0000032768
860	0.543189	0.000518543	1.34522	1.36304	18289.4	72.60	0000000007
861	0.543708	0.000519039	1.42587	1.36304	50105.5	72.61	0000000947
862	0.544227	0.000519534	1.25571	1.36304	17229.5	72.62	0000000006
863	0.544747	0.000520031	1.1149	1.36316	81592.7	72.66	0000005300
864	0.545268	0.000520528	1.3156	1.36316	14048.9	72.66	0000000006
865	0.545789	0.000521025	1.41965	1.36316	48510.9	72.67	0000000943
866	0.54631	0.000521523	1.35925	1.36316	14001.7	72.67	0000000007
867	0.546832	0.000522021	1.24772	1.36316	76959	72.74	0000012108
868	0.547355	0.00052252	1.52098	1.36316	19084.8	72.74	0000000010
869	0.547878	0.00052302	1.37406	1.36316	51296.2	72.75	0000000957
870	0.548401	0.000523519	1.50467	1.36316	19503.8	72.75	0000000010
871	0.548925	0.00052402	1.15159	1.36304	79134.7	72.80	0000005288
872	0.54945	0.00052452	1.56847	1.36304	20339.3	72.80	0000000011
873	0.549975	0.000525021	1.35037	1.36304	53719.2	72.81	0000000955
874	0.550501	0.000525523	1.64379	1.36304	19878.5	72.81	0000000012
875	0.551027	0.000526025	1.28804	1.36377	89291.2	73.13	0000032768
876	0.551553	0.000526528	1.72991	1.36304	20418.6	73.15	0000000014
877	0.55208	0.000527031	1.44368	1.36304	50144.2	73.16	0000000953
878	0.552608	0.000527535	1.77679	1.36304	19660.2	73.17	0000000015
879	0.553136	0.000528039	1.14791	1.36292	78380.7	73.21	0000005342
880	0.553664	0.000528543	1.57159	1.36292	15629.7	73.21	0000000013
881	0.554193	0.000529048	1.30562	1.36292	54429.9	73.22	0000000963
882	0.554723	0.000529554	1.44196	1.36292	14794	73.22	0000000008
883	0.555253	0.00053006	1.23908	1.36255	77187.7	73.29	0000012259
884	0.555783	0.000530566	1.47901	1.36255	17047.7	73.29	0000000008
885	0.556315	0.000531073	1.30742	1.36255	56060.4	73.30	0000000977
886	0.556846	0.000531581	1.52656	1.36255	17696.9	73.30	0000000009
887	0.557378	0.000532089	1.1556	1.36267	78441.4	73.35	0000005322
888	0.557911	0.000532597	1.43768	1.36267	19132.2	73.35	0000000009
889	0.558444	0.000533106	1.3168	1.36267	55945.9	73.36	0000000968
890	0.558978	0.000533615	1.41138	1.36267	18509.6	73.36	0000000008
891	0.559512	0.000534125	1.28398	1.36279	89239.4	73.68	0000032768
892	0.560046	0.000534636	1.30995	1.36292	15297.4	73.70	0000000011
893	0.560581	0.000535147	1.31546	1.36292	55374.1	73.71	0000000989
894	0.561117	0.000535658	1.87836	1.36292	18140.4	73.71	0000000014
895	0.561653	0.00053617	1.15618	1.36353	76651.1	73.76	0000005365
896	0.56219	0.000536682	1.63583	1.36353	17029.1	73.76	0000000014
897	0.562727	0.000537195	1.29159	1.36353	53349.9	73.77	0000000994
898	0.563265	0.000537708	1.6249	1.36353	16074.2	73.77	0000000011
899	0.563803	0.000538222	1.23582	1.36414	77142.2	73.84	0000012406
900	0.564342	0.000538736	1.46451	1.36414	17049.7	73.84	0000000008
901	0.564881	0.000539251	1.28082	1.36414	56617.8	73.85	0000000996
902	0.565421	0.000539766	1.09674	1.36414	13977.8	73.85	0000000004
903	0.565961	0.000540282	1.1272	1.36475	79269	73.90	0000005412
904	0.566502	0.000540798	1.14287	1.36475	16265.5	73.90	0000000005
905	0.567043	0.000541315	1.31522	1.36475	54378.5	73.91	0000000991
906	0.567585	0.000541832	1.09904	1.36475	8002.3	73.91	0000000002
907	0.568127	0.00054235	1.26004	1.33716	90480.6	74.23	0000032768
908	0.56867	0.000542868	1.27726	1.36523	14755	74.25	0000000005
909	0.569214	0.000543387	1.2859	1.36523	56532.6	74.26	0000000994
910	0.569758	0.000543906	1.36567	1.36523	16985.8	74.26	0000000007
911	0.570302	0.000544426	1.14904	1.36572	77367.4	74.31	0000005491
912	0.570847	0.000544946	1.71346	1.36572	18288.3	74.31	0000000012
913	0.571392	0.000545467	1.28252	1.36572	56658.4	74.32	0000001004
914	0.571938	0.000545988	1.64526	1.36572	15080.6	74.32	0000000011
915	0.572485	0.00054651	1.23565	1.36633	77608.1	74.39	0000012566
916	0.573032	0.000547032	1.63862	1.36633	17535.7	74.39	0000000010
917	0.573579	0.000547555	1.27053	1.36633	57744.1	74.40	0000001006
918	0.574128	0.000548078	1.54613	1.36633	17303.2	74.41	0000000009
919	0.574676	0.000548602	1.10856	1.33777	80165.5	74.45	0000005520
920	0.575225	0.000549126	1.50267	1.33777	17306.9	74.45	0000000008
921	0.575775	0.000549651	1.44685	1.33777	52405.9	74.46	0000001005
922	0.576325	0.000550176	1.47676	1.33777	16714.7	74.46	0000000008
923	0.576876	0.000550702	1.28808	1.36694	89398.6	74.78	0000032768
924	0.577427	0.000551228	1.37748	1.36707	17521.7	74.80	0000000008
925	0.577979	0.000551755	1.2889	1.36707	57528.9	74.81	0000001036
926	0.578531	0.000552282	1.11621	1.36707	19397.4	74.81	0000000006
927	0.579084	0.00055281	1.12606	1.33801	77665.3	74.86	0000005594
928	0.579637	0.000553338	1.32189	1.33801	16663.5	74.86	0000000006
929	0.580191	0.000553867	1.36392	1.33801	53267.8	74.87	0000001025
930	0.580746	0.000554396	1.59029	1.33801	15098.8	74.87	0000000010
931	0.5813	0.000554926	1.18414	1.33765	79808	74.94	0000012663
932	0.581856	0.000555456	1.25921	1.33765	14756.1	74.94	0000000005
933	0.582412	0.000555987	1.37747	1.33765	54446.7	74.95	0000001034
934	0.582968	0.000556518	1.24734	1.33765	14952	74.95	0000000005
935	0.583525	0.00055705	1.10619	1.33826	79707.8	74.99	0000005625
936	0.584083	0.000557582	1.14945	1.33826	13067.5	75.00	0000000004
937	0.584641	0.000558115	1.39712	1.33826	54075.1	75.01	0000001030
938	0.5852	0.000558648	1.23378	1.33826	20437.7	75.01	0000000007
939	0.585759	0.000559182	1.26316	1.33813	90386.1	75.32	0000032768
940	0.586319	0.000559716	1.38894	1.33777	17321.9	75.35	0000000007
941	0.586879	0.000560251	1.39589	1.33777	54300.3	75.36	0000001005
942	0.58744	0.000560786	1.54443	1.33777	19233.2	75.36	0000000009
943	0.588001	0.000561322	1.12054	1.33801	76310.8	75.40	0000005717
944	0.588563	0.000561859	1.30717	1.33801	17176.2	75.40	0000000006
945	0.589125	0.000562395	1.38865	1.33801	52792.2	75.41	0000001007
946	0.589688	0.000562933	1.02188	1.33801	12563.4	75.42	0000000003
947	0.590252	0.000563471	1.19051	1.33838	79252.7	75.48	0000012804
948	0.590816	0.000564009	1.02686	1.33838	11323.3	75.49	0000000003
949	0.59138	0.000564548	1.33904	1.33838	53567	75.49	0000001015
950	0.591945	0.000565087	1.31087	1.33838	13461	75.50	0000000005
951	0.592511	0.000565627	1.1117	1.33862	78669.1	75.54	0000005735
952	0.593077	0.000566168	1.22616	1.33862	15704.7	75.54	0000000005
953	0.593644	0.000566709	1.38399	1.33862	54234.4	75.55	0000001036
954	0.594211	0.00056725	1.14269	1.33862	14104	75.55	0000000004
955	0.594779	0.000567792	1.26809	1.33862	89894.5	75.87	0000032768
956	0.595347	0.000568335	1.0604	1.33899	7901.14	75.89	0000000002
957	0.595916	0.000568878	1.32577	1.33899	56097.5	75.90	0000001039
958	0.596486	0.000569422	1.12029	1.33899	14469.5	75.90	0000000004
959	0.597055	0.000569966	1.11445	1.33887	78616.3	75.95	0000005810
960	0.597626	0.00057051	1.55524	1.33887	7119.02	75.95	0000000005
961	0.598197	0.000571056	1.29817	1.33887	57882.4	75.96	0000001053
962	0.598769	0.000571601	1.27274	1.33887	14681.2	75.96	0000000005
963	0.599341	0.000572147	1.1966	1.33862	79629.4	76.03	0000012973
964	0.599913	0.000572694	1.22731	1.33862	12399.3	76.03	0000000004
965	0.600487	0.000573241	1.2672	1.33862	58785.2	76.06	0000001076
966	0.601061	0.000573789	1.14633	1.33862	3786.44	76.06	0000000001
967	0.601635	0.000574337	1.09896	1.33899	80069.6	76.10	0000005872
968	0.60221	0.000574886	1.16253	1.33899	3474.97	76.10	0000000001
969	0.602785	0.000575435	1.28219	1.33899	58602.3	76.11	0000001097
970	0.603361	0.000575985	1.04285	1.33899	8710.19	76.11	0000000002
971	0.603938	0.000576536	1.26855	1.33887	90090.3	76.43	0000032768
972	0.604515	0.000577087	1.08863	1.33923	7980.34	76.45	0000000002
973	0.605092	0.000577638	1.31091	1.33923	57716.6	76.46	0000001127
974	0.605671	0.00057819	1.06587	1.33923	8336.95	76.46	0000000002
975	0.606249	0.000578742	1.09412	1.33911	79176.1	76.50	0000005915
976	0.607409	0.00115914	1.25145	1.33911	58911.5	76.51	0000001173
977	0.607989	0.000580403	1.49615	1.33911	16870.1	76.52	0000000008
978	0.60857	0.000580958	1.20011	1.33936	79092.9	76.58	0000013121
979	0.609151	0.000581513	2.08888	1.33936	17584.2	76.59	0000000017
980	0.609733	0.000582069	1.24657	1.33936	59147.3	76.60	0000001201
981	0.610316	0.000582625	2.14118	1.33936	18965.2	76.60	0000000022
982	0.610899	0.000583181	1.07802	1.33984	81091.6	76.64	0000005986
983	0.611483	0.000583739	2.49328	1.33984	19816.5	76.65	0000000032
984	0.612067	0.000584296	1.22782	1.33984	61150.6	76.65	0000001230
985	0.612652	0.000584855	2.42148	1.33984	20806.1	76.66	0000000030
986	0.613238	0.000585414	1.26623	1.33984	89793.6	76.97	0000032768
987	0.613824	0.000585973	2.41746	1.33936	19874.6	77.00	0000000031
988	0.61441	0.000586533	1.20918	1.33936	62710.8	77.00	0000001265
989	0.614997	0.000587093	2.36299	1.33936	21070.9	77.01	0000000030
990	0.615585	0.000587654	1.08811	1.33936	80206.7	77.05	0000006011
991	0.616173	0.000588216	2.07814	1.33936	17717.3	77.05	0000000023
992	0.616762	0.000588778	1.23109	1.33936	59554.2	77.06	0000001288
993	0.617351	0.000589341	2.28708	1.33936	19637	77.07	0000000023
994	0.617941	0.000589904	1.19512	1.33997	79328	77.14	0000013262
995	0.618532	0.000590467	2.29015	1.33997	19075.9	77.14	0000000024
996	0.619123	0.000591032	1.25549	1.33997	59049.7	77.15	0000001303
997	0.619714	0.000591596	2.29943	1.33997	17937.9	77.15	0000000022
998	0.620306	0.000592162	1.14547	1.41272	76719.4	77.20	0000006039
999	0.620899	0.000592727	1.84208	1.41272	24059.1	77.20	0000000022
1000	0.621492	0.000593294	1.34231	1.41272	54025.8	77.21	0000001313
1001	0.622086	0.000593861	1.85898	1.41272	20896.4	77.21	0000000017
1002	0.622681	0.000594428	1.35423	1.42517	84834.2	77.54	0000032768
1003	0.623276	0.000594996	1.99681	1.37134	18534.3	77.56	0000000015
1004	0.623871	0.000595565	1.21184	1.37134	62393.1	77.57	0000001313
1005	0.624467	0.000596134	1.47967	1.37134	16423.9	77.57	0000000007
1006	0.625064	0.000596703	1.13555	1.37231	76227.6	77.62	0000006093
1007	0.625661	0.000597274	1.42199	1.37231	15076.3	77.62	0000000006
1008	0.626259	0.000597844	1.22191	1.37231	59051.3	77.63	0000001310
1009	0.626858	0.000598416	1.40903	1.37231	17228.1	77.63	0000000007
1010	0.627457	0.000598987	1.2867	1.39844	73661.6	77.71	0000013369
1011	0.628056	0.00059956	1.20053	1.39844	16567.4	77.71	0000000006
1012	0.628656	0.000600133	1.3466	1.39844	52394.6	77.72	0000001314
1013	0.629257	0.000600706	1.34868	1.39844	13790.7	77.72	0000000005
1014	0.629858	0.00060128	1.05197	1.34058	82681.9	77.77	0000006171
1015	0.63046	0.000601855	2.24944	1.34058	8597.69	77.77	0000000007
1016	0.631063	0.00060243	1.2889	1.34058	56876.8	77.78	0000001329
1017	0.631666	0.000603005	1.66155	1.34058	10432.1	77.78	0000000004
1018	0.632269	0.000603582	1.27384	1.34106	89472.7	78.10	0000032768
1019	0.632873	0.000604158	1.83204	1.34045	11276.4	78.12	0000000005
1020	0.633478	0.000604736	1.28564	1.34045	57360	78.13	0000001331
1021	0.634083	0.000605314	1.28461	1.34045	3877.77	78.13	0000000001
1022	0.634689	0.000605892	1.05691	1.34058	80874.8	78.18	0000006227
1023	0.635296	0.000606471	1.12243	1.34058	4115.57	78.18	0000000001
1024	0.635903	0.00060705	1.26275	1.34058	58727	78.19	0000001373
1025	0.63651	0.00060763	1.22739	1.34058	3513.41	78.19	0000000001
1026	0.637119	0.000608211	1.20052	1.34033	79319.1	78.27	0000013494
1027	0.637727	0.000608792	1.15567	1.34033	3840.25	78.27	0000000001
1028	0.638337	0.000609374	1.27268	1.34033	58345.1	78.28	0000001384
1029	0.638947	0.000609956	1.12037	1.34033	10610.8	78.28	0000000003
1030	0.639557	0.000610539	1.04322	1.34045	83462	78.33	0000006266
1031	0.640168	0.000611122	1.3959	1.34045	3277.27	78.33	0000000001
1032	0.64078	0.000611706	1.29933	1.34045	56136.9	78.34	0000001387
1033	0.641392	0.000612291	1.34775	1.34045	3209.45	78.34	0000000001
1034	0.642005	0.000612876	1.33078	1.41455	85366.7	78.66	0000032768
1035	0.642619	0.000613462	1.28369	1.34045	3756.63	78.69	0000000001
1036	0.643233	0.000614048	1.30163	1.34045	56735.3	78.70	0000001401
1037	0.644463	0.00122986	1.05345	1.34119	81128	78.74	0000006369
1038	0.645078	0.00061581	1.94193	1.34119	1852.18	78.75	0000000001
1039	0.645695	0.000616398	1.29277	1.34119	55090.1	78.76	0000001421
1040	0.646312	0.000616987	1.62803	1.34119	2240.5	78.76	0000000001
1041	0.646929	0.000617577	1.20771	1.34192	78896.3	78.83	0000013617
1042	0.647548	0.000618167	1.561	1.34192	3061.92	78.83	0000000002
1043	0.648166	0.000618758	1.3198	1.34192	55777.9	78.84	0000001434
1044	0.648786	0.000619349	1.37889	1.34192	6607.29	78.84	0000000002
1045	0.649406	0.000619941	1.05255	1.34241	82712.8	78.89	0000006394
1046	0.650026	0.000620533	1.505	1.34241	8817.1	78.89	0000000003
1047	0.650647	0.000621126	1.31562	1.34241	55521.9	78.90	0000001435
1048	0.651269	0.000621719	1.33441	1.34241	6914.1	78.91	0000000002
1049	0.651891	0.000622314	1.2698	1.34253	90235.6	79.22	0000032768
1050	0.652514	0.000622908	1.4823	1.34265	6003.27	79.25	0000000002
1051	0.653138	0.000623503	1.34472	1.34265	54498	79.26	0000001450
1052	0.653762	0.000624099	1.01398	1.34265	8393.77	79.26	0000000002
1053	0.654386	0.000624696	1.04969	1.34229	80752.4	79.31	0000006478
1054	0.655012	0.000625292	1.39097	1.34229	8990.38	79.31	0000000004
1055	0.655638	0.00062589	1.27866	1.34229	55201.8	79.32	0000001460
1056	0.656264	0.000626488	1.54292	1.34229	12347.7	79.32	0000000006
1057	0.656891	0.000627087	1.20518	1.34326	78215.5	79.39	0000013720
1058	0.657519	0.000627686	1.85208	1.34326	14652.9	79.40	0000000009
1059	0.658147	0.000628286	1.33052	1.34326	54155.4	79.41	0000001460
1060	0.658776	0.000628886	2.01087	1.34326	15021.5	79.41	0000000011
1061	0.659406	0.000629487	1.09521	1.50769	79349	79.46	0000006505
1062	0.660036	0.000630088	1.86632	1.50769	16089.2	79.46	0000000012
1063	0.660666	0.00063069	1.28906	1.50769	53832.8	79.47	0000001463
1064	0.661298	0.000631293	1.67161	1.50769	13898.2	79.47	0000000007
1065	0.66193	0.000631896	1.25748	1.33765	90019.4	79.79	0000032768
1066	0.662562	0.0006325	1.81054	1.33594	14917.3	79.82	0000000010
1067	0.663195	0.000633105	1.34317	1.33594	53332	79.83	0000001467
1068	0.663829	0.000633709	1.9501	1.33594	14418.5	79.83	0000000015
1069	0.664463	0.000634315	1.07495	1.55347	79521.6	79.88	0000006567
1070	0.665098	0.000634921	2.0516	1.55347	15219	79.89	0000000013
1071	0.665734	0.000635528	1.28976	1.55347	53597.4	79.90	0000001478
1072	0.66637	0.000636135	1.92841	1.55347	16200	79.90	0000000015
1073	0.667006	0.000636743	1.28878	1.55334	74392.6	79.98	0000013824
1074	0.667644	0.000637351	1.93394	1.55334	18471.7	79.98	0000000014
1075	0.668282	0.00063796	1.29496	1.55334	54592.7	79.99	0000001517
1076	0.66892	0.00063857	2.12364	1.55334	17234.2	79.99	0000000016
1077	0.66956	0.00063918	1.09047	1.55383	80114.4	80.04	0000006600
1078	0.670199	0.000639791	2.1369	1.55383	22504.1	80.05	0000000027
1079	0.67084	0.000640402	1.27921	1.55383	54177	80.06	0000001514
1080	0.671481	0.000641014	2.40234	1.55383	19119.9	80.06	0000000028
1081	0.672122	0.000641627	1.43068	1.55396	81251.5	80.39	0000032768
1082	0.672765	0.00064224	2.60275	1.55347	15396.9	80.42	0000000028
1083	0.673407	0.000642853	1.25589	1.55347	55122.2	80.43	0000001511
1084	0.674051	0.000643468	2.52872	1.55347	15204	80.43	0000000030
1085	0.674695	0.000644083	1.0735	1.5531	80200.3	80.48	0000006668
1086	0.67534	0.000644698	2.76295	1.5531	16558.4	80.48	0000000035
1087	0.675985	0.000645314	1.27277	1.5531	54064.6	80.49	0000001510
1088	0.676631	0.000645931	2.61157	1.5531	16290.7	80.50	0000000033
1089	0.677278	0.000646548	1.32268	1.56726	72886.8	80.57	0000013896
1090	0.677925	0.000647166	2.44962	1.56726	18003	80.58	0000000027
1091	0.678572	0.000647784	1.2721	1.56726	54551.2	80.59	0000001545
1092	0.679221	0.000648403	2.19085	1.56726	19360.8	80.59	0000000025
1093	0.67987	0.000649023	1.10604	1.56714	78626.8	80.64	0000006676
1094	0.68052	0.000649643	2.08722	1.56714	19750.3	80.64	0000000024
1095	0.68117	0.000650264	1.23601	1.56714	55805.7	80.65	0000001556
1096	0.681821	0.000650885	2.28872	1.56714	17927.8	80.66	0000000024
1097	0.682472	0.000651507	1.42988	1.55347	81115.5	80.98	0000032768
1098	0.683124	0.000652129	2.53476	1.50769	15905.9	81.01	0000000027
1099	0.683777	0.000652753	1.23583	1.50769	55864	81.02	0000001572
1100	0.68443	0.000653376	2.56785	1.50769	17850.2	81.02	0000000034
1101	0.685084	0.000654001	1.06535	1.50818	80363.1	81.07	0000006719
1102	0.685739	0.000654626	2.66684	1.50818	16165.6	81.08	0000000034
1103	0.686394	0.000655251	1.23903	1.50818	55468.1	81.09	0000001601
1104	0.68705	0.000655877	2.85051	1.50818	16503.8	81.09	0000000036
1105	0.687707	0.000656504	1.32663	1.58655	72940.8	81.17	0000013961
1106	0.688364	0.000657131	2.78693	1.58655	17822.1	81.17	0000000038
1107	0.689022	0.000657759	1.30698	1.58655	53269.6	81.18	0000001615
1108	0.68968	0.000658388	2.88632	1.58655	16734.5	81.18	0000000042
1109	0.690339	0.000659017	1.11512	1.58777	77610.1	81.24	0000006788
1110	0.690999	0.000659647	2.82736	1.58777	16738.9	81.24	0000000039
1111	0.691659	0.000660277	1.28483	1.58777	54587.8	81.25	0000001612
1112	0.69232	0.000660908	2.88506	1.58777	15326.6	81.25	0000000037
1113	0.692981	0.000661539	1.43467	1.59363	79156.7	81.58	0000032768
1114	0.693644	0.000662171	1.97491	1.55615	16036.5	81.61	0000000037
1115	0.694306	0.000662804	1.20305	1.55615	57361.4	81.62	0000001617
1116	0.69497	0.000663437	2.7625	1.55615	17670.9	81.63	0000000039
1117	0.695634	0.000664071	1.0794	1.55615	78444.3	81.68	0000006843
1118	0.696299	0.000664706	2.49331	1.55615	20518.4	81.68	0000000042
1119	0.696964	0.000665341	1.22411	1.55615	54928.9	81.69	0000001611
1120	0.69763	0.000665977	2.05983	1.55615	18090.5	81.69	0000000034
1121	0.698296	0.000666613	1.29189	1.55676	72992.3	81.77	0000014034
1122	0.698964	0.00066725	2.45864	1.55676	17184.5	81.78	0000000024
1123	0.699632	0.000667888	1.16558	1.55676	57405.6	81.79	0000001643
1124	0.7003	0.000668526	2.31318	1.55676	13698.2	81.79	0000000015
1125	0.700969	0.000669165	1.07896	1.47217	78870.2	81.84	0000006884
1126	0.701639	0.000669804	2.25099	1.47217	12259.9	81.84	0000000014
1127	0.70231	0.000670444	1.19425	1.47217	56963.2	81.85	0000001660
1128	0.702981	0.000671085	1.90236	1.47217	14226.5	81.86	0000000010
1129	0.703652	0.000671726	1.34117	1.47205	84491.3	82.18	0000032768
1130	0.704325	0.000672368	1.37985	1.47217	10670	82.21	0000000004
1131	0.704998	0.00067301	1.17633	1.47217	58419.4	82.22	0000001686
1132	0.705671	0.000673654	1.11973	1.47217	13476.7	82.22	0000000004
1133	0.706346	0.000674297	1.08493	1.47339	78036	82.27	0000006929
1134	0.707021	0.000674942	1.17691	1.47339	13040.5	82.27	0000000004
1135	0.707696	0.000675587	1.20261	1.47339	56735	82.28	0000001676
1136	0.708372	0.000676232	1.42038	1.47339	18364.9	82.29	0000000009
1137	0.709049	0.000676878	1.26608	1.44727	74991.8	82.36	0000014098
1138	0.709727	0.000677525	1.64724	1.44727	16839.7	82.37	0000000010
1139	0.710405	0.000678172	1.22175	1.44727	55528.8	82.38	0000001662
1140	0.711084	0.00067882	1.32117	1.44727	16932.8	82.38	0000000009
1141	0.711763	0.000679469	1.07497	1.55847	77893.8	82.43	0000006946
1142	0.712443	0.000680118	1.38494	1.55847	23454	82.43	0000000017
1143	0.713124	0.000680768	1.21561	1.55847	56100.1	82.44	0000001647
1144	0.713806	0.000681419	1.45656	1.55847	24286.4	82.45	0000000018
1145	0.714488	0.00068207	1.33218	1.44751	85060.1	82.77	0000032768
1146	0.71517	0.000682722	1.50421	1.474	25752.2	82.80	0000000020
1147	0.715854	0.000683374	1.22396	1.474	56483.1	82.81	0000001661
1148	0.716538	0.000684027	1.55275	1.474	24170.9	82.81	0000000018
1149	0.717223	0.000684681	1.09522	1.44824	77539.6	82.86	0000006982
1150	0.717908	0.000685335	1.87018	1.44824	20941.8	82.86	0000000026
1151	0.718594	0.00068599	1.23876	1.44824	54178.1	82.88	0000001667
1152	0.71928	0.000686645	2.03436	1.44824	19641.2	82.88	0000000027
1153	0.719968	0.000687301	1.26899	1.44861	74256.7	82.95	0000014165
1154	0.720656	0.000687958	2.23421	1.44861	19840.1	82.96	0000000035
1155	0.721344	0.000688615	1.25029	1.44861	54058.2	82.97	0000001677
1156	0.722034	0.000689273	2.342	1.44861	20536.2	82.97	0000000049
1157	0.722724	0.000689932	1.09839	1.57288	75992.6	83.03	0000007044
1158	0.723414	0.000690591	1.99833	1.57288	21390.5	83.03	0000000046
1159	0.724105	0.000691251	1.22516	1.57288	54433.1	83.04	0000001660
1160	0.724797	0.000691912	1.76038	1.57288	21093.4	83.04	0000000046
1161	0.72549	0.000692573	1.41384	1.57312	80591	83.37	0000032768
1162	0.726183	0.000693235	2.22113	1.51428	21471.7	83.40	0000000040
1163	0.726877	0.000693897	1.25032	1.51428	54990.7	83.41	0000001680
1164	0.727572	0.00069456	2.36151	1.51428	19619.3	83.41	0000000042
1165	0.728267	0.000695224	1.11593	1.57361	75923.7	83.46	0000007086
1166	0.728963	0.000695888	2.25785	1.57361	20706.9	83.47	0000000040
1167	0.729659	0.000696553	1.19859	1.57361	57260.5	83.48	0000001673
1168	0.730356	0.000697219	2.45549	1.57361	18681.7	83.48	0000000039
1169	0.731054	0.000697885	1.58496	1.57446	50094.7	83.58	0000014185
1170	0.731753	0.000698552	2.50941	1.57446	16694.5	83.59	0000000033
1171	0.732452	0.000699219	1.21955	1.57446	54743.1	83.60	0000001666
1172	0.733152	0.000699887	2.33041	1.57446	15870.7	83.60	0000000032
1173	0.733853	0.000700556	1.11077	1.57471	74788.3	83.66	0000007130
1174	0.734554	0.000701225	2.54017	1.57471	15187.3	83.66	0000000027
1175	0.735256	0.000701896	1.21474	1.57471	55674	83.67	0000001659
1176	0.735958	0.000702566	2.30346	1.57471	15351.8	83.67	0000000017
1177	0.736661	0.000703238	1.42909	1.57495	80482.7	84.00	0000032768
1178	0.737365	0.00070391	2.05348	1.5155	14203.6	84.02	0000000011
1179	0.73807	0.000704582	1.27217	1.5155	53975.3	84.03	0000001678
1180	0.738775	0.000705255	1.6825	1.5155	18232.4	84.04	0000000011
1181	0.739481	0.000705929	1.09883	1.5155	76781.6	84.09	0000007263
1182	0.740188	0.000706604	1.29743	1.5155	19780.2	84.09	0000000008
1183	0.740895	0.000707279	1.29168	1.5155	52413.8	84.10	0000001693
1184	0.741603	0.000707955	1.52316	1.5155	20858.5	84.11	0000000011
1185	0.742312	0.000708631	1.29298	1.56165	72082.8	84.19	0000014281
1186	0.743021	0.000709308	1.81351	1.56165	21802.2	84.19	0000000016
1187	0.743731	0.000709986	1.31082	1.56165	50463	84.20	0000001692
1188	0.744442	0.000710665	1.42385	1.56165	17352.7	84.20	0000000017
1189	0.745153	0.000711344	1.10385	1.57581	76772.6	84.26	0000007287
1190	0.745865	0.000712023	1.9855	1.57581	22428.1	84.26	0000000020
1191	0.746578	0.000712704	1.23596	1.57581	54743	84.27	0000001708
1192	0.747291	0.000713385	1.49091	1.57581	26883.2	84.27	0000000018
1193	0.748005	0.000714066	1.43776	1.57605	80521.6	84.60	0000032768
1194	0.74872	0.000714749	1.8192	1.57568	17670.3	84.63	0000000013
1195	0.749435	0.000715432	1.21507	1.57568	55581.7	84.64	0000001689
1196	0.750151	0.000716115	1.52653	1.57568	20706.6	84.64	0000000012
1197	0.750868	0.0007168	1.10511	1.57605	74813.3	84.69	0000007288
1198	0.751586	0.000717485	1.84118	1.57605	5691.97	84.70	0000000006
1199	0.752304	0.00071817	1.20717	1.57605	53445.2	84.71	0000001675
1200	0.753023	0.000718856	1.69033	1.57605	7749.71	84.71	0000000007
1201	0.753742	0.000719543	1.30557	1.57593	72462.5	84.82	0000014321
1202	0.754463	0.000720231	1.63059	1.57593	19709.1	84.82	0000000012
1203	0.755183	0.000720919	1.22642	1.57593	54743.8	84.83	0000001682
1204	0.755905	0.000721608	1.39352	1.57593	18493	84.84	0000000008
1205	0.756627	0.000722297	1.09395	1.57593	75920.2	84.89	0000007299
1206	0.75735	0.000722988	1.8281	1.57593	11091.6	84.89	0000000011
1207	0.758074	0.000723679	1.23705	1.57593	52629.8	84.90	0000001644
1208	0.758798	0.00072437	1.79822	1.57593	12258.3	84.91	0000000007
1209	0.759523	0.000725062	1.43056	1.57556	80340.6	85.23	0000032768
1210	0.760249	0.000725755	1.89343	1.57605	11381.3	85.26	0000000008
1211	0.760976	0.000726448	1.22507	1.57605	53765.7	85.27	0000001618
1212	0.761703	0.000727143	1.92902	1.57605	11940.6	85.27	0000000017
1213	0.762431	0.000727837	1.09934	1.57581	76530.4	85.33	0000007347
1214	0.763159	0.000728533	2.52691	1.57581	13252.2	85.33	0000000025
1215	0.763888	0.000729229	1.23036	1.57581	53500.6	85.34	0000001586
1216	0.764618	0.000729926	2.51364	1.57581	15032.9	85.35	0000000025
1217	0.765349	0.000730623	1.32222	1.59387	71357	85.43	0000014379
1218	0.76608	0.000731321	2.52011	1.59387	15911.4	85.43	0000000028
1219	0.766812	0.00073202	1.24894	1.59387	52117.4	85.44	0000001590
1220	0.767545	0.00073272	2.74966	1.59387	12204.3	85.44	0000000026
1221	0.768278	0.00073342	1.08771	1.59436	75803.7	85.50	0000007316
1222	0.769013	0.000734121	2.55049	1.59436	15799.4	85.50	0000000030
1223	0.769747	0.000734822	1.29932	1.59436	49710.5	85.51	0000001571
1224	0.770483	0.000735524	2.71241	1.59436	13541.2	85.52	0000000027
1225	0.771219	0.000736227	1.42489	1.57678	79422.6	85.85	0000032768
1226	0.771956	0.000736931	2.58355	1.57666	13704.3	85.87	0000000025
1227	0.772694	0.000737635	1.26645	1.57666	51765.9	85.88	0000001601
1228	0.773432	0.00073834	2.61665	1.57666	13849.6	85.89	0000000026
1229	0.774171	0.000739045	1.09774	1.5769	75369.1	85.94	0000007296
1230	0.774911	0.000739751	2.53795	1.5769	14979.9	85.94	0000000027
1231	0.775651	0.000740458	1.2777	1.5769	49168.3	85.95	0000001580
1232	0.776392	0.000741166	2.15881	1.5769	14575.4	85.96	0000000024
1233	0.777134	0.000741874	1.28782	1.57739	71662	86.04	0000014390
1234	0.777877	0.000742583	2.11006	1.57739	17036.7	86.04	0000000020
1235	0.77862	0.000743292	1.30513	1.57739	49523.4	86.05	0000001598
1236	0.779364	0.000744003	1.79091	1.57739	17285.9	86.06	0000000013
1237	0.780109	0.000744714	1.09439	1.6239	75002.8	86.11	0000007295
1238	0.780854	0.000745425	1.49044	1.6239	22625.9	86.11	0000000014
1239	0.7816	0.000746138	1.32865	1.6239	48541	86.13	0000001572
1240	0.782347	0.00074685	1.71941	1.6239	24749.5	86.13	0000000025
1241	0.783095	0.000747564	1.44358	1.60559	78569.1	86.46	0000032768
1242	0.783843	0.000748278	1.88622	1.61597	22521.8	86.49	0000000030
1243	0.784592	0.000748993	1.31138	1.61597	49136.2	86.50	0000001569
1244	0.785342	0.000749709	1.75948	1.61597	19127.7	86.50	0000000028
1245	0.786092	0.000750426	1.10106	1.61572	74063.2	86.56	0000007311
1246	0.786843	0.000751143	2.25257	1.61572	14932.4	86.56	0000000021
1247	0.787595	0.00075186	1.32724	1.61572	48366.5	86.57	0000001532
1248	0.788348	0.000752579	2.49571	1.61572	13938.9	86.57	0000000021
1249	0.789101	0.000753298	1.32569	1.62415	69959.3	86.66	0000014420
1250	0.789855	0.000754018	2.33293	1.62415	16196.7	86.66	0000000021
1251	0.79061	0.000754738	1.30878	1.62415	49330.2	86.67	0000001541
1252	0.791365	0.000755459	2.33014	1.62415	14877.6	86.67	0000000017
1253	0.792122	0.000756181	1.10563	1.59521	73923.3	86.73	0000007342
1254	0.792878	0.000756904	2.12005	1.59521	14639.1	86.73	0000000013
1255	0.793636	0.000757627	1.30218	1.59521	49212.7	86.74	0000001520
1256	0.794394	0.000758351	2.17507	1.59521	14238	86.75	0000000014
1257	0.795154	0.000759076	1.42124	1.57825	78766.9	87.08	0000032768
1258	0.795913	0.000759801	2.40385	1.578	11911.8	87.11	0000000014
1259	0.796674	0.000760527	1.31465	1.578	48594.3	87.12	0000001549
1260	0.797435	0.000761254	2.47778	1.578	8740.84	87.12	0000000014
1261	0.798197	0.000761981	1.07636	1.578	74559.6	87.18	0000007353
1262	0.79896	0.000762709	2.29176	1.578	12373.2	87.18	0000000014
1263	0.799723	0.000763438	1.29983	1.578	48527.5	87.19	0000001543
1264	0.800487	0.000764168	2.44785	1.578	13698.2	87.21	0000000016
1265	0.801252	0.000764898	1.3175	1.62427	69983.3	87.29	0000014453
1266	0.802018	0.000765629	2.34653	1.62427	14628.1	87.30	0000000016
1267	0.802784	0.00076636	1.36837	1.62427	45430.9	87.31	0000001537
1268	0.803551	0.000767092	2.62256	1.62427	12645	87.31	0000000019
1269	0.804319	0.000767825	1.09354	1.61267	73034.3	87.37	0000007346
1270	0.805088	0.000768559	2.15228	1.61267	15328.1	87.37	0000000014
1271	0.805857	0.000769294	1.36497	1.61267	45578.5	87.38	0000001536
1272	0.806627	0.000770029	1.98031	1.61267	12197	87.39	0000000014
1273	0.807398	0.000770764	1.44061	1.62415	78112.2	87.72	0000032768
1274	0.808169	0.000771501	2.08655	1.578	13063.5	87.75	0000000010
1275	0.808942	0.000772238	1.2994	1.578	48585.7	87.76	0000001540
1276	0.809715	0.000772976	1.81941	1.578	12191	87.76	0000000007
1277	0.810488	0.000773715	1.08743	1.59509	73801.1	87.81	0000007394
1278	0.811263	0.000774454	1.3857	1.59509	11045.7	87.82	0000000004
1279	0.812038	0.000775194	1.36541	1.59509	46279.1	87.83	0000001519
1280	0.812814	0.000775935	1.2828	1.59509	3679.61	87.83	0000000001
1281	0.813591	0.000776676	1.31591	1.62366	69691.1	87.92	0000014459
1282	0.814368	0.000777418	1.24092	1.62366	9243.74	87.92	0000000003
1283	0.815146	0.000778161	1.41061	1.62366	42940.1	87.93	0000001513
1284	0.815925	0.000778905	1.97594	1.62366	2868.39	87.93	0000000003
1285	0.816705	0.000779649	1.09258	1.62415	72626.9	87.99	0000007437
1286	0.817485	0.000780394	1.57704	1.62415	3580.35	87.99	0000000003
1287	0.818266	0.00078114	1.37678	1.62415	45095.8	88.01	0000001507
1288	0.819831	0.00156452	1.4455	1.60632	77380.2	88.34	0000032768
1289	0.821398	0.00156751	1.36524	1.59619	46289.7	88.38	0000001531
1290	0.822969	0.00157051	1.08186	1.59583	73096.2	88.44	0000007426
1291	0.824542	0.00157351	1.38876	1.59583	43527.9	88.45	0000001546
1292	0.826119	0.00157652	1.31737	1.62476	67645.9	88.54	0000014433
1293	0.827698	0.00157953	1.39627	1.62476	43660.6	88.55	0000001551
1294	0.829281	0.00158255	1.10017	1.6178	73005.7	88.61	0000007479
1295	0.830073	0.000792411	1.15087	1.6178	7492.54	88.61	0000000002
1296	0.830866	0.000793168	1.36705	1.6178	43794.3	88.62	0000001571
1297	0.83166	0.000793926	1.4327	1.6178	9661.84	88.62	0000000004
1298	0.832455	0.000794685	1.44592	1.61438	76898.2	88.96	0000032768
1299	0.83325	0.000795444	1.77581	1.59753	11394.5	88.99	0000000007
1300	0.834047	0.000796204	1.36133	1.59753	44148.3	89.00	0000001592
1301	0.834844	0.000796965	1.98923	1.59753	13110.4	89.00	0000000010
1302	0.835641	0.000797726	1.10025	1.59741	71278.8	89.06	0000007491
1303	0.83644	0.000798489	1.85273	1.59741	11242.4	89.07	0000000012
1304	0.837239	0.000799252	1.35822	1.59741	43207.3	89.08	0000001633
1305	0.838039	0.000800015	1.91938	1.59741	10762.8	89.08	0000000009
1306	0.83884	0.00080078	1.31042	1.60864	69445.3	89.17	0000014447
1307	0.839641	0.000801545	2.04511	1.60864	13547.3	89.17	0000000011
1308	0.840444	0.000802311	1.38093	1.60864	44374	89.18	0000001662
1309	0.841247	0.000803078	2.51424	1.60864	11807.6	89.19	0000000017
1310	0.842051	0.000803845	1.10065	1.82397	71545.5	89.25	0000007469
1311	0.842855	0.000804613	2.03123	1.82397	12816.7	89.25	0000000019
1312	0.843661	0.000805382	1.42117	1.82397	41065.2	89.26	0000001665
1313	0.844467	0.000806152	2.04657	1.82397	13663	89.27	0000000023
1314	0.845274	0.000806922	1.60199	1.82361	69824	89.64	0000032768
1315	0.846081	0.000807693	2.58296	1.7627	14491	89.67	0000000028
1316	0.84689	0.000808465	1.4208	1.7627	43178.9	89.68	0000001699
1317	0.847699	0.000809237	2.61839	1.7627	14925	89.69	0000000028
1318	0.848509	0.00081001	1.10601	1.73889	72355.4	89.75	0000007512
1319	0.84932	0.000810784	2.68733	1.73889	13370	89.75	0000000027
1320	0.850131	0.000811559	1.37278	1.73889	44060.6	89.76	0000001737
1321	0.850944	0.000812335	2.72069	1.73889	13153.9	89.77	0000000032
1322	0.851757	0.000813111	1.38541	1.83154	64661.6	89.86	0000014399
1323	0.852571	0.000813888	2.48743	1.83154	14251.3	89.86	0000000029
1324	0.853385	0.000814666	1.39528	1.83154	42203.2	89.87	0000001729
1325	0.854201	0.000815444	2.48559	1.83154	14346.5	89.88	0000000033
1326	0.855017	0.000816223	1.12015	1.81201	70220.2	89.94	0000007473
1327	0.855834	0.000817003	2.53065	1.81201	15721.3	89.94	0000000029
1328	0.856652	0.000817784	1.43502	1.81201	41800.2	89.96	0000001725
1329	0.857471	0.000818565	2.43752	1.81201	13551.9	89.96	0000000020
1330	0.85829	0.000819347	1.5794	1.81189	71029.9	90.33	0000032768
1331	0.85911	0.00082013	2.19284	1.72852	14029.5	90.36	0000000014
1332	0.859931	0.000820914	1.37873	1.72852	44777.1	90.37	0000001746
1333	0.860753	0.000821698	1.86697	1.72852	14339.6	90.37	0000000011
1334	0.861575	0.000822484	1.12185	1.78369	70019.5	90.44	0000007486
1335	0.862398	0.000823269	1.75877	1.78369	15422.6	90.44	0000000019
1336	0.863222	0.000824056	1.42866	1.78369	41512.3	90.45	0000001742
1337	0.864047	0.000824844	2.0575	1.78369	16873.1	90.46	0000000022
1338	0.864873	0.000825632	1.40035	1.83228	64663.1	90.55	0000014402
1339	0.865699	0.000826421	2.17891	1.83228	18123.1	90.55	0000000028
1340	0.866527	0.00082721	1.34077	1.83228	44961.4	90.57	0000001762
1341	0.867355	0.000828001	1.8061	1.83228	17421.4	90.57	0000000031
1342	0.868183	0.000828792	1.0843	1.82275	73880.8	90.63	0000007448
1343	0.869013	0.000829584	2.36148	1.82275	17671.1	90.63	0000000040
1344	0.869843	0.000830377	1.37711	1.82275	44282.5	90.65	0000001753
1345	0.870674	0.00083117	2.57943	1.82275	15856.7	90.65	0000000046
1346	0.871506	0.000831964	1.62914	1.83313	70075	91.03	0000032768
1347	0.872339	0.000832759	2.57338	1.83313	17496.6	91.06	0000000059
1348	0.873173	0.000833555	1.33266	1.83313	44993	91.07	0000001758
1349	0.874007	0.000834351	2.46563	1.83313	16982.6	91.08	0000000056
1350	0.874842	0.000835149	1.11429	1.83362	71319.5	91.14	0000007425
1351	0.875678	0.000835947	2.32515	1.83362	16089.2	91.14	0000000049
1352	0.876515	0.000836746	1.34631	1.83362	44028.8	91.16	0000001755
1353	0.877352	0.000837545	2.78901	1.83362	14409.9	91.16	0000000042
1354	0.878191	0.000838345	1.4109	1.83337	64905.4	91.25	0000014419
1355	0.87903	0.000839146	2.75491	1.83337	15680.9	91.26	0000000042
1356	0.87987	0.000839948	1.34803	1.83337	43941.4	91.27	0000001752
1357	0.880711	0.000840751	2.86815	1.83337	14305.4	91.27	0000000047
1358	0.881552	0.000841554	1.08001	1.82275	73079.9	91.33	0000007391
1359	0.882395	0.000842358	2.85309	1.82275	14999.5	91.34	0000000051
1360	0.883238	0.000843163	1.38915	1.82275	42320.6	91.35	0000001752
1361	0.884082	0.000843969	3.01085	1.82275	13606.2	91.36	0000000058
1362	0.884926	0.000844775	1.58375	1.823	71339.5	91.74	0000032768
1363	0.885772	0.000845583	2.98504	1.823	15076.7	91.77	0000000070
1364	0.886618	0.000846391	1.443	1.823	41625.8	91.78	0000001771
1365	0.887466	0.000847199	3.13808	1.823	14415.2	91.79	0000000097
1366	0.888314	0.000848009	1.07944	1.82288	73533.2	91.85	0000007401
1367	0.889162	0.000848819	3.15829	1.82288	14658.7	91.85	0000000108
1368	0.890012	0.00084963	1.41254	1.82288	41973.7	91.87	0000001789
1369	0.890863	0.000850442	3.20801	1.82288	13498	91.87	0000000121
1370	0.891714	0.000851255	1.36394	1.823	66623.9	91.96	0000014397
1371	0.892566	0.000852068	3.14338	1.823	14620.8	91.97	0000000136
1372	0.893419	0.000852882	1.39691	1.823	41884.9	91.98	0000001787
1373	0.894272	0.000853697	3.08828	1.823	13246.6	91.99	0000000144
1374	0.895127	0.000854513	1.08129	1.82312	72593.7	92.05	0000007384
1375	0.895982	0.00085533	3.22761	1.82312	14942.7	92.06	0000000161
1376	0.896838	0.000856147	1.39268	1.82312	42843.6	92.07	0000001791
1377	0.897695	0.000856965	3.27919	1.82312	13641.4	92.08	0000000165
1378	0.898553	0.000857784	1.61237	1.82373	70967.1	92.45	0000032768
1379	0.899412	0.000858603	3.2098	1.82385	15717.9	92.49	0000000175
1380	0.900271	0.000859424	1.39571	1.82385	43503.2	92.50	0000001787
1381	0.901131	0.000860245	3.19271	1.82385	14120.2	92.51	0000000173
1382	0.901993	0.000861067	1.09484	1.82312	71827.8	92.57	0000007398
1383	0.902854	0.00086189	3.25229	1.82312	14801.2	92.57	0000000174
1384	0.903717	0.000862713	1.42814	1.82312	41778.6	92.59	0000001783
1385	0.904581	0.000863538	3.19382	1.82312	13597.7	92.60	0000000180
1386	0.905445	0.000864363	1.35702	1.78137	66164.4	92.69	0000014396
1387	0.90631	0.000865189	3.22252	1.78137	15367.6	92.69	0000000171
1388	0.907176	0.000866016	1.43307	1.78137	41178.6	92.71	0000001788
1389	0.908043	0.000866843	3.27323	1.78137	13697.9	92.71	0000000167
1390	0.908911	0.000867671	1.12419	1.80652	70264.6	92.78	0000007413
1391	0.909779	0.000868501	3.20703	1.80652	15240.8	92.78	0000000154
1392	0.910649	0.00086933	1.42915	1.80652	39909.4	92.80	0000001785
1393	0.911519	0.000870161	3.23705	1.80652	13697	92.80	0000000143
1394	0.91239	0.000870993	1.58607	1.78857	71223.1	93.18	0000032768
1395	0.913262	0.000871825	2.89495	1.80676	14848.3	93.22	0000000124
1396	0.914134	0.000872658	1.39162	1.80676	41356.8	93.23	0000001806
1397	0.915008	0.000873492	3.04332	1.80676	13578.3	93.24	0000000116
1398	0.915882	0.000874326	1.11756	1.80627	68915.3	93.30	0000007396
1399	0.916757	0.000875162	3.03859	1.80627	14814.3	93.31	0000000100
1400	0.917633	0.000875998	1.4686	1.80627	39302.4	93.32	0000001791
1401	0.91851	0.000876835	3.0669	1.80627	13661	93.33	0000000089
1402	0.919388	0.000877673	1.37002	1.8053	65929.7	93.42	0000014430
1403	0.920266	0.000878512	2.80653	1.8053	14173.9	93.43	0000000077
1404	0.921146	0.000879351	1.52101	1.8053	38196.6	93.44	0000001774
1405	0.922026	0.000880191	2.82374	1.8053	12963.9	93.45	0000000044
1406	0.922907	0.000881032	1.09011	1.80481	70109.8	93.51	0000007370
1407	0.923789	0.000881874	2.32634	1.80481	13603.1	93.51	0000000028
1408	0.924671	0.000882717	1.47164	1.80481	38200	93.53	0000001775
1409	0.925555	0.00088356	2.26718	1.80481	12766.8	93.53	0000000017
1410	0.926439	0.000884405	1.58208	1.80469	70436.5	93.91	0000032768
1411	0.927325	0.00088525	2.32133	1.80457	12370	93.94	0000000014
1412	0.928211	0.000886096	1.51831	1.80457	37887.8	93.96	0000001785
1413	0.929098	0.000886942	1.80769	1.80457	11603.9	93.96	0000000007
1414	0.929985	0.00088779	1.1135	1.80518	68609.9	94.02	0000007334
1415	0.930874	0.000888638	1.67931	1.80518	10899.6	94.03	0000000006
1416	0.931764	0.000889487	1.53205	1.80518	36570.2	94.04	0000001808
1417	0.932654	0.000890337	2.08353	1.80518	9525.51	94.05	0000000013
1418	0.933545	0.000891188	1.32361	1.75818	66965.7	94.14	0000014418
1419	0.934437	0.00089204	2.36003	1.75818	13075.1	94.14	0000000019
1420	0.93533	0.000892892	1.47967	1.75818	37478.5	94.16	0000001821
1421	0.936224	0.000893745	2.46105	1.75818	12890.8	94.16	0000000021
1422	0.937118	0.000894599	1.09482	1.74902	69334.8	94.22	0000007297
1423	0.938014	0.000895454	2.45223	1.74902	14602	94.23	0000000022
1424	0.93891	0.00089631	1.52264	1.74902	37231.9	94.24	0000001861
1425	0.939807	0.000897166	2.45495	1.74902	13416.9	94.25	0000000020
1426	0.940705	0.000898023	1.52773	1.73376	73147.7	94.62	0000032768
1427	0.941604	0.000898882	2.31275	1.74573	14145.3	94.65	0000000018
1428	0.942504	0.00089974	1.48992	1.74573	37983.2	94.67	0000001892
1429	0.943405	0.0009006	2.12766	1.74573	15181.1	94.67	0000000018
1430	0.944306	0.000901461	1.1154	1.57642	67832.3	94.74	0000007311
1431	0.945208	0.000902322	1.62425	1.57642	16252.9	94.74	0000000013
1432	0.946111	0.000903184	1.47558	1.57642	36816.3	94.76	0000001926
1433	0.947016	0.000904047	1.47219	1.57642	14067.5	94.76	0000000008
1434	0.94792	0.000904911	1.28467	1.57397	69825.7	94.85	0000014387
1435	0.948826	0.000905776	1.31235	1.57397	17745.4	94.85	0000000008
1436	0.949733	0.000906641	1.46879	1.57397	37114.4	94.87	0000001913
1437	0.95064	0.000907508	1.62101	1.57397	11289.6	94.87	0000000008
1438	0.951549	0.000908375	1.10744	1.57446	68670.4	94.93	0000007226
1439	0.952458	0.000909243	1.80553	1.57446	15391.2	94.93	0000000013
1440	0.953368	0.000910112	1.44076	1.57446	37724	94.95	0000001917
1441	0.954279	0.000910981	2.13859	1.57446	14287.7	94.95	0000000020
1442	0.955191	0.000911852	1.43592	1.57507	78732.1	95.32	0000032768
1443	0.956104	0.000912723	2.12778	1.55945	14579.9	95.35	0000000019
1444	0.957017	0.000913595	1.49726	1.55945	36192.8	95.37	0000001926
1445	0.957932	0.000914468	2.21441	1.55945	14331.6	95.37	0000000026
1446	0.958847	0.000915342	1.1213	1.55847	66517.7	95.43	0000007230
1447	0.959763	0.000916217	2.33477	1.55847	15010.8	95.44	0000000027
1448	0.96068	0.000917092	1.46843	1.55847	36275.1	95.45	0000001920
1449	0.961598	0.000917969	2.35205	1.55847	14346.6	95.46	0000000026
1450	0.962517	0.000918846	1.29022	1.57349	68816.4	95.54	0000014367
1451	0.963437	0.000919724	2.33185	1.57349	14492.1	95.55	0000000026
1452	0.964358	0.000920602	1.47178	1.57349	35499.3	95.56	0000001913
1453	0.965279	0.000921482	2.10431	1.57349	13758.5	95.57	0000000024
1454	0.966201	0.000922363	1.11578	1.57446	66750.5	95.63	0000007205
1455	0.967125	0.000923244	2.25066	1.57446	14541.6	95.63	0000000022
1456	0.968049	0.000924126	1.44791	1.57446	36257.5	95.65	0000001922
1457	0.968974	0.000925009	2.39345	1.57446	11895.8	95.65	0000000020
1458	0.9699	0.000925893	1.46835	1.6571	75434.7	96.02	0000032768
1459	0.970826	0.000926778	2.20971	1.68079	13724.4	96.05	0000000022
1460	0.971754	0.000927663	1.52521	1.68079	34952.6	96.07	0000001920
1461	0.972683	0.00092855	2.31978	1.68079	12987.9	96.08	0000000021
1462	0.973612	0.000929437	1.09329	1.68091	67047.5	96.14	0000007156
1463	0.974542	0.000930325	2.31336	1.68091	12421.2	96.14	0000000019
1464	0.975474	0.000931214	1.49828	1.68091	34862.3	96.16	0000001933
1465	0.976406	0.000932104	2.1487	1.68091	12350.2	96.16	0000000015
1466	0.977339	0.000932995	1.31846	1.65869	67072.6	96.25	0000014369
1467	0.978273	0.000933886	2.01417	1.65869	13891.9	96.25	0000000014
1468	0.979207	0.000934779	1.45368	1.65869	36190.2	96.27	0000001923
1469	0.980143	0.000935672	2.08598	1.65869	12683.7	96.28	0000000014
1470	0.98108	0.000936566	1.09404	1.68176	66599.9	96.34	0000007136
1471	0.982017	0.000937461	2.08288	1.68176	13810.8	96.34	0000000017
1472	0.982955	0.000938357	1.43925	1.68176	36474	96.36	0000001948
1473	0.983895	0.000939253	2.26317	1.68176	13371.3	96.36	0000000023
1474	0.984835	0.000940151	1.45683	1.65845	75735	96.74	0000032768
1475	0.985776	0.000941049	2.51607	1.6582	14328.3	96.77	0000000038
1476	0.986718	0.000941948	1.43855	1.6582	36977.5	96.78	0000001944
1477	0.987661	0.000942848	2.65562	1.6582	13484	96.79	0000000062
1478	0.988604	0.000943749	1.09444	1.6582	66823.7	96.85	0000007141
1479	0.989549	0.000944651	2.7109	1.6582	14792	96.86	0000000087
1480	0.990495	0.000945554	1.41392	1.6582	37252	96.87	0000001977
1481	0.991441	0.000946457	2.77506	1.6582	13592	96.88	0000000134
1482	0.992388	0.000947362	1.3881	1.65808	63895.3	96.97	0000014336
1483	0.993337	0.000948267	2.02218	1.65808	20331.1	96.98	0000000181
1484	0.994286	0.000949173	1.47373	1.65808	35333.7	96.99	0000001953
1485	0.995236	0.00095008	2.09138	1.65808	17772.4	97.00	0000000215
1486	0.996187	0.000950988	1.17988	1.65808	62155.5	97.06	0000007108
1487	0.997139	0.000951896	2.13023	1.65808	18860.3	97.07	0000000252
1488	0.998092	0.000952806	1.42493	1.65808	35737.7	97.09	0000001958
1489	0.999045	0.000953716	2.1811	1.65808	16456.1	97.09	0000000271
1490	1	0.000954628	1.51348	1.65784	73755.5	97.09	0000032768
