step t dt workloadBalance memoryBalance partSecReal cpuWalltime Nf 
0	0.02	0	1.05414	1.00781	80567.2	0.20	0000032768
0	0.02	0	1.06791	1.00781	88175.4	0.94	0000032768
1	0.020308	0.000307974	1.04258	1.01074	91476.2	1.15	0000032768
2	0.0206207	0.000312716	1.0473	1.00977	91118.7	1.34	0000032768
3	0.0209382	0.000317532	1.04009	1.00977	91750.4	1.54	0000032768
4	0.0212606	0.000322421	1.03378	1.00977	92318.1	1.74	0000032768
5	0.021588	0.000327386	1.03028	1.00781	92921	2.23	0000032768
6	0.0219205	0.000332428	1.05571	1.00977	90574.6	2.72	0000032768
7	0.022258	0.000337546	1.03439	1.00879	92380.5	3.21	0000032768
8	0.0226007	0.000342744	1.04024	1.00879	91931.3	3.40	0000032768
9	0.0229488	0.000348022	1.03983	1.00879	91817	3.60	0000032768
10	0.0233022	0.000353381	1.09409	1.01172	87149.6	3.81	0000032768
11	0.023661	0.000358823	1.04405	1.01172	91684.8	4.21	0000032768
12	0.0240253	0.000364348	1.15869	1.01172	82083.1	4.69	0000032768
13	0.0243953	0.000369959	1.03325	1.01172	92620.3	5.21	0000032768
14	0.0247709	0.000375656	1.04171	1.00781	91730.8	5.41	0000032768
15	0.0251524	0.00038144	1.03963	1.00781	91889.8	5.83	0000032768
16	0.0255397	0.000387314	1.03967	1.00684	91882.5	6.03	0000032768
17	0.025933	0.000393278	1.03728	1.00684	92260.7	6.48	0000032768
18	0.0263323	0.000399334	1.03762	1.00781	92218.9	6.98	0000032768
19	0.0267378	0.000405483	1.03701	1.00781	92150.8	7.18	0000032768
20	0.0271495	0.000411727	1.03584	1.01172	92340.5	7.38	0000032768
21	0.0275676	0.000418067	1.03957	1.01172	92223.6	7.85	0000032768
22	0.0279921	0.000424505	1.03693	1.01172	92257.3	8.07	0000032768
23	0.0284231	0.000431042	1.04402	1.01172	91765	8.54	0000032768
24	0.0288608	0.000437679	1.03377	1.01074	92443.4	8.96	0000032768
25	0.0293052	0.000444419	1.0359	1.01074	92277.7	9.46	0000032768
26	0.0297565	0.000451262	1.03504	1.01074	92390.8	9.67	0000032768
27	0.0302147	0.000458211	1.03393	1.01074	92416.5	9.87	0000032768
28	0.03068	0.000465267	1.03442	1.01074	92534.3	10.07	0000032768
29	0.0311524	0.000472431	1.03233	1.00977	92544	10.28	0000032768
30	0.0316321	0.000479706	1.03526	1.00977	92220.5	10.49	0000032768
31	0.0321192	0.000487093	1.0416	1.00879	91730.5	10.70	0000032768
32	0.0326138	0.000494594	1.0415	1.01172	91975.5	11.13	0000032768
33	0.033116	0.00050221	1.04202	1.01172	91735.2	11.37	0000032768
34	0.0336259	0.000509943	1.04259	1.0127	91685.7	11.57	0000032768
35	0.0341437	0.000517796	1.10722	1.0127	86084	11.77	0000032768
36	0.0346695	0.000525769	1.04184	1.01172	91779.7	11.99	0000032768
37	0.0352034	0.000533865	1.04202	1.01074	91676.8	12.19	0000032768
38	0.0357455	0.000542086	1.04245	1.00879	91830.1	12.60	0000032768
39	0.0362959	0.000550433	1.04141	1.0166	91728.8	12.80	0000032768
40	0.0368548	0.000558909	1.04184	1.01562	91763.3	13.02	0000032768
41	0.0374223	0.000567516	1.04148	1.01562	91898.5	13.26	0000032768
42	0.0379986	0.000576255	1.04249	1.01562	91659.4	13.46	0000032768
43	0.0385837	0.000585128	1.04907	1.01465	91162.4	13.71	0000032768
44	0.0391778	0.000594139	1.0754	1.0127	88720.9	13.91	0000032768
45	0.0397811	0.000603288	1.04856	1.01562	91348.2	14.39	0000032768
46	0.0403937	0.000612577	1.04761	1.02051	91334.7	14.88	0000032768
47	0.0410157	0.00062201	1.04848	1.02051	91399.2	15.30	0000032768
48	0.0416473	0.000631589	1.04627	1.01953	91551.4	15.78	0000032768
49	0.0422886	0.000641314	1.04772	1.01855	91292.9	15.99	0000032768
50	0.0429398	0.00065119	1.0481	1.01953	91494.2	16.53	0000032768
51	0.043601	0.000661217	1.04581	1.01953	91566.4	16.96	0000032768
52	0.0442724	0.000671399	1.04891	1.01855	91310.5	17.38	0000032768
53	0.0449542	0.000681738	1.04984	1.01855	91389.5	17.79	0000032768
54	0.0456464	0.000692235	1.04781	1.01855	91284	17.99	0000032768
55	0.0463493	0.000702895	1.04653	1.01855	91615.9	18.48	0000032768
56	0.047063	0.000713719	1.0546	1.01953	90918	18.91	0000032768
57	0.0477877	0.000724709	1.0487	1.02246	91234.5	19.13	0000032768
58	0.0485236	0.000735869	1.05004	1.02637	90856.3	19.54	0000032768
59	0.0492708	0.0007472	1.06081	1.02637	90011	19.75	0000032768
60	0.0500295	0.000758706	1.05128	1.03027	91141.5	20.20	0000032768
61	0.0507999	0.000770389	1.06243	1.03125	90118.8	20.66	0000032768
62	0.0515821	0.000782252	1.04964	1.03125	91404.9	21.09	0000032768
63	0.0523764	0.000794298	1.04791	1.03125	91388.6	21.30	0000032768
64	0.053183	0.000806529	1.04975	1.03125	91232.2	21.50	0000032768
65	0.0540019	0.000818948	1.04675	1.03125	91727.2	21.93	0000032768
66	0.0548335	0.000831559	1.05652	1.03125	90791.8	22.13	0000032768
67	0.0556778	0.000844364	1.05119	1.03027	91172.4	22.34	0000032768
68	0.0565352	0.000857366	1.0516	1.03223	91334.5	22.54	0000032768
69	0.0574058	0.000870568	1.06045	1.03906	90517	22.79	0000032768
70	0.0582897	0.000883974	1.0572	1.03906	90892	23.04	0000032768
71	0.0591873	0.000897586	1.05581	1.03906	91213.8	23.51	0000032768
72	0.0600987	0.000911408	1.0506	1.03906	91701.5	23.98	0000032768
73	0.0610242	0.000925442	1.05	1.03711	91774	24.46	0000032768
74	0.0619639	0.000939693	1.04991	1.03906	91940	24.88	0000032768
75	0.062918	0.000954163	1.06989	1.04102	90753.4	25.41	0000032768
76	0.0638869	0.000968856	1.06063	1.04102	91157.4	25.87	0000032768
77	0.0648707	0.000983775	1.0616	1.04102	90698.4	26.08	0000032768
78	0.0658696	0.000998924	1.06222	1.03906	91163.3	26.57	0000032768
79	0.0668839	0.00101431	1.14128	1.04297	84377.5	27.07	0000032768
80	0.0679138	0.00102992	1.06695	1.04297	90742.3	27.57	0000032768
81	0.0689596	0.00104578	1.06567	1.03906	91043.4	27.77	0000032768
82	0.0700215	0.00106189	1.06139	1.03906	91479	28.26	0000032768
83	0.0710997	0.00107824	1.07062	1.04785	90820.4	28.68	0000032768
84	0.0721946	0.00109484	1.07067	1.04785	90843.8	29.15	0000032768
85	0.0733063	0.0011117	1.06438	1.04785	91497.5	29.36	0000032768
86	0.0744351	0.00112882	1.06432	1.04785	91554.6	29.57	0000032768
87	0.0755813	0.0011462	1.06445	1.04785	91742.6	29.82	0000032768
88	0.0767451	0.00116385	1.07888	1.0498	90679.7	30.31	0000032768
89	0.0779269	0.00118178	1.07706	1.0498	90931.3	30.52	0000032768
90	0.0791269	0.00119997	1.0765	1.0498	90928	30.73	0000032768
91	0.0803453	0.00121845	1.07699	1.05273	91118.7	30.94	0000032768
92	0.0815826	0.00123721	1.07528	1.05273	91318.1	31.14	0000032768
93	0.0828388	0.00125627	1.07164	1.05273	91662.7	31.35	0000032768
94	0.0841144	0.00127561	1.07146	1.05273	91785.6	31.76	0000032768
95	0.0854097	0.00129525	1.07096	1.05957	91950.3	31.97	0000032768
96	0.0867249	0.0013152	1.07892	1.05859	91491	32.44	0000032768
97	0.0880603	0.00133545	1.07394	1.05957	91802.6	32.65	0000032768
98	0.0894164	0.00135601	1.07307	1.05957	92089.2	33.12	0000032768
99	0.0907932	0.0013769	1.07401	1.0625	92102.4	33.55	0000032768
100	0.0921913	0.0013981	1.07126	1.0625	92380.2	34.01	0000032768
101	0.093611	0.00141963	1.07039	1.06055	92670.5	34.44	0000032768
102	0.0950525	0.00144149	1.06921	1.06738	92906.4	34.97	0000032768
103	0.0965161	0.00146368	1.10875	1.07715	89571.1	35.40	0000032768
104	0.0980024	0.00148622	1.09956	1.07715	90531.1	35.82	0000032768
105	0.0995115	0.00150911	1.09618	1.07715	90796.8	36.07	0000032768
106	0.101044	0.00153235	1.09184	1.07715	91193.6	36.51	0000032768
107	0.1026	0.00155594	1.1097	1.07715	89568.6	36.97	0000032768
108	0.10418	0.0015799	1.0897	1.07715	91597.1	37.45	0000032768
109	0.105784	0.00160423	1.08652	1.07715	91992.9	37.87	0000032768
110	0.106595	0.000811356	1.96029	1.08887	1039.35	37.94	0000000001
111	0.107413	0.000817579	1.09266	1.08887	91628.8	38.41	0000032768
112	0.108237	0.000823849	2.31615	1.08887	1743.38	38.48	0000000002
113	0.109067	0.000830168	1.08769	1.08887	92046.5	38.97	0000032768
114	0.109903	0.000836536	2.65374	1.09668	2114.06	39.03	0000000003
115	0.110746	0.000842952	1.09287	1.08887	91604.4	39.52	0000032768
116	0.11117	0.000423897	1.89672	1.08887	2101.76	39.58	0000000002
117	0.111596	0.00042552	3.35697	1.08887	2192.83	39.60	0000000004
118	0.112023	0.000427149	2.05983	1.08887	2054.57	39.62	0000000002
119	0.112452	0.000428784	1.08523	1.08887	92450.7	40.05	0000032768
120	0.112882	0.000430425	2.07941	1.09668	2111.63	40.12	0000000002
121	0.113314	0.000432072	3.34108	1.09668	2271.49	40.14	0000000004
122	0.113748	0.000433726	2.13525	1.09668	1783.01	40.15	0000000002
123	0.114183	0.000435386	1.09857	1.10645	91345.8	40.36	0000032768
124	0.11462	0.000437053	3.08054	1.10645	2761.76	40.43	0000000004
125	0.115059	0.000438726	2.84757	1.10645	2588.1	40.45	0000000004
126	0.115499	0.000440405	2.81873	1.10645	2794.73	40.46	0000000004
127	0.115942	0.000442091	1.09218	1.10645	91864.7	40.90	0000032768
128	0.116385	0.000443783	2.25735	1.10645	1818.92	40.96	0000000002
129	0.116831	0.000445481	2.93883	1.10645	2432.43	40.98	0000000004
130	0.117278	0.000447187	2.02651	1.10645	2007.45	41.00	0000000002
131	0.117727	0.000448898	1.09092	1.10645	92097.6	41.21	0000032768
132	0.118178	0.000450616	2.16306	1.10645	1867.85	41.27	0000000002
133	0.11863	0.000452341	3.02906	1.10645	2322.08	41.29	0000000004
134	0.119084	0.000454073	2.30485	1.10645	1714.63	41.31	0000000002
135	0.11954	0.000455811	1.08543	1.10645	92618.5	41.51	0000032768
136	0.120457	0.000916862	3.14694	1.10645	2200.51	41.58	0000000004
137	0.121381	0.000923894	1.07874	1.10742	93152.7	42.01	0000032768
138	0.122311	0.000930981	3.87352	1.10742	2458.08	42.07	0000000005
139	0.12325	0.000938121	1.08666	1.10742	92550.6	42.54	0000032768
140	0.124195	0.000945316	4.03576	1.10742	1814.38	42.60	0000000004
141	0.125148	0.000952567	1.07434	1.10742	93675.2	43.08	0000032768
142	0.126107	0.000959873	3.04962	1.10742	2333	43.15	0000000004
143	0.12659	0.000482694	2.35356	1.10742	1627.82	43.17	0000000002
144	0.127075	0.000484541	1.06968	1.10742	94171.2	43.61	0000032768
145	0.127561	0.000486396	2.02597	1.1123	2070.7	43.67	0000000002
146	0.128049	0.000488258	2.96723	1.1123	3098.97	43.69	0000000005
147	0.128539	0.000490127	1.78241	1.1123	2206.69	43.71	0000000002
148	0.129031	0.000492003	1.07709	1.11133	93484.1	43.93	0000032768
149	0.129525	0.000493886	1.96757	1.11133	2170.67	44.00	0000000002
150	0.130021	0.000495776	3.56168	1.11133	2868.73	44.01	0000000006
151	0.130519	0.000497674	2.06679	1.11133	1907	44.03	0000000002
152	0.131018	0.000499579	1.07028	1.11133	94251.4	44.46	0000032768
153	0.13152	0.000501491	7.09674	1.11133	654.4	44.53	0000000003
154	0.132023	0.000503411	4.9578	1.11133	2701.21	44.55	0000000008
155	0.132529	0.000505338	2.59495	1.11133	2995.88	44.57	0000000004
156	0.133036	0.000507272	1.069	1.11133	94060	44.80	0000032768
157	0.133545	0.000509213	1.79799	1.12207	2332.61	44.86	0000000002
158	0.134056	0.000511163	5.53771	1.12207	3220.6	44.88	0000000012
159	0.134569	0.000513119	1.76729	1.12207	1120.96	44.90	0000000001
160	0.135084	0.000515083	1.07229	1.12109	93944.4	45.12	0000032768
161	0.135601	0.000517055	2.7456	1.14746	2897.74	45.18	0000000004
162	0.13612	0.000519034	5.57717	1.14746	3741.36	45.20	0000000014
163	0.136642	0.00052102	2.69926	1.14746	2941.45	45.22	0000000004
164	0.137165	0.000523015	1.08887	1.14746	92494.2	45.65	0000032768
165	0.13769	0.000525017	3.50526	1.15527	2846.03	45.71	0000000005
166	0.138217	0.000527026	5.99683	1.15527	3974.34	45.73	0000000017
167	0.138746	0.000529043	3.80483	1.15527	2784.46	45.75	0000000006
168	0.139277	0.000531068	1.08859	1.1543	92428.4	46.23	0000032768
169	0.13981	0.000533101	3.56907	1.1543	3108.83	46.30	0000000006
170	0.140345	0.000535142	4.48421	1.1543	4892.14	46.32	0000000015
171	0.140882	0.00053719	3.8431	1.1543	3071.45	46.34	0000000006
172	0.141421	0.000539246	1.14943	1.1543	87377	46.79	0000032768
173	0.141963	0.00054131	3.95738	1.1543	3842.63	46.86	0000000009
174	0.142506	0.000543382	5.18339	1.1543	4345.91	46.88	0000000015
175	0.143052	0.000545462	3.58973	1.1543	4587.69	46.90	0000000010
176	0.143599	0.00054755	1.09043	1.1543	92372.9	47.12	0000032768
177	0.144149	0.000549646	2.78072	1.16992	4881.48	47.19	0000000008
178	0.1447	0.00055175	5.17607	1.16992	4172.35	47.21	0000000018
179	0.145254	0.000553862	3.03359	1.16992	4525.87	47.23	0000000008
180	0.14581	0.000555981	1.08564	1.16211	92871	47.68	0000032768
181	0.146368	0.00055811	3.33283	1.16211	3772.46	47.74	0000000007
182	0.146929	0.000560246	6.56224	1.16211	4784.84	47.76	0000000025
183	0.147491	0.00056239	2.32018	1.16211	4646.61	47.78	0000000006
184	0.148056	0.000564543	1.08288	1.16992	92836.6	48.08	0000032768
185	0.148622	0.000566704	2.47429	1.16992	3555.1	48.14	0000000005
186	0.149191	0.000568873	5.94154	1.16992	5588.7	48.16	0000000031
187	0.149762	0.00057105	2.83171	1.16992	3261.12	48.18	0000000005
188	0.150335	0.000573236	1.08875	1.16992	92298.6	48.40	0000032768
189	0.150911	0.00057543	2.90395	1.17188	3798.7	48.46	0000000006
190	0.151489	0.000577633	6.13091	1.17188	6301.21	48.48	0000000038
191	0.152068	0.000579844	2.29165	1.17188	4967.68	48.50	0000000006
192	0.15265	0.000582063	1.07683	1.16992	93431.4	48.94	0000032768
193	0.153235	0.000584291	2.68473	1.16992	6171.69	49.01	0000000009
194	0.153821	0.000586528	5.52306	1.16992	7967.63	49.03	0000000051
195	0.15441	0.000588773	3.09441	1.16992	8258.18	49.04	0000000016
196	0.155001	0.000591026	1.08175	1.16992	92955.3	49.51	0000032768
197	0.155594	0.000593288	2.76108	1.17773	8839.23	49.58	0000000016
198	0.15619	0.000595559	5.4801	1.17773	8750.88	49.60	0000000056
199	0.156788	0.000597839	3.5316	1.17773	5201.77	49.62	0000000014
200	0.157388	0.000600127	1.08581	1.17676	92293.3	50.10	0000032768
201	0.15799	0.000602424	3.72685	1.18652	7024.21	50.17	0000000020
202	0.158595	0.00060473	5.19491	1.18652	9448.27	50.19	0000000066
203	0.159202	0.000607045	3.67785	1.18652	8555.3	50.20	0000000024
204	0.159811	0.000609368	1.10291	1.18555	90996.4	50.42	0000032768
205	0.160423	0.000611701	3.29719	1.18945	9730.98	50.49	0000000028
206	0.161037	0.000614042	5.72893	1.18945	8891.18	50.51	0000000075
207	0.161654	0.000616393	3.65229	1.18945	9193.34	50.53	0000000025
208	0.162272	0.000618752	1.10263	1.18652	91221.8	50.96	0000032768
209	0.162893	0.00062112	4.15003	1.19043	9297.65	51.03	0000000031
210	0.163517	0.000623498	5.72676	1.19043	9348.16	51.05	0000000083
211	0.164143	0.000625884	4.09225	1.19043	10095.5	51.07	0000000036
212	0.164771	0.00062828	1.10916	1.19141	90383.8	51.50	0000032768
213	0.165402	0.000630685	4.16941	1.18945	10180.1	51.57	0000000038
214	0.166035	0.000633099	6.18462	1.18945	9149.09	51.59	0000000100
215	0.16667	0.000635522	3.62871	1.18945	11433.6	51.61	0000000038
216	0.167308	0.000637955	1.1082	1.19629	90322.4	52.08	0000032768
217	0.167949	0.000640396	3.18789	1.19141	10971.3	52.15	0000000027
218	0.168592	0.000642848	5.9323	1.19141	10010	52.17	0000000114
219	0.169237	0.000645308	3.60646	1.19141	9387.59	52.19	0000000029
220	0.169885	0.000647778	1.11285	1.2041	89910.2	52.40	0000032768
221	0.170535	0.000650258	4.08452	1.2041	9514.9	52.47	0000000031
222	0.171188	0.000652747	6.24004	1.2041	9714.57	52.49	0000000132
223	0.171843	0.000655245	3.32351	1.2041	12003.3	52.51	0000000037
224	0.172501	0.000657753	1.14158	1.2041	87682.1	52.73	0000032768
225	0.173161	0.000660271	3.02403	1.2041	13535.8	52.79	0000000035
226	0.173824	0.000662798	6.18033	1.2041	10109.9	52.81	0000000156
227	0.174489	0.000665335	3.52258	1.2041	12064.5	52.83	0000000033
228	0.175157	0.000667882	1.13273	1.2041	88399	53.26	0000032768
229	0.175827	0.000670438	3.16295	1.20801	14246.7	53.33	0000000045
230	0.1765	0.000673004	6.60909	1.20801	9792.54	53.35	0000000176
231	0.177176	0.00067558	2.87554	1.20801	18527.5	53.37	0000000054
232	0.177854	0.000678166	1.14724	1.20996	87211.1	53.86	0000032768
233	0.178535	0.000680762	3.3733	1.20996	16441.8	53.93	0000000059
234	0.179218	0.000683368	6.76705	1.20996	9660.2	53.95	0000000195
235	0.179904	0.000685983	2.7175	1.20996	19196.4	53.97	0000000055
236	0.180593	0.000688609	1.14012	1.20898	87633.5	54.26	0000032768
237	0.181284	0.000691245	3.58449	1.21582	15108.4	54.33	0000000055
238	0.181978	0.000693891	7.3273	1.21582	9180.34	54.35	0000000213
239	0.182675	0.000696547	3.54656	1.21582	15755.6	54.37	0000000066
240	0.183374	0.000699213	1.14223	1.21582	87233.9	54.81	0000032768
241	0.184076	0.000701889	3.54636	1.21484	15548	54.88	0000000067
242	0.18478	0.000704576	7.09864	1.21484	9635.02	54.90	0000000237
243	0.185488	0.000707273	3.27081	1.21484	16134.1	54.92	0000000064
244	0.186197	0.00070998	1.14674	1.21289	86981.1	55.15	0000032768
245	0.18691	0.000712697	4.51754	1.25195	12646	55.22	0000000074
246	0.187626	0.000715425	6.94454	1.25195	9932.52	55.24	0000000277
247	0.188344	0.000718164	4.67891	1.25195	12202.8	55.26	0000000077
248	0.189065	0.000720913	1.16781	1.24023	85166.5	55.74	0000032768
249	0.189788	0.000723672	4.94173	1.24902	12252.2	55.81	0000000085
250	0.190515	0.000726442	6.35334	1.24902	10991.1	55.83	0000000316
251	0.191244	0.000729222	5.56299	1.24902	10802.4	55.85	0000000086
252	0.191976	0.000732014	1.15495	1.25	86150.1	56.08	0000032768
253	0.192711	0.000734816	5.49338	1.25098	11075.7	56.15	0000000086
254	0.193448	0.000737628	6.35027	1.25098	11436.1	56.17	0000000349
255	0.194189	0.000740451	5.45757	1.25098	11961.4	56.19	0000000098
256	0.194932	0.000743286	1.17204	1.24414	84784.7	56.41	0000032768
257	0.195678	0.000746131	4.18641	1.28809	15596.5	56.48	0000000102
258	0.196427	0.000748987	5.94222	1.28809	11990.6	56.51	0000000390
259	0.196803	0.000375568	1.45349	1.28809	1472.94	56.52	0000000001
260	0.197179	0.000376286	4.71216	1.28809	13433.5	56.54	0000000116
261	0.197556	0.000377005	2.25112	1.28809	2711.42	56.56	0000000003
262	0.197934	0.000377726	1.1708	1.25098	84632.4	56.77	0000032768
263	0.198312	0.000378448	2.3449	1.2998	4224.46	56.84	0000000005
264	0.198692	0.000379172	4.32931	1.2998	15225	56.86	0000000129
265	0.199071	0.000379897	3.19853	1.2998	3911.87	56.88	0000000006
266	0.199452	0.000380623	6.22833	1.2998	11708.2	56.90	0000000437
267	0.199833	0.000381351	2.49719	1.2998	4364.73	56.92	0000000006
268	0.200215	0.00038208	4.08849	1.2998	16218.6	57.00	0000000133
269	0.200598	0.000382811	2.72615	1.2998	3684.1	57.02	0000000005
270	0.200982	0.000383543	1.17587	1.28516	84256.7	57.49	0000032768
271	0.201366	0.000384276	2.73396	1.30469	4249	57.56	0000000006
272	0.201751	0.000385011	4.19328	1.30469	16031.5	57.58	0000000145
273	0.202137	0.000385747	2.43806	1.30469	4148.08	57.60	0000000005
274	0.202523	0.000386484	5.94541	1.30469	12371.7	57.62	0000000481
275	0.202911	0.000387223	1.94962	1.30469	3251.03	57.64	0000000003
276	0.203299	0.000387964	4.50885	1.30469	15227.2	57.66	0000000147
277	0.203687	0.000388705	1.5675	1.30469	1426.03	57.67	0000000001
278	0.204077	0.000389449	1.17468	1.30078	84423.8	58.15	0000032768
279	0.204858	0.000781133	5.07415	1.2998	13562.7	58.22	0000000144
280	0.20525	0.000391687	1.77377	1.2998	1213.59	58.24	0000000001
281	0.205642	0.000392436	5.77963	1.2998	12822.8	58.26	0000000544
282	0.206035	0.000393186	1.73788	1.2998	1284.79	58.28	0000000001
283	0.206429	0.000393938	5.05502	1.2998	13862.7	58.29	0000000160
284	0.206824	0.000394691	2.22843	1.2998	2923.38	58.31	0000000003
285	0.207219	0.000395446	1.17519	1.28711	84541	58.53	0000032768
286	0.207615	0.000396202	2.42708	1.30273	2677.04	58.60	0000000003
287	0.208012	0.000396959	5.11333	1.30273	13811.2	58.62	0000000171
288	0.20841	0.000397718	2.59195	1.30273	2650.7	58.64	0000000003
289	0.208809	0.000398479	5.20773	1.30273	14210.7	58.66	0000000598
290	0.209208	0.000399241	1.71518	1.30273	2468.79	58.68	0000000002
291	0.209608	0.000400004	4.6868	1.30273	15582.3	58.69	0000000189
292	0.210009	0.000400769	1.76569	1.30273	3292.13	58.71	0000000003
293	0.21041	0.000401535	1.21426	1.30273	81479.3	58.93	0000032768
294	0.210812	0.000402303	2.00965	1.30664	3992.59	59.00	0000000004
295	0.211216	0.000403072	4.61873	1.30664	15954.6	59.02	0000000197
296	0.211619	0.000403843	3.23586	1.30664	4386.2	59.04	0000000008
297	0.212024	0.000404615	5.32233	1.30664	14201.5	59.06	0000000664
298	0.212429	0.000405388	3.17599	1.30664	4722.53	59.08	0000000009
299	0.212836	0.000406163	4.69576	1.30664	16082.2	59.10	0000000206
300	0.213242	0.00040694	2.97673	1.30664	4352.8	59.11	0000000007
301	0.21365	0.000407718	1.18925	1.34082	83346.7	59.33	0000032768
302	0.214059	0.000408498	3.86241	1.30371	4018.78	59.40	0000000008
303	0.214468	0.000409279	4.60663	1.30371	16260.1	59.42	0000000211
304	0.214878	0.000410061	3.03994	1.30371	4670.8	59.44	0000000008
305	0.215289	0.000410845	4.62459	1.30371	16658.4	59.46	0000000718
306	0.2157	0.000411631	3.55631	1.30371	4771.15	59.48	0000000009
307	0.216113	0.000412418	4.30023	1.30371	17775.4	59.50	0000000223
308	0.216526	0.000413206	4.08188	1.30371	4885.8	59.52	0000000011
309	0.21694	0.000413996	1.17042	1.30859	84623.3	59.93	0000032768
310	0.217355	0.000414788	3.73611	1.35059	4566.41	60.00	0000000009
311	0.21777	0.000415581	4.30558	1.35059	17806.1	60.02	0000000233
312	0.218187	0.000416376	3.41718	1.35059	4586.22	60.03	0000000009
313	0.218604	0.000417172	4.61841	1.35059	16692	60.05	0000000776
314	0.219022	0.000417969	2.91939	1.35059	3924.89	60.07	0000000006
315	0.219441	0.000418769	4.56626	1.35059	16790.5	60.09	0000000229
316	0.21986	0.000419569	4.11768	1.35059	4199.7	60.11	0000000009
317	0.220281	0.000420371	1.20654	1.34863	82242.3	60.33	0000032768
318	0.220702	0.000421175	4.06374	1.36133	4337.2	60.40	0000000009
319	0.221124	0.00042198	4.6905	1.36133	16494.3	60.42	0000000241
320	0.221547	0.000422787	4.28418	1.36133	3561.52	60.44	0000000009
321	0.22197	0.000423596	5.00799	1.36133	15693.5	60.46	0000000851
322	0.222395	0.000424406	3.75275	1.36133	4684.17	60.48	0000000010
323	0.22282	0.000425217	4.61147	1.36133	17229.8	60.50	0000000244
324	0.223246	0.00042603	3.44243	1.36133	5228.73	60.51	0000000010
325	0.223673	0.000426845	1.26689	1.36133	78084	60.98	0000032768
326	0.2241	0.000427661	3.47092	1.38574	4926.46	61.05	0000000010
327	0.224529	0.000428478	4.62372	1.38574	17528.5	61.07	0000000268
328	0.224958	0.000429298	3.97958	1.38574	5261.76	61.09	0000000013
329	0.225388	0.000430118	4.79335	1.38574	16364.1	61.11	0000000948
330	0.225819	0.000430941	5.08093	1.38574	5145.98	61.13	0000000017
331	0.226251	0.000431765	4.75193	1.38574	17319.3	61.15	0000000277
332	0.226684	0.00043259	4.67987	1.38574	4596.32	61.16	0000000013
333	0.227117	0.000433417	1.28226	1.38379	77027.9	61.38	0000032768
334	0.227551	0.000434246	5.07104	1.40137	4735.77	61.45	0000000014
335	0.227986	0.000435076	4.33235	1.40137	18860	61.47	0000000279
336	0.228422	0.000435908	4.90425	1.40137	4972.26	61.48	0000000015
337	0.228859	0.000436742	4.52574	1.40137	17467.6	61.51	0000001043
338	0.229297	0.000437577	4.69787	1.40137	4306.53	61.52	0000000012
339	0.229735	0.000438413	4.51849	1.40137	18225.7	61.54	0000000301
340	0.230174	0.000439252	5.14294	1.40137	4397.69	61.56	0000000013
341	0.230614	0.000440091	1.30014	1.39844	75886	61.78	0000032768
342	0.231055	0.000440933	5.54969	1.39941	3693.85	61.85	0000000012
343	0.231497	0.000441776	4.41025	1.39941	19350.2	61.86	0000000313
344	0.23194	0.000442621	5.72773	1.39941	3631.15	61.88	0000000012
345	0.232383	0.000443467	4.24578	1.39941	18573.6	61.90	0000001141
346	0.232827	0.000444315	5.64859	1.39941	3947.39	61.92	0000000013
347	0.233273	0.000445164	4.47108	1.39941	18858.6	61.94	0000000351
348	0.233719	0.000446016	4.78899	1.39941	4424.03	61.96	0000000013
349	0.234165	0.000446868	1.27878	1.39941	77192	62.17	0000032768
350	0.234613	0.000447723	3.56249	1.41797	5302.49	62.24	0000000011
351	0.235062	0.000448579	3.72072	1.41797	22535.8	62.26	0000000383
352	0.235511	0.000449436	2.39946	1.41797	5068.7	62.28	0000000007
353	0.235962	0.000450296	3.97812	1.41797	19600.5	62.30	0000001239
354	0.236413	0.000451157	2.24065	1.41797	3423.72	62.32	0000000004
355	0.236865	0.000452019	3.86635	1.41797	21203.1	62.34	0000000379
356	0.237318	0.000452884	2.1943	1.41797	2777.28	62.36	0000000003
357	0.237771	0.00045375	1.29098	1.41504	76442.9	62.62	0000032768
358	0.238226	0.000454617	1.8456	1.41504	3333.21	62.69	0000000003
359	0.238681	0.000455486	3.71948	1.41504	21823.6	62.71	0000000389
360	0.239138	0.000456357	2.36387	1.41504	2610.77	62.73	0000000003
361	0.239595	0.00045723	3.74351	1.41504	20751.8	62.75	0000001372
362	0.240053	0.000458104	2.64525	1.41504	4243.52	62.77	0000000006
363	0.240512	0.00045898	3.61894	1.41504	22267.6	62.79	0000000414
364	0.240972	0.000459857	3.29478	1.41504	4338.39	62.81	0000000008
365	0.241433	0.000460737	1.33644	1.44141	73936.9	63.23	0000032768
366	0.241894	0.000461618	4.1504	1.44141	4145.11	63.30	0000000010
367	0.242357	0.0004625	3.86758	1.44141	21850.4	63.32	0000000434
368	0.24282	0.000463385	3.76275	1.44141	5696.32	63.34	0000000014
369	0.243284	0.00046427	3.92655	1.44141	20012.8	63.36	0000001498
370	0.24375	0.000465158	3.42975	1.44141	6378.39	63.38	0000000014
371	0.244216	0.000466048	3.8513	1.44141	21446.5	63.40	0000000436
372	0.244683	0.000466939	3.52624	1.44141	6017.05	63.42	0000000014
373	0.24515	0.000467831	1.32316	1.44531	74528.7	63.86	0000032768
374	0.245619	0.000468726	4.04168	1.42773	5951.25	63.93	0000000016
375	0.246089	0.000469622	3.17811	1.42773	26356.9	63.95	0000000426
376	0.246559	0.00047052	3.74508	1.42773	5736.54	63.97	0000000015
377	0.247031	0.00047142	3.55601	1.42773	21903.6	63.99	0000001602
378	0.247503	0.000472321	4.84186	1.42773	3972.58	64.01	0000000012
379	0.247976	0.000473224	3.22985	1.42773	26240.7	64.03	0000000438
380	0.24845	0.000474129	5.48908	1.42773	3948.66	64.05	0000000014
381	0.248925	0.000475035	1.32434	1.44434	74199.1	64.26	0000032768
382	0.249401	0.000475944	5.16664	1.44434	4212.48	64.33	0000000014
383	0.249878	0.000476854	2.97888	1.44434	28138.9	64.35	0000000462
384	0.250356	0.000477765	5.13201	1.44434	4478.36	64.37	0000000017
385	0.250835	0.000478679	3.38735	1.44434	23108.8	64.39	0000001724
386	0.251314	0.000479594	4.98267	1.44434	4386.7	64.41	0000000016
387	0.251795	0.000480511	3.07787	1.44434	27203.7	64.43	0000000502
388	0.252276	0.00048143	5.66039	1.44434	4329.03	64.45	0000000017
389	0.252759	0.00048235	1.32733	1.44336	74129.6	64.66	0000032768
390	0.253242	0.000483273	5.86669	1.44434	4438.85	64.73	0000000017
391	0.253726	0.000484197	3.00995	1.44434	27968.1	64.75	0000000520
392	0.254211	0.000485122	5.1582	1.44434	5100.77	64.77	0000000021
393	0.254697	0.00048605	3.1786	1.44434	24754.9	64.79	0000001863
394	0.255184	0.000486979	5.78398	1.44434	4614.66	64.81	0000000019
395	0.255672	0.00048791	3.02944	1.44434	27653.6	64.82	0000000551
396	0.256161	0.000488843	6.96539	1.44434	4408.45	64.84	0000000023
397	0.256651	0.000489778	1.32862	1.44531	74168.3	65.31	0000032768
398	0.257141	0.000490714	7.07953	1.44531	4372.88	65.38	0000000025
399	0.257633	0.000491653	2.88076	1.44531	29606.6	65.40	0000000579
400	0.258126	0.000492593	7.30299	1.44531	4086.3	65.42	0000000026
401	0.258619	0.000493534	3.15524	1.44531	25130.2	65.44	0000001991
402	0.259114	0.000494478	7.84488	1.44531	4269.13	65.46	0000000028
403	0.259609	0.000495424	2.96991	1.44531	28871.4	65.48	0000000598
404	0.260105	0.000496371	7.08786	1.44531	5233.78	65.50	0000000034
405	0.260603	0.00049732	1.31914	1.44043	74719.4	65.98	0000032768
406	0.261101	0.000498271	7.46946	1.43848	5454.2	66.06	0000000038
407	0.2616	0.000499223	2.82002	1.43848	30646.7	66.08	0000000625
408	0.2621	0.000500178	7.22728	1.43848	5620.37	66.10	0000000039
409	0.262602	0.000501134	3.08739	1.43848	25717.5	66.12	0000002102
410	0.263104	0.000502092	7.5232	1.43848	5389.81	66.14	0000000042
411	0.263607	0.000503052	2.93454	1.43652	29624.7	66.22	0000000641
412	0.264111	0.000504014	7.40916	1.43652	5316.36	66.23	0000000038
413	0.264616	0.000504978	1.31803	1.43652	74553.9	66.74	0000032768
414	0.265122	0.000505943	6.64467	1.43652	6776.41	66.82	0000000048
415	0.265629	0.000506911	2.87664	1.43652	30349.3	66.84	0000000670
416	0.266136	0.00050788	6.42684	1.43652	6659.34	66.85	0000000052
417	0.266645	0.000508851	3.07325	1.43652	25967.8	66.88	0000002244
418	0.267155	0.000509824	6.00941	1.43652	7987.89	66.90	0000000058
419	0.267666	0.000510799	2.85356	1.43848	30751.4	66.98	0000000709
420	0.268178	0.000511775	6.29136	1.43848	7072.07	66.99	0000000052
421	0.26869	0.000512754	1.32067	1.4375	74559.3	67.22	0000032768
422	0.269204	0.000513734	6.37926	1.43848	7066.35	67.29	0000000049
423	0.269719	0.000514717	2.6722	1.43848	32757.9	67.31	0000000743
424	0.270235	0.000515701	6.5048	1.43848	7465.21	67.33	0000000060
425	0.270751	0.000516687	3.01629	1.43848	26447.9	67.36	0000002396
426	0.271269	0.000517675	6.71041	1.43848	7706.83	67.37	0000000064
427	0.271788	0.000518664	2.82561	1.47266	31457.6	67.45	0000000768
428	0.272307	0.000519656	5.8329	1.47266	9216.97	67.47	0000000068
429	0.272828	0.00052065	1.34845	1.4668	72863.3	67.91	0000032768
430	0.27335	0.000521645	6.69584	1.46582	7896.92	67.99	0000000071
431	0.273872	0.000522643	2.72838	1.46582	32087	68.01	0000000796
432	0.274396	0.000523642	6.64505	1.46582	7213.11	68.03	0000000059
433	0.274921	0.000524643	3.04343	1.47949	26257.5	68.11	0000002585
434	0.275446	0.000525646	6.74395	1.47949	6551.71	68.13	0000000055
435	0.275973	0.000526651	2.81851	1.47949	31112	68.15	0000000809
436	0.2765	0.000527658	6.74022	1.47949	6781.15	68.17	0000000052
437	0.277029	0.000528667	1.35182	1.47656	72753.7	68.68	0000032768
438	0.277559	0.000529678	7.23263	1.47559	5836.18	68.78	0000000045
439	0.27809	0.000530691	2.74593	1.47559	31540.7	68.80	0000000841
440	0.278621	0.000531705	7.45671	1.47559	5235.27	68.81	0000000039
441	0.279154	0.000532722	2.84854	1.47461	28051	68.90	0000002774
442	0.279688	0.00053374	7.24495	1.47461	5035.98	68.92	0000000037
443	0.280222	0.000534761	2.84221	1.47461	30629.6	68.94	0000000854
444	0.280758	0.000535783	5.98993	1.47461	6649.29	68.96	0000000040
445	0.281295	0.000536808	1.35083	1.47168	72663.3	69.18	0000032768
446	0.281833	0.000537834	6.44532	1.5127	6306.73	69.26	0000000042
447	0.282372	0.000538862	2.90089	1.5127	29538.3	69.28	0000000869
448	0.282912	0.000539893	5.94988	1.5127	6792.35	69.30	0000000043
449	0.283453	0.000540925	2.85842	1.47656	27924.3	69.39	0000002962
450	0.283995	0.000541959	5.02706	1.47656	8275.43	69.41	0000000042
451	0.284538	0.000542996	2.83075	1.47656	30241.6	69.43	0000000875
452	0.285082	0.000544034	5.34347	1.47656	7752.33	69.44	0000000043
453	0.285627	0.000545074	1.35632	1.5166	72411.6	69.88	0000032768
454	0.286173	0.000546116	5.08016	1.47559	8065.42	69.96	0000000039
455	0.28672	0.00054716	2.83138	1.47559	30391.7	69.98	0000000901
456	0.287268	0.000548206	5.20032	1.47559	7765.28	70.00	0000000040
457	0.287817	0.000549255	2.85202	1.47266	28047.7	70.09	0000003166
458	0.288368	0.000550305	5.33636	1.47266	8627.04	70.11	0000000048
459	0.288919	0.000551357	2.77489	1.47266	31036.6	70.13	0000000931
460	0.289471	0.000552411	5.6106	1.47266	7023.4	70.15	0000000041
461	0.290025	0.000553467	1.34163	1.49219	73209.2	70.37	0000032768
462	0.290579	0.000554526	5.53456	1.50098	8255.28	70.46	0000000046
463	0.291135	0.000555586	2.4191	1.50098	34985.5	70.47	0000000952
464	0.291692	0.000556648	5.6419	1.50098	8947.81	70.49	0000000059
465	0.292249	0.000557712	2.74233	1.49609	29117.9	70.58	0000003354
466	0.292808	0.000558779	5.85747	1.49609	7677.54	70.60	0000000051
467	0.293368	0.000559847	2.46956	1.49609	34427.7	70.62	0000000966
468	0.293929	0.000560918	5.31613	1.49609	8658.54	70.64	0000000052
469	0.294491	0.00056199	1.36789	1.50098	71768.7	71.11	0000032768
470	0.295054	0.000563065	5.65309	1.50781	8617.71	71.19	0000000055
471	0.295618	0.000564141	2.55058	1.50781	33876.2	71.21	0000001040
472	0.296183	0.00056522	5.03268	1.50781	8563.89	71.23	0000000047
473	0.29675	0.0005663	2.83363	1.51953	28217.7	71.32	0000003526
474	0.297317	0.000567383	5.04868	1.51953	9152.25	71.34	0000000050
475	0.297885	0.000568468	2.47115	1.51953	34587.8	71.36	0000001089
476	0.298455	0.000569555	4.77526	1.51953	9121.71	71.37	0000000047
477	0.299026	0.000570644	1.42925	1.52441	68482.9	71.82	0000032768
478	0.299597	0.000571735	5.35356	1.5459	8105.07	71.90	0000000041
479	0.30017	0.000572828	2.4429	1.5459	35844	71.92	0000001152
480	0.300744	0.000573923	5.25017	1.5459	8389.41	71.94	0000000045
481	0.301319	0.000575021	3.02152	1.54492	26624.4	72.03	0000003731
482	0.301895	0.00057612	4.47766	1.54492	9264.5	72.05	0000000044
483	0.302473	0.000577222	2.47526	1.54492	35191.1	72.07	0000001208
484	0.303051	0.000578325	4.93911	1.54492	8129.97	72.08	0000000041
485	0.30363	0.000579431	1.38351	1.54297	70982.3	72.57	0000032768
486	0.304211	0.000580539	5.12214	1.55957	8619.75	72.65	0000000048
487	0.304792	0.000581649	2.52633	1.55957	34999.7	72.67	0000001222
488	0.305375	0.000582761	5.3054	1.55957	8651.3	72.69	0000000057
489	0.305959	0.000583875	2.93166	1.60938	27523.2	72.78	0000003932
490	0.306544	0.000584992	5.36687	1.60938	8492.23	72.79	0000000060
491	0.30713	0.00058611	2.54073	1.60938	33899.1	72.81	0000001252
492	0.307717	0.000587231	5.11121	1.60938	8514.75	72.83	0000000058
493	0.308306	0.000588354	1.39688	1.53906	70010.4	73.32	0000032768
494	0.308895	0.000589479	5.46439	1.54004	7834.41	73.40	0000000053
495	0.309486	0.000590606	2.65703	1.54004	32025.9	73.42	0000001288
496	0.310078	0.000591735	5.4229	1.54004	7620.21	73.44	0000000049
497	0.31067	0.000592866	2.88302	1.54199	28006.1	73.53	0000004146
498	0.311264	0.000594	5.20656	1.54199	7813.42	73.55	0000000051
499	0.31186	0.000595135	2.83678	1.54199	29910.8	73.57	0000001319
500	0.312456	0.000596273	4.67124	1.54199	9215.42	73.59	0000000054
501	0.313053	0.000597413	1.40559	1.53809	69611.1	73.82	0000032768
502	0.313652	0.000598556	4.88077	1.61816	9898.24	73.91	0000000063
503	0.314252	0.0005997	2.47468	1.61816	33721.8	73.93	0000001333
504	0.314852	0.000600847	5.41757	1.61816	8643.03	73.94	0000000062
505	0.315454	0.000601996	2.54108	1.62402	31534.3	74.04	0000004375
506	0.316058	0.000603147	5.42085	1.62402	9617.65	74.05	0000000073
507	0.316662	0.0006043	2.41737	1.62402	34386	74.07	0000001342
508	0.317267	0.000605455	5.06627	1.62402	10386.3	74.09	0000000080
509	0.317874	0.000606613	1.50845	1.67285	64947.9	74.58	0000032768
510	0.318482	0.000607773	4.51496	1.6875	11409.9	74.66	0000000078
511	0.319091	0.000608935	2.53089	1.6875	32797.3	74.68	0000001355
512	0.319701	0.000610099	4.19106	1.6875	12666.5	74.70	0000000084
513	0.320312	0.000611266	2.59638	1.69434	30925.2	74.80	0000004584
514	0.320924	0.000612434	4.27467	1.69434	12141.5	74.81	0000000080
515	0.321538	0.000613605	2.68954	1.69434	30683.4	74.83	0000001405
516	0.322153	0.000614778	4.13828	1.69434	13181.8	74.85	0000000083
517	0.322769	0.000615954	1.60285	1.78223	61104.4	75.10	0000032768
518	0.323386	0.000617132	4.22663	1.80957	13318.3	75.19	0000000092
519	0.324004	0.000618312	2.48162	1.80957	33401.8	75.21	0000001466
520	0.324624	0.000619494	3.74531	1.80957	14504.8	75.23	0000000089
521	0.325244	0.000620678	2.41826	1.79102	33466.6	75.32	0000004825
522	0.325866	0.000621865	3.87005	1.79102	14268.5	75.34	0000000096
523	0.326489	0.000623054	2.47008	1.79102	33876	75.36	0000001526
524	0.327114	0.000624245	4.4564	1.79102	12516.6	75.37	0000000096
525	0.327739	0.000625439	1.63125	1.83398	60092.7	75.82	0000032768
526	0.328366	0.000626635	4.1588	1.89551	12836.5	75.91	0000000093
527	0.328993	0.000627833	2.67724	1.89551	31464.5	75.93	0000001601
528	0.329622	0.000629033	4.58753	1.89551	11885.3	75.95	0000000106
529	0.330253	0.000630236	2.17976	1.76367	37228	76.04	0000005038
530	0.330884	0.000631441	4.60435	1.76367	12572.7	76.06	0000000111
531	0.331517	0.000632648	2.30884	1.76367	36593.2	76.08	0000001651
532	0.332151	0.000633858	4.80062	1.76367	11941.3	76.10	0000000119
533	0.332786	0.00063507	1.73011	1.93652	56608.5	76.33	0000032768
534	0.333422	0.000636284	4.43285	1.9707	13120	76.41	0000000131
535	0.33406	0.000637501	2.56707	1.9707	32679.2	76.43	0000001682
536	0.334698	0.000638719	4.59569	1.9707	12323.2	76.45	0000000133
537	0.335338	0.000639941	2.31996	1.95508	34794.9	76.54	0000005247
538	0.335979	0.000641164	4.19186	1.95508	13977.5	76.56	0000000144
539	0.336622	0.00064239	2.50726	1.95508	33743.9	76.58	0000001751
540	0.337265	0.000643618	4.15133	1.95508	14865.2	76.60	0000000157
541	0.33791	0.000644849	1.71392	1.94531	57156	76.83	0000032768
542	0.338556	0.000646082	4.3311	1.94336	14294.8	76.92	0000000155
543	0.339204	0.000647317	2.47217	1.94336	33875.7	76.94	0000001816
544	0.339852	0.000648555	4.36766	1.94336	14472.3	76.95	0000000170
545	0.340502	0.000649795	2.27782	1.95898	35387.4	77.05	0000005485
546	0.341153	0.000651037	4.68295	1.95898	13303.2	77.07	0000000172
547	0.341805	0.000652282	2.41487	1.95898	34740.2	77.09	0000001879
548	0.342459	0.000653529	4.6261	1.95898	13802.9	77.11	0000000160
549	0.343114	0.000654779	1.76192	1.98438	55562.2	77.56	0000032768
550	0.34377	0.000656031	4.21449	1.99219	15137.3	77.65	0000000158
551	0.344427	0.000657285	2.51324	1.99219	33342.4	77.67	0000001908
552	0.345085	0.000658542	4.15731	1.99219	15634.8	77.69	0000000169
553	0.345745	0.000659801	2.2938	1.99023	35256.8	77.79	0000005717
554	0.346406	0.000661062	4.18403	1.99023	15214	77.80	0000000157
555	0.347069	0.000662326	2.57749	1.99023	32353.4	77.82	0000001937
556	0.347732	0.000663593	4.28023	1.99023	15114.6	77.84	0000000166
557	0.348397	0.000664862	1.79679	2.02539	54558.5	78.33	0000032768
558	0.349063	0.000666133	4.26316	2.00879	15060	78.42	0000000168
559	0.349731	0.000667406	2.54417	2.00879	32801.6	78.44	0000001975
560	0.350399	0.000668682	4.34063	2.00879	14291.9	78.46	0000000159
561	0.351069	0.000669961	2.26794	2.01953	35765.9	78.55	0000005949
562	0.35174	0.000671242	4.38847	2.01953	14406.6	78.57	0000000164
563	0.352413	0.000672525	2.43426	2.01953	34322.9	78.59	0000002061
564	0.353087	0.000673811	4.18179	2.01953	15384.3	78.61	0000000162
565	0.353762	0.0006751	1.8029	2.04297	54479.7	78.84	0000032768
566	0.354438	0.00067639	3.88983	2.02344	16288	78.93	0000000155
567	0.355116	0.000677684	1.98266	2.02344	42164.7	78.95	0000002120
568	0.355795	0.000678979	4.07362	2.02344	16742	78.97	0000000166
569	0.356475	0.000680278	1.93532	1.95898	41857.5	79.06	0000006182
570	0.357157	0.000681578	3.65286	1.95898	18948.3	79.08	0000000189
571	0.35784	0.000682881	2.0024	1.95898	41919.7	79.10	0000002136
572	0.358524	0.000684187	3.95024	1.95898	17270.9	79.12	0000000188
573	0.359209	0.000685495	1.83845	1.98926	53291.9	79.35	0000032768
574	0.359896	0.000686806	4.88611	1.82031	13595.8	79.44	0000000188
575	0.360584	0.000688119	2.12375	1.82031	39213.8	79.46	0000002156
576	0.361274	0.000689435	5.02994	1.82031	13221.6	79.47	0000000179
577	0.361965	0.000690753	1.6064	1.81152	50349.1	79.57	0000006367
578	0.362657	0.000692074	3.54078	1.81152	19077.1	79.59	0000000186
579	0.36335	0.000693397	1.91584	1.81152	43235.6	79.61	0000002193
580	0.364045	0.000694723	3.69378	1.81152	18046.3	79.62	0000000184
581	0.364741	0.000696051	1.98263	2.23438	49481	79.92	0000032768
582	0.365438	0.000697382	4.08236	2.28809	16018.5	80.02	0000000191
583	0.366137	0.000698715	2.18012	2.28809	37542.2	80.04	0000002239
584	0.366837	0.000700051	3.89846	2.28809	16773.7	80.06	0000000195
585	0.367538	0.00070139	2.09621	2.28516	38484.1	80.15	0000006558
586	0.368241	0.000702731	4.13498	2.28516	15762	80.17	0000000211
587	0.368945	0.000704074	2.22781	2.28516	36425.4	80.19	0000002255
588	0.369651	0.00070542	3.96964	2.28516	16448	80.21	0000000217
589	0.370357	0.000706769	2.05437	2.30469	47748.4	80.45	0000032768
590	0.371065	0.000708121	4.10935	2.31738	15810.2	80.54	0000000226
591	0.371775	0.000709474	2.24094	2.31738	36817.3	80.56	0000002308
592	0.372486	0.000710831	4.06942	2.31738	15973.9	80.58	0000000224
593	0.373198	0.00071219	1.99051	2.32227	40468.9	80.67	0000006779
594	0.373911	0.000713552	4.05298	2.32227	15855	80.69	0000000231
595	0.374626	0.000714916	2.24883	2.32227	36349.3	80.71	0000002326
596	0.375343	0.000716283	3.75236	2.32227	17732.9	80.73	0000000234
597	0.37606	0.000717653	2.07304	2.31641	47353.6	81.23	0000032768
598	0.376779	0.000719025	3.85043	2.25293	17188.8	81.32	0000000239
599	0.3775	0.000720399	2.31449	2.25293	35276.7	81.34	0000002410
600	0.378222	0.000721777	4.06134	2.25293	15973.1	81.36	0000000253
601	0.378945	0.000723157	1.9908	2.31738	40591.5	81.46	0000006997
602	0.379669	0.00072454	3.93926	2.31738	16872.6	81.47	0000000249
603	0.380395	0.000725925	2.28139	2.31738	35961	81.50	0000002505
604	0.381122	0.000727313	4.21435	2.31738	15448.1	81.51	0000000246
605	0.381851	0.000728703	2.01052	2.25098	48715.6	81.76	0000032768
606	0.382581	0.000730097	4.28672	2.24902	14898.3	81.85	0000000239
607	0.383313	0.000731493	2.22877	2.24902	36627.2	81.87	0000002594
608	0.384046	0.000732891	4.39246	2.24902	14921.9	81.89	0000000251
609	0.38478	0.000734293	1.96646	2.24512	40913	81.99	0000007213
610	0.385516	0.000735697	4.14255	2.24512	15754.2	82.00	0000000246
611	0.386253	0.000737103	2.20515	2.24512	37021.6	82.02	0000002627
612	0.386991	0.000738513	3.85142	2.24512	17333.4	82.04	0000000243
613	0.387731	0.000739925	2.01387	2.26465	48583.3	82.28	0000032768
614	0.388472	0.000741339	3.35226	2.3125	20396.8	82.37	0000000271
615	0.389215	0.000742757	2.27871	2.3125	35448.3	82.39	0000002680
616	0.389959	0.000744177	3.30874	2.3125	20899.7	82.41	0000000300
617	0.390705	0.0007456	1.94222	2.31738	41438.9	82.51	0000007425
618	0.391452	0.000747025	3.61775	2.31738	19075.2	82.53	0000000300
619	0.392201	0.000748454	2.19622	2.31738	36540.6	82.55	0000002712
620	0.39295	0.000749885	3.77928	2.3252	18014.9	82.64	0000000301
621	0.393702	0.000751318	2.07951	2.32422	47156.6	83.10	0000032768
622	0.394454	0.000752755	3.77049	2.32422	18171.2	83.19	0000000320
623	0.395209	0.000754194	2.20544	2.32422	36735.2	83.21	0000002796
624	0.395964	0.000755636	3.60156	2.32422	18911.4	83.23	0000000318
625	0.396721	0.000757081	1.95441	2.31934	41387.8	83.33	0000007631
626	0.39748	0.000758529	3.97	2.31934	17349.2	83.35	0000000315
627	0.39824	0.000759979	2.23346	2.31934	36124.2	83.37	0000002862
628	0.399001	0.000761432	3.26062	2.1582	21621	83.46	0000000331
629	0.399764	0.000762888	1.96286	2.15332	49862.9	83.92	0000032768
630	0.400529	0.000764346	3.86422	2.15137	18141.6	84.05	0000000337
631	0.401294	0.000765808	2.23308	2.15137	36115.7	84.07	0000002928
632	0.402062	0.000767272	3.81913	2.15137	18092.8	84.09	0000000330
633	0.40283	0.000768739	1.78324	1.87402	45255.7	84.19	0000007890
634	0.403601	0.000770209	3.82205	1.87402	18063.5	84.20	0000000321
635	0.404372	0.000771681	1.99373	2.09082	40667.9	84.30	0000002976
636	0.405145	0.000773157	2.93886	2.09082	23068.5	84.32	0000000344
637	0.40592	0.000774635	1.72743	1.87012	56653.2	84.61	0000032768
638	0.406696	0.000776116	3.42003	1.87988	19572.2	84.70	0000000337
639	0.407474	0.0007776	2.00224	1.87988	40342	84.72	0000003015
640	0.408253	0.000779087	3.56669	1.88672	19091.2	84.81	0000000349
641	0.409033	0.000780577	1.8997	2.02148	42429	84.91	0000008138
642	0.409816	0.000782069	3.40418	2.02148	20091	84.93	0000000353
643	0.410599	0.000783564	1.94742	1.8877	41211.3	85.03	0000003046
644	0.411384	0.000785063	3.42578	1.8877	20200.5	85.04	0000000350
645	0.412171	0.000786564	1.76386	1.88574	55517.6	85.32	0000032768
646	0.412959	0.000788067	3.21957	1.95117	21677.2	85.41	0000000346
647	0.413748	0.000789574	1.97828	1.95117	40247.4	85.44	0000003091
648	0.414539	0.000791084	3.08586	1.95117	22632.1	85.53	0000000360
649	0.415332	0.000792596	1.72033	1.95605	47069.6	85.63	0000008376
650	0.416126	0.000794112	2.96744	1.95605	22524.1	85.65	0000000337
651	0.416922	0.00079563	2.22073	1.9502	35916	85.74	0000003171
652	0.417719	0.000797151	3.21775	1.9502	21003.6	85.76	0000000322
653	0.418518	0.000798676	1.77602	1.90039	55045.7	86.06	0000032768
654	0.419318	0.000800203	3.62495	1.89551	18521.5	86.15	0000000340
655	0.42012	0.000801733	2.28556	1.89551	34583.5	86.18	0000003231
656	0.420923	0.000803266	4.05399	1.92773	16401.6	86.27	0000000337
657	0.421728	0.000804801	1.70314	1.9248	47394.5	86.37	0000008625
658	0.422534	0.00080634	3.63326	1.9248	17965.4	86.39	0000000366
659	0.423342	0.000807882	1.93521	1.92969	40930.1	86.48	0000003268
660	0.424151	0.000809427	3.68559	1.92969	17482.7	86.50	0000000370
661	0.424962	0.000810974	1.76053	1.92871	55563.2	86.76	0000032768
662	0.425775	0.000812525	3.66837	2.15625	17568.9	86.85	0000000394
663	0.426589	0.000814078	2.2586	2.1543	35206.6	86.95	0000003367
664	0.427404	0.000815635	3.74347	2.1543	17038.4	86.97	0000000409
665	0.428222	0.000817194	1.81024	2.15332	44751.2	87.07	0000008857
666	0.42904	0.000818757	3.91615	2.15332	16297.9	87.09	0000000422
667	0.429861	0.000820322	2.28664	2.15332	34833.6	87.19	0000003414
668	0.430683	0.000821891	3.78976	2.15332	17076.4	87.20	0000000422
669	0.431506	0.000823462	2.02084	2.24414	48382.5	87.51	0000032768
670	0.432331	0.000825037	3.57824	2.06055	17836.1	87.60	0000000438
671	0.433158	0.000826614	1.97833	2.05957	39862.8	87.70	0000003482
672	0.433986	0.000828195	3.65804	2.05957	17242.5	87.72	0000000459
673	0.434816	0.000829778	1.69728	2.05273	47691	87.82	0000009077
674	0.435647	0.000831365	3.35579	2.05273	18852.3	87.84	0000000473
675	0.436063	0.000416278	2.51954	2.05273	1672.33	87.85	0000000002
676	0.43648	0.000416676	1.97105	2.25488	39957.2	87.95	0000003533
677	0.437315	0.000834547	3.53306	2.25488	17857.3	87.97	0000000502
678	0.438151	0.000836142	1.90304	2.22266	51352.5	88.22	0000032768
679	0.438569	0.000418671	1.7354	2.26953	2422.57	88.31	0000000002
680	0.438988	0.000419071	3.61948	2.26953	18065.4	88.33	0000000522
681	0.439408	0.000419471	2.30349	2.26953	920.336	88.35	0000000001
682	0.439828	0.000419872	1.88234	2.04395	41716.1	88.44	0000003596
683	0.440248	0.000420273	1.82994	2.04395	1211.85	88.46	0000000001
684	0.440669	0.000420675	3.81158	2.04395	17106.2	88.48	0000000540
685	0.44109	0.000421077	3.23416	2.04395	1941.23	88.50	0000000003
686	0.441511	0.000421479	1.64295	2.28613	49318.5	88.60	0000009300
687	0.441933	0.000421882	2.83739	2.28613	1974.6	88.62	0000000003
688	0.442355	0.000422285	3.8804	2.28613	16398.5	88.64	0000000545
689	0.442778	0.000422688	2.86427	2.28613	759.288	88.65	0000000001
690	0.443201	0.000423092	1.85497	2.6416	42418.3	88.75	0000003675
691	0.444049	0.000847398	3.87581	2.6416	16548.2	88.77	0000000556
692	0.444898	0.000849018	1.71321	2.10059	57015.4	89.02	0000032768
693	0.445748	0.000850641	2.89454	2.93164	22546.9	89.12	0000000577
694	0.446174	0.00042593	3.72906	2.93164	577.613	89.13	0000000001
695	0.446601	0.000426337	1.9204	2.14453	40850.4	89.23	0000003763
696	0.447027	0.000426745	2.86789	2.14453	717.319	89.25	0000000001
697	0.447454	0.000427152	3.59198	2.14453	17435.6	89.27	0000000580
698	0.44831	0.00085553	1.66569	2.12402	48805.1	89.37	0000009500
699	0.449167	0.000857166	3.36433	2.12402	18475.7	89.39	0000000590
700	0.450026	0.000858804	1.92578	2.12305	40682.1	89.49	0000003834
701	0.450886	0.000860446	3.63249	2.12305	16928.3	89.51	0000000595
702	0.451748	0.000862092	1.85579	1.94434	52622.9	89.76	0000032768
703	0.452612	0.00086374	2.93926	3.00586	20869.6	89.86	0000000587
704	0.453478	0.000865391	1.98658	2.23535	39485.4	89.96	0000003886
705	0.454345	0.000867046	3.31038	2.23535	18503	89.98	0000000600
706	0.455213	0.000868704	1.75834	2.11328	46060.2	90.08	0000009682
707	0.456084	0.000870365	3.7796	2.11328	16073.7	90.10	0000000601
708	0.456956	0.000872029	2.10527	2.47559	37416.2	90.20	0000003969
709	0.457829	0.000873696	3.7117	2.47559	16544.8	90.22	0000000622
710	0.458705	0.000875367	2.20416	2.37891	44395.2	90.47	0000032768
711	0.459582	0.00087704	3.80926	2.0625	16103.5	90.57	0000000653
712	0.460461	0.000878717	1.96485	2.42383	39832.9	90.67	0000004021
713	0.460901	0.000439989	2.14354	2.42383	1813.8	90.69	0000000002
714	0.461341	0.000440409	3.59305	2.42383	17023.6	90.70	0000000662
715	0.461782	0.00044083	2.10244	2.42383	2143.94	90.72	0000000002
716	0.462223	0.000441251	1.95417	3.00488	41361.3	90.83	0000009908
717	0.462665	0.000441673	4.36699	3.00488	433.035	90.84	0000000001
718	0.463107	0.000442095	3.87842	3.00488	15796.2	90.86	0000000681
719	0.463549	0.000442517	2.8763	3.00488	731.559	90.88	0000000001
720	0.463992	0.00044294	1.9521	2.51465	40184	90.98	0000004085
721	0.464436	0.000443363	2.69489	2.51465	787.015	91.00	0000000001
722	0.464879	0.000443787	3.80955	2.51465	15904.2	91.02	0000000714
723	0.465324	0.000444211	2.63504	2.51465	824.343	91.04	0000000001
724	0.465768	0.000444635	1.84803	2.29004	52781.7	91.32	0000032768
725	0.466213	0.00044506	2.73495	3.0332	1588.39	91.41	0000000002
726	0.466659	0.000445485	3.25543	3.0332	18895.1	91.43	0000000740
727	0.467105	0.000445911	2.67363	3.0332	890.592	91.45	0000000001
728	0.467551	0.000446337	2.09388	2.4707	37078.7	91.55	0000004128
729	0.468445	0.000893954	3.58903	2.4707	17032.4	91.57	0000000764
730	0.469341	0.000895664	2.05118	3.03613	39251.2	91.68	0000010136
731	0.470238	0.000897376	3.19065	3.03613	19321.7	91.70	0000000759
732	0.471137	0.000899092	1.8356	2.09277	42371.9	91.80	0000004149
733	0.472038	0.000900811	3.45573	2.09277	17931.2	91.82	0000000765
734	0.472941	0.000902533	2.60329	2.87305	37662.7	92.91	0000032768
735	0.473392	0.000451914	3.09396	2.95117	735.121	93.04	0000000001
736	0.473845	0.000452345	3.14341	2.95117	19570.5	93.06	0000000766
737	0.474298	0.000452778	3.51476	2.95117	651.286	93.07	0000000001
738	0.474751	0.00045321	1.83229	2.9707	42727.4	93.18	0000004187
739	0.475658	0.00090772	3.4546	2.9707	18103.3	93.19	0000000764
740	0.476568	0.000909456	1.87065	2.84766	43243.4	93.30	0000010357
741	0.477023	0.00045538	2.24961	2.84766	1767.33	93.32	0000000002
742	0.477479	0.000455815	3.2538	2.84766	19136.6	93.34	0000000797
743	0.477935	0.00045625	2.94845	2.84766	2030.01	93.36	0000000003
744	0.478392	0.000456686	1.84555	2.7793	42097	93.46	0000004243
745	0.478849	0.000457123	3.33373	2.7793	3722.83	93.48	0000000007
746	0.479307	0.00045756	3.24078	2.7793	18909.8	93.50	0000000820
747	0.479765	0.000457997	2.87494	2.7793	3403.27	93.51	0000000006
748	0.480223	0.000458434	2.55397	2.83105	38146.3	93.78	0000032768
749	0.480682	0.000458872	3.79265	2.77344	2596.52	93.88	0000000006
750	0.481141	0.000459311	3.31269	2.77344	18449.8	93.90	0000000833
751	0.481601	0.00045975	4.39778	2.77344	3142.7	93.92	0000000009
752	0.482061	0.000460189	1.85685	2.76367	41498.8	94.02	0000004319
753	0.482522	0.000460629	4.76077	2.76367	3671.18	94.04	0000000012
754	0.482983	0.000461069	3.31656	2.76367	18218.1	94.06	0000000857
755	0.483445	0.00046151	5.59786	2.76367	3703.7	94.07	0000000016
756	0.483906	0.000461951	1.69947	2.77734	47103.5	94.18	0000010540
757	0.484369	0.000462392	6.5518	2.77734	3182.43	94.20	0000000018
758	0.484832	0.000462834	3.27382	2.77734	18526	94.22	0000000847
759	0.485295	0.000463276	6.02434	2.77734	3295.08	94.24	0000000017
760	0.485759	0.000463719	1.90148	2.79102	40433	94.34	0000004376
761	0.486223	0.000464162	5.59881	2.79102	3314.83	94.36	0000000015
762	0.486687	0.000464605	3.3682	2.79102	17618.2	94.38	0000000859
763	0.487153	0.000465049	6.39381	2.79102	3660.67	94.39	0000000020
764	0.487618	0.000465494	2.2052	2.76855	44242.3	94.67	0000032768
765	0.488084	0.000465938	5.77269	2.75781	4256.83	94.76	0000000022
766	0.48855	0.000466384	3.36112	2.75781	17713.9	94.78	0000000871
767	0.489017	0.000466829	6.08275	2.75781	3599.75	94.80	0000000019
768	0.489484	0.000467275	1.86694	2.86328	41367.7	94.90	0000004422
769	0.489952	0.000467722	5.46641	2.86328	4004.01	94.92	0000000015
770	0.49042	0.000468169	3.7589	2.86328	16133.5	94.94	0000000871
771	0.490889	0.000468616	4.5061	2.86328	3640.92	94.96	0000000010
772	0.491358	0.000469064	1.81952	2.83398	44007	95.07	0000010733
773	0.491828	0.000469512	3.9634	2.83398	3090.78	95.08	0000000007
774	0.492297	0.000469961	3.95686	2.83398	15281.7	95.10	0000000865
775	0.492768	0.00047041	3.28815	2.83398	3715.18	95.12	0000000007
776	0.493239	0.000470859	1.90469	2.73926	40531.2	95.22	0000004461
777	0.49371	0.000471309	2.66919	2.73926	3412.76	95.24	0000000005
778	0.494182	0.00047176	3.9666	2.73926	15070.8	95.26	0000000890
779	0.494654	0.00047221	3.14625	2.73926	3453.36	95.28	0000000006
780	0.495127	0.000472662	2.25394	2.78223	43237.9	95.54	0000032768
781	0.4956	0.000473113	3.90045	2.79395	3735.85	95.64	0000000009
782	0.496073	0.000473565	3.66746	2.79395	16388.8	95.66	0000000911
783	0.496547	0.000474018	3.75838	2.79395	3938.25	95.68	0000000009
784	0.497022	0.000474471	1.84386	2.79199	41679.7	95.78	0000004543
785	0.497497	0.000474924	3.37109	2.79199	3557.72	95.80	0000000007
786	0.497972	0.000475378	3.59645	2.79199	16382.7	95.82	0000000910
787	0.498448	0.000475832	3.25654	2.79199	3192.74	95.83	0000000006
788	0.498924	0.000476287	1.72756	2.80762	46474.5	95.94	0000010965
789	0.499401	0.000476742	2.48617	2.80762	2403.29	95.96	0000000003
790	0.499878	0.000477198	3.64825	2.80762	16104.3	95.98	0000000919
791	0.500356	0.000477654	2.51718	2.80762	2499.73	96.00	0000000003
792	0.500834	0.00047811	1.90348	2.83691	40475.5	96.10	0000004621
793	0.501313	0.000478567	2.65099	2.83691	813.315	96.12	0000000001
794	0.501792	0.000479024	3.68868	2.83691	15843.7	96.14	0000000951
795	0.502751	0.000959422	2.75379	3.01758	35452	96.43	0000032768
796	0.503231	0.000480399	3.06502	2.91797	1339.02	96.53	0000000002
797	0.503712	0.000480858	3.68713	2.91797	16078.9	96.55	0000000955
798	0.504194	0.000481317	2.41723	2.91797	2970.96	96.56	0000000004
799	0.504675	0.000481777	1.86202	3	41031.6	96.67	0000004672
800	0.505158	0.000482237	2.39436	3	2562.46	96.68	0000000003
801	0.50564	0.000482698	3.68263	3	15926.6	96.70	0000000977
802	0.506123	0.000483159	3.08807	3	3111	96.72	0000000005
803	0.506607	0.000483621	2.22055	2.99707	36079.8	96.83	0000011170
804	0.507091	0.000484083	2.87078	2.99707	1413.29	96.85	0000000002
805	0.507576	0.000484546	3.82066	2.99707	15271.1	96.87	0000000984
806	0.508061	0.000485009	3.27386	2.99707	674.844	96.89	0000000001
807	0.508546	0.000485472	1.90596	2.99316	39793	96.99	0000004648
808	0.509032	0.000485936	2.56073	2.99316	826.96	97.01	0000000001
809	0.509518	0.000486401	3.7856	2.99316	15195	97.03	0000000987
810	0.510005	0.000486865	2.62015	2.99316	856.329	97.05	0000000001
811	0.510493	0.000487331	2.40407	2.58008	40424	97.31	0000032768
812	0.51098	0.000487796	2.24765	3.01465	1828.45	97.40	0000000002
813	0.511469	0.000488262	3.75716	3.01465	15398.7	97.42	0000000993
814	0.511957	0.000488729	2.61175	3.01465	876.775	97.44	0000000001
815	0.512447	0.000489196	1.85214	2.54883	40954	97.54	0000004735
816	0.512936	0.000489663	2.83821	2.54883	785.65	97.56	0000000001
817	0.513426	0.000490131	3.82559	2.54883	15005.7	97.58	0000000981
818	0.513917	0.0004906	2.98042	2.54883	742.739	97.60	0000000001
819	0.514408	0.000491068	2.20705	2.56934	36283.2	97.71	0000011343
820	0.515392	0.000983545	3.86447	2.56934	14866.5	97.73	0000000994
821	0.516377	0.000985425	1.89537	2.83203	40145.2	97.83	0000004767
822	0.517364	0.000987309	3.95667	2.83203	14678.7	97.85	0000001001
823	0.518354	0.000989197	2.40129	2.58496	40429.1	98.12	0000032768
824	0.519345	0.000991088	4.01227	2.58594	14232.6	98.22	0000000995
825	0.520338	0.000992983	2.17799	2.5791	34625.7	98.32	0000004834
826	0.520835	0.000497203	2.48125	2.5791	871.882	98.34	0000000001
827	0.521333	0.000497679	4.14257	2.5791	13593.4	98.36	0000000990
828	0.522329	0.000996784	2.20834	2.58398	36205.6	98.47	0000011538
829	0.522828	0.000499107	2.89862	2.58398	702.168	98.49	0000000001
830	0.523328	0.000499583	4.13874	2.58398	13584.7	98.51	0000000976
831	0.524329	0.0010006	2.16984	2.58691	34668.5	98.61	0000004899
832	0.525331	0.00100251	4.21029	2.58691	13187.8	98.63	0000000972
833	0.526336	0.00100443	2.38673	2.58398	40677.1	98.90	0000032768
834	0.527342	0.00100635	4.27097	2.58691	13071.2	99.00	0000000976
835	0.52835	0.00100827	2.13623	2.58789	35293.8	99.10	0000004988
836	0.528855	0.00050486	2.39331	2.58789	878.92	99.12	0000000001
837	0.52936	0.000505342	4.46923	2.58789	12220.8	99.14	0000000943
838	0.530373	0.00101213	2.26949	2.88477	35074.3	99.25	0000011726
839	0.531387	0.00101407	4.32871	2.88477	12703.5	99.27	0000000948
840	0.532403	0.00101601	2.30749	2.58691	32479.3	99.38	0000005038
841	0.533421	0.00101795	4.12166	2.58691	12961.2	99.40	0000000955
842	0.53444	0.0010199	2.40424	2.58887	40338.9	99.70	0000032768
843	0.535462	0.00102185	3.93331	2.58984	14002.4	99.80	0000000969
844	0.535974	0.000511656	2.23566	2.58984	1000.13	99.82	0000000001
845	0.536486	0.000512145	2.30189	2.58984	32798.2	99.92	0000005128
846	0.536999	0.000512634	2.52843	2.58984	803.838	99.94	0000000001
847	0.537512	0.000513124	3.96788	2.58984	13770.2	99.96	0000000962
848	0.538025	0.000513614	3.33938	2.58984	1267.47	99.98	0000000002
849	0.53854	0.000514105	2.26557	2.59082	34968.6	100.09	0000011899
850	0.539054	0.000514596	2.34409	2.59082	1806.57	100.11	0000000002
851	0.539569	0.000515088	3.96542	2.59082	13538.2	100.13	0000000947
852	0.540085	0.00051558	2.73911	2.59082	1611.66	100.15	0000000002
853	0.540601	0.000516073	1.98954	2.59082	37982.5	100.25	0000005181
854	0.541635	0.00103363	3.91798	2.59082	14023.4	100.27	0000000947
855	0.542152	0.000517553	2.15246	2.59082	1943.17	100.29	0000000002
856	0.54267	0.000518048	2.64019	2.94531	36837.5	100.59	0000032768
857	0.543189	0.000518543	2.84364	2.81738	2083.61	100.69	0000000003
858	0.543708	0.000519039	3.73288	2.81738	14744	100.71	0000000944
859	0.544227	0.000519534	2.39668	2.81738	2480.29	100.73	0000000003
860	0.544747	0.000520031	1.89584	2.94922	40068.9	100.83	0000005300
861	0.545268	0.000520528	2.72066	2.94922	1406.11	100.85	0000000002
862	0.545789	0.000521025	3.92124	2.94922	14192.2	100.87	0000000945
863	0.54631	0.000521523	2.75991	2.94922	2255.39	100.89	0000000003
864	0.546832	0.000522021	2.29389	2.9502	34848.5	101.00	0000012108
865	0.547355	0.00052252	2.59611	2.9502	1553.72	101.02	0000000002
866	0.547878	0.00052302	3.96897	2.9502	14093.7	101.04	0000000944
867	0.548401	0.000523519	3.59638	2.9502	3172.45	101.05	0000000007
868	0.548925	0.00052402	1.96109	2.84473	38188.9	101.16	0000005290
869	0.54945	0.00052452	3.0528	2.84473	3311.78	101.18	0000000006
870	0.549975	0.000525021	3.6266	2.84473	15332.8	101.20	0000000977
871	0.550501	0.000525523	3.4962	2.84473	3380.36	101.21	0000000007
872	0.551027	0.000526025	2.42326	2.58691	39771.2	101.51	0000032768
873	0.551553	0.000526528	2.37441	2.52832	5023.88	101.61	0000000007
874	0.55208	0.000527031	3.60601	2.52832	15125.3	101.63	0000000960
875	0.552608	0.000527535	3.39252	2.52832	3779	101.64	0000000008
876	0.553136	0.000528039	2.02015	3.0127	36852.3	101.75	0000005341
877	0.553664	0.000528543	3.09293	3.0127	3273.68	101.77	0000000006
878	0.554193	0.000529048	3.60156	3.0127	15514.3	101.79	0000000972
879	0.554723	0.000529554	3.33286	3.0127	3643.65	101.80	0000000007
880	0.555253	0.00053006	2.27854	2.58398	34878.8	101.92	0000012259
881	0.555783	0.000530566	5.12294	2.58398	3261.2	101.94	0000000011
882	0.556315	0.000531073	3.66895	2.58398	15431.7	101.95	0000000971
883	0.556846	0.000531581	5.32481	2.58398	3676.21	101.97	0000000015
884	0.557378	0.000532089	1.98641	2.93945	37351	102.08	0000005321
885	0.557911	0.000532597	5.98168	2.93945	3596.94	102.10	0000000017
886	0.558444	0.000533106	3.58331	2.93945	15810.5	102.12	0000000971
887	0.558978	0.000533615	6.02143	2.93945	3568.19	102.13	0000000016
888	0.559512	0.000534125	2.7258	3.00684	35537.2	102.43	0000032768
889	0.560046	0.000534636	6.18675	3.00293	3761.41	102.53	0000000018
890	0.560581	0.000535147	3.62608	3.00293	15768.6	102.55	0000000990
891	0.561117	0.000535658	4.21252	3.00293	3552.08	102.56	0000000009
892	0.561653	0.00053617	1.99602	2.99805	36942.7	102.67	0000005361
893	0.56219	0.000536682	4.91125	2.99805	3559.11	102.69	0000000011
894	0.562727	0.000537195	3.67891	2.99805	15567.7	102.71	0000001003
895	0.563265	0.000537708	4.91345	2.99805	3588.28	102.72	0000000011
896	0.563803	0.000538222	2.27553	2.99512	34722.6	102.84	0000012405
897	0.564342	0.000538736	4.41301	2.99512	3336.62	102.86	0000000009
898	0.564881	0.000539251	3.59823	2.99512	16071.4	102.89	0000000995
899	0.565421	0.000539766	5.33321	2.99512	2777.09	102.90	0000000009
900	0.565961	0.000540282	2.00892	2.99512	36642.1	103.01	0000005413
901	0.566502	0.000540798	4.95583	2.99512	3118.28	103.03	0000000009
902	0.567043	0.000541315	3.52555	2.99512	16169	103.05	0000000990
903	0.567585	0.000541832	5.29495	2.99512	3026.19	103.06	0000000010
904	0.568127	0.00054235	2.34824	2.52148	40974.3	103.55	0000032768
905	0.56867	0.000542868	4.11976	2.99219	3308.02	103.65	0000000008
906	0.569214	0.000543387	3.51682	2.99219	16244.4	103.67	0000000995
907	0.569758	0.000543906	4.29197	2.99219	4234.99	103.68	0000000012
908	0.570302	0.000544426	1.96757	2.95898	37350.2	103.79	0000005492
909	0.570847	0.000544946	4.0305	2.95898	4196.78	103.81	0000000011
910	0.571392	0.000545467	3.45727	2.95898	16568.6	103.83	0000000983
911	0.571938	0.000545988	4.04718	2.95898	3534.58	103.85	0000000009
912	0.572485	0.00054651	2.22427	2.98535	35279.4	103.96	0000012566
913	0.573032	0.000547032	4.54016	2.98535	3202.76	103.98	0000000009
914	0.573579	0.000547555	3.40921	2.98535	16654.8	104.00	0000000992
915	0.574128	0.000548078	3.42721	2.98535	3059.13	104.02	0000000006
916	0.574676	0.000548602	2.1696	2.99512	33275.2	104.12	0000005521
917	0.575225	0.000549126	2.85364	2.99512	2071.91	104.14	0000000003
918	0.575775	0.000549651	3.26006	2.99512	17320.4	104.16	0000000992
919	0.576325	0.000550176	2.74502	2.99512	1595.81	104.18	0000000002
920	0.576876	0.000550702	2.6709	2.97852	36003.9	104.70	0000032768
921	0.577427	0.000551228	3.2387	2.9668	2060.71	104.80	0000000003
922	0.577979	0.000551755	3.3864	2.9668	17064.9	104.82	0000001018
923	0.578531	0.000552282	3.28338	2.9668	2021.08	104.84	0000000003
924	0.579084	0.00055281	2.15192	2.98828	33406.5	104.95	0000005589
925	0.579637	0.000553338	3.28303	2.98828	712.121	104.97	0000000001
926	0.580191	0.000553867	3.2743	2.98828	17380.4	104.99	0000001025
927	0.5813	0.00110932	2.01997	2.97266	38690.7	105.10	0000012668
928	0.582412	0.00111144	3.51046	2.97266	16373.8	105.12	0000001026
929	0.583525	0.00111357	2.005	2.96875	36067.5	105.23	0000005620
930	0.584641	0.0011157	3.42475	2.96875	16647.2	105.25	0000001026
931	0.585759	0.00111783	2.6965	2.97852	35525.2	105.78	0000032768
932	0.586319	0.000559716	2.30299	2.97754	1023.75	105.88	0000000001
933	0.586879	0.000560251	3.31822	2.97754	17597.5	105.90	0000001017
934	0.58744	0.000560786	2.63022	2.97754	772.291	105.92	0000000001
935	0.588001	0.000561322	2.03494	2.97559	35356.2	106.03	0000005720
936	0.589125	0.00112425	3.29494	2.97559	17216.4	106.05	0000001020
937	0.590252	0.0011264	2.13733	2.97559	36482.6	106.16	0000012805
938	0.590816	0.000564009	2.63965	2.97559	814.927	106.18	0000000001
939	0.59138	0.000564548	3.19069	2.97559	17849.1	106.20	0000001011
940	0.591945	0.000565087	2.91108	2.97559	711.537	106.22	0000000001
941	0.592511	0.000565627	1.97525	2.97363	36153.2	106.33	0000005729
942	0.593077	0.000566168	2.4461	2.97363	1569.33	106.34	0000000002
943	0.593644	0.000566709	3.03758	2.97363	18869.6	106.36	0000001036
944	0.594211	0.00056725	2.72188	2.97363	764.601	106.38	0000000001
945	0.594779	0.000567792	2.70304	2.97363	35392.7	106.91	0000032768
946	0.595347	0.000568335	2.87642	2.97461	809.711	107.01	0000000001
947	0.595916	0.000568878	3.01824	2.97461	18891.4	107.03	0000001043
948	0.596486	0.000569422	2.6664	2.97461	1607.14	107.05	0000000002
949	0.597055	0.000569966	2.00283	2.97266	35838.1	107.16	0000005806
950	0.597626	0.00057051	2.30401	2.97266	1701.51	107.18	0000000002
951	0.598197	0.000571056	3.00619	2.97266	18985.8	107.20	0000001057
952	0.598769	0.000571601	3.17275	2.97266	2367.74	107.22	0000000004
953	0.599341	0.000572147	2.1133	2.96484	36914.7	107.33	0000012974
954	0.599913	0.000572694	4.69503	2.96484	2425.55	107.35	0000000006
955	0.600487	0.000573241	2.89169	2.96484	20060.4	107.42	0000001083
956	0.601061	0.000573789	6.95924	2.96484	2892.22	107.44	0000000014
957	0.601635	0.000574337	1.98032	2.95703	36243.7	107.55	0000005870
958	0.60221	0.000574886	6.97299	2.95703	3168.9	107.57	0000000017
959	0.602785	0.000575435	3.31837	2.95703	17686.1	107.59	0000001092
960	0.603361	0.000575985	7.19971	2.95703	3130.58	107.60	0000000017
961	0.603938	0.000576536	2.69122	2.96094	35477.7	107.87	0000032768
962	0.604515	0.000577087	9.18266	2.95801	2874.92	107.97	0000000020
963	0.605092	0.000577638	2.85924	2.95801	20745.9	107.99	0000001143
964	0.605671	0.00057819	7.97961	2.95801	2750.29	108.01	0000000016
965	0.606249	0.000578742	1.95714	2.95215	36636.5	108.11	0000005920
966	0.606829	0.000579296	7.05266	2.95215	2546.84	108.13	0000000012
967	0.607409	0.000579849	2.74421	2.95215	21627.5	108.15	0000001149
968	0.607989	0.000580403	4.70723	2.95215	2318.34	108.17	0000000006
969	0.60857	0.000580958	2.04593	2.9502	38133	108.28	0000013122
970	0.609151	0.000581513	3.40625	2.9502	2222.81	108.30	0000000004
971	0.609733	0.000582069	2.79934	2.9502	21127.6	108.32	0000001189
972	0.610316	0.000582625	2.26511	2.9502	1795.98	108.33	0000000002
973	0.610899	0.000583181	1.91945	2.94629	37386.6	108.44	0000005981
974	0.611483	0.000583739	2.37415	2.94629	1736.5	108.46	0000000002
975	0.612067	0.000584296	2.83699	2.94629	20846.3	108.48	0000001222
976	0.612652	0.000584855	2.5901	2.94629	3562.72	108.50	0000000005
977	0.613238	0.000585414	2.64467	2.94043	36116.1	108.76	0000032768
978	0.613824	0.000585973	3.43974	2.93945	5090.56	108.86	0000000011
979	0.61441	0.000586533	2.77028	2.93945	21330	108.88	0000001236
980	0.614997	0.000587093	3.39495	2.93945	3963.44	108.90	0000000009
981	0.615585	0.000587654	2.05245	2.93945	34701.5	109.00	0000006005
982	0.616173	0.000588216	3.54209	2.93945	4376.14	109.02	0000000010
983	0.616762	0.000588778	2.77957	2.93945	21373.6	109.04	0000001276
984	0.617351	0.000589341	3.2818	2.93945	4125.41	109.06	0000000008
985	0.617941	0.000589904	1.9542	2.94531	39866.9	109.17	0000013260
986	0.618532	0.000590467	3.38467	2.94531	3575.11	109.19	0000000008
987	0.619123	0.000591032	2.80517	2.94531	20926	109.21	0000001279
988	0.619714	0.000591596	4.57598	2.94531	2964.51	109.23	0000000008
989	0.620306	0.000592162	1.99487	2.91992	35761.6	109.34	0000006042
990	0.620899	0.000592727	3.55167	2.91992	2125.96	109.35	0000000004
991	0.621492	0.000593294	2.95521	2.91992	19698.8	109.37	0000001329
992	0.622086	0.000593861	2.89589	2.91992	2043.64	109.39	0000000003
993	0.622681	0.000594428	2.55638	3.00781	37304.8	109.89	0000032768
994	0.623276	0.000594996	3.08353	3.00586	2543.39	109.99	0000000004
995	0.623871	0.000595565	2.80451	3.00586	20788.9	110.01	0000001318
996	0.624467	0.000596134	2.60965	3.00586	2113.49	110.03	0000000003
997	0.625064	0.000596703	2.21915	2.53125	32142.3	110.14	0000006089
998	0.625661	0.000597274	2.42368	2.53125	3084.82	110.15	0000000004
999	0.626259	0.000597844	2.97922	2.53125	19369.5	110.17	0000001314
1000	0.626858	0.000598416	3.12624	2.53125	3722.26	110.19	0000000007
1001	0.627457	0.000598987	2.11119	2.60645	37203.1	110.31	0000013371
1002	0.628056	0.00059956	2.83678	2.60645	2943.67	110.32	0000000005
1003	0.628656	0.000600133	3.07805	2.60645	18937.7	110.34	0000001334
1004	0.629257	0.000600706	3.76624	2.60645	2594.14	110.36	0000000005
1005	0.629858	0.00060128	1.93297	2.88965	37267.4	110.47	0000006169
1006	0.63046	0.000601855	3.61913	2.88965	3566.03	110.49	0000000008
1007	0.631063	0.00060243	3.07236	2.88965	18945.4	110.51	0000001329
1008	0.631666	0.000603005	2.85159	2.88965	3917.65	110.52	0000000007
1009	0.632269	0.000603582	2.4827	2.84961	38401.9	111.04	0000032768
1010	0.632873	0.000604158	3.12809	2.84668	3416.11	111.14	0000000006
1011	0.633478	0.000604736	3.04819	2.84668	19207.5	111.16	0000001349
1012	0.634083	0.000605314	2.71293	2.84668	3196.87	111.18	0000000005
1013	0.634689	0.000605892	1.86748	2.94141	37851.1	111.29	0000006218
1014	0.635296	0.000606471	3.21146	2.94141	2369.8	111.31	0000000004
1015	0.635903	0.00060705	2.63234	2.94141	21817.5	111.33	0000001365
1016	0.63651	0.00060763	3.33614	2.94141	2702.07	111.34	0000000005
1017	0.637119	0.000608211	2.06947	2.53125	37906.7	111.46	0000013495
1018	0.637727	0.000608792	3.38563	2.53125	2559.55	111.48	0000000005
1019	0.638337	0.000609374	2.82874	2.53125	20233.4	111.50	0000001385
1020	0.638947	0.000609956	3.07208	2.53125	2440.41	111.51	0000000004
1021	0.639557	0.000610539	2.19196	2.58203	32613.2	111.62	0000006271
1022	0.640168	0.000611122	3.44399	2.58203	1925.98	111.64	0000000004
1023	0.64078	0.000611706	2.83724	2.58203	20031.2	111.66	0000001389
1024	0.641392	0.000612291	2.48906	2.58203	1595.53	111.68	0000000002
1025	0.642005	0.000612876	2.17952	2.55664	43813.4	112.19	0000032768
1026	0.642619	0.000613462	3.34689	2.48242	2183.14	112.31	0000000004
1027	0.643233	0.000614048	2.90179	2.48242	19836.7	112.33	0000001416
1028	0.643847	0.000614635	2.61127	2.48242	2221.72	112.34	0000000003
1029	0.644463	0.000615222	2.18569	2.50781	32970.3	112.45	0000006360
1030	0.645078	0.00061581	2.13271	2.50781	1007.84	112.47	0000000001
1031	0.645695	0.000616398	2.90827	2.50781	19633	112.49	0000001419
1032	0.646312	0.000616987	2.14591	2.50781	955.921	112.51	0000000001
1033	0.646929	0.000617577	1.97493	2.89844	39276.6	112.62	0000013615
1034	0.647548	0.000618167	2.62441	2.89844	860.455	112.64	0000000001
1035	0.648166	0.000618758	2.9372	2.89844	19104.4	112.66	0000001447
1036	0.648786	0.000619349	2.65086	2.89844	1519.46	112.68	0000000002
1037	0.649406	0.000619941	1.88123	2.88867	37731.1	112.79	0000006385
1038	0.650026	0.000620533	2.55596	2.88867	2285.86	112.80	0000000003
1039	0.650647	0.000621126	3.05728	2.88867	18627.5	112.82	0000001460
1040	0.651269	0.000621719	2.85942	2.88867	1496.5	112.84	0000000002
1041	0.651891	0.000622314	2.57914	2.91699	36982.5	113.10	0000032768
1042	0.652514	0.000622908	2.3384	2.91504	2516.37	113.20	0000000003
1043	0.653138	0.000623503	2.973	2.91504	19151	113.22	0000001478
1044	0.653762	0.000624099	2.807	2.91504	784.841	113.24	0000000001
1045	0.654386	0.000624696	2.16229	2.87793	33005.1	113.35	0000006477
1046	0.655012	0.000625292	2.942	2.87793	2468.5	113.36	0000000004
1047	0.655638	0.00062589	3.05178	2.87793	18760	113.38	0000001478
1048	0.656264	0.000626488	3.17865	2.87793	2372.14	113.40	0000000004
1049	0.656891	0.000627087	1.86261	2.82617	41776.1	113.52	0000013725
1050	0.657519	0.000627686	4.08054	2.82617	2654.87	113.53	0000000006
1051	0.658147	0.000628286	3.10635	2.82617	18268.9	113.55	0000001496
1052	0.658776	0.000628886	4.23074	2.82617	2726.4	113.57	0000000008
1053	0.659406	0.000629487	2.07776	2.89844	33791.8	113.68	0000006510
1054	0.660036	0.000630088	4.62607	2.89844	2653.48	113.70	0000000007
1055	0.660666	0.00063069	3.12098	2.89844	17573	113.72	0000001473
1056	0.661298	0.000631293	5.32985	2.89844	2849.82	113.73	0000000010
1057	0.66193	0.000631896	2.53414	2.89453	37515.3	114.21	0000032768
1058	0.662562	0.0006325	4.62666	2.86523	3977.89	114.31	0000000014
1059	0.663195	0.000633105	3.06858	2.86523	18219.2	114.33	0000001489
1060	0.663829	0.000633709	5.84541	2.86523	3502.05	114.35	0000000018
1061	0.664463	0.000634315	2.1551	2.71387	32763	114.45	0000006574
1062	0.665098	0.000634921	6.58377	2.71387	4003.79	114.47	0000000031
1063	0.665734	0.000635528	2.75563	2.71387	19990.5	114.49	0000001507
1064	0.66637	0.000636135	6.40847	2.71387	4532.91	114.51	0000000045
1065	0.667006	0.000636743	2.37019	2.91211	32876.1	114.63	0000013822
1066	0.667644	0.000637351	7.42731	2.91211	4325.93	114.65	0000000058
1067	0.668282	0.00063796	2.671	2.91211	20900	114.67	0000001533
1068	0.66892	0.00063857	7.82927	2.91211	4146.02	114.68	0000000068
1069	0.66956	0.00063918	2.14098	2.9707	32847.8	114.80	0000006618
1070	0.670199	0.000639791	7.97604	2.9707	4075.57	114.81	0000000076
1071	0.67084	0.000640402	2.77443	2.9707	19820.1	114.83	0000001546
1072	0.671481	0.000641014	7.91707	2.9707	4130.51	114.85	0000000080
1073	0.672122	0.000641627	2.64862	2.90723	35803.3	115.11	0000032768
1074	0.672765	0.00064224	7.90611	2.95508	4464.24	115.21	0000000085
1075	0.673407	0.000642853	2.85728	2.95508	19159.6	115.23	0000001527
1076	0.674051	0.000643468	7.42587	2.95508	4641.83	115.25	0000000084
1077	0.674695	0.000644083	2.04587	2.91504	34119.4	115.36	0000006673
1078	0.67534	0.000644698	8.21662	2.91504	4017.13	115.38	0000000077
1079	0.675985	0.000645314	2.75466	2.91504	19780.2	115.40	0000001529
1080	0.676631	0.000645931	8.51466	2.91504	3827.6	115.42	0000000068
1081	0.677278	0.000646548	2.22916	2.90723	34196.3	115.54	0000013897
1082	0.677925	0.000647166	10.0252	2.90723	3301.55	115.55	0000000066
1083	0.678572	0.000647784	3.15521	2.90723	17153.3	115.57	0000001554
1084	0.679221	0.000648403	9.37465	2.90723	3462.76	115.59	0000000067
1085	0.67987	0.000649023	2.33217	2.89746	29667.7	115.70	0000006676
1086	0.68052	0.000649643	8.58735	2.89746	3819.88	115.72	0000000065
1087	0.68117	0.000650264	3.04246	2.89746	17748.1	115.74	0000001581
1088	0.681821	0.000650885	8.10035	2.89746	3980.1	115.76	0000000063
1089	0.682472	0.000651507	2.52695	2.9248	37397.6	116.08	0000032768
1090	0.683124	0.000652129	6.09025	3.24023	5368.95	116.18	0000000055
1091	0.683777	0.000652753	2.55438	3.24023	21486	116.20	0000001607
1092	0.68443	0.000653376	6.20636	3.24023	4968.48	116.22	0000000049
1093	0.685084	0.000654001	2.19551	2.88281	31400	116.33	0000006719
1094	0.685739	0.000654626	7.03693	2.88281	4595.59	116.35	0000000048
1095	0.686394	0.000655251	3.1297	2.88281	17545.5	116.37	0000001619
1096	0.68705	0.000655877	7.94649	2.88281	4098.79	116.39	0000000049
1097	0.687707	0.000656504	2.506	3.23926	30633	116.51	0000013961
1098	0.688364	0.000657131	6.33002	3.23926	4542.51	116.52	0000000039
1099	0.689022	0.000657759	2.98463	3.23926	18209.3	116.55	0000001637
1100	0.68968	0.000658388	5.63068	3.23926	4005.42	116.56	0000000026
1101	0.690339	0.000659017	1.76156	2.91992	39214.2	116.68	0000006798
1102	0.690999	0.000659647	5.63503	2.91992	3720.59	116.69	0000000020
1103	0.691659	0.000660277	2.65526	2.91992	20427.2	116.71	0000001650
1104	0.69232	0.000660908	4.45636	2.91992	3968.09	116.73	0000000015
1105	0.692981	0.000661539	2.85007	3.10742	33240.9	116.99	0000032768
1106	0.693644	0.000662171	4.13383	2.95801	3560.74	117.10	0000000011
1107	0.694306	0.000662804	3.08534	2.95801	17686.2	117.12	0000001655
1108	0.69497	0.000663437	3.37902	2.95801	3709.47	117.13	0000000008
1109	0.695634	0.000664071	2.07865	3.12598	33192.5	117.24	0000006852
1110	0.696299	0.000664706	4.68888	3.12598	2514.34	117.26	0000000007
1111	0.696964	0.000665341	2.73449	3.12598	19818.7	117.28	0000001646
1112	0.69763	0.000665977	5.82436	3.12598	2435.57	117.30	0000000009
1113	0.698296	0.000666613	1.75368	2.83594	43421.2	117.42	0000014033
1114	0.698964	0.00066725	5.13049	2.83594	2581.95	117.43	0000000008
1115	0.699632	0.000667888	2.57427	2.83594	20672.4	117.45	0000001658
1116	0.7003	0.000668526	4.15151	2.83594	3639.43	117.47	0000000010
1117	0.700969	0.000669165	1.9046	3.2168	36244	117.58	0000006887
1118	0.701639	0.000669804	2.38777	3.2168	3376.77	117.60	0000000005
1119	0.70231	0.000670444	2.93419	3.2168	18584.7	117.62	0000001682
1120	0.702981	0.000671085	4.76118	3.2168	2326.53	117.64	0000000007
1121	0.703652	0.000671726	2.73893	3.11914	34430	117.93	0000032768
1122	0.704325	0.000672368	3.27472	3.15723	4532.05	118.03	0000000009
1123	0.704998	0.00067301	2.89173	3.15723	18948.8	118.05	0000001675
1124	0.705671	0.000673654	2.67433	3.15723	4756.29	118.07	0000000008
1125	0.706346	0.000674297	2.01765	3.11914	33893.9	118.18	0000006926
1126	0.707021	0.000674942	2.82058	3.11914	3447.71	118.20	0000000006
1127	0.707696	0.000675587	3.24045	3.11914	16674.6	118.22	0000001671
1128	0.708372	0.000676232	2.94833	3.11914	4095.02	118.24	0000000009
1129	0.709049	0.000676878	2.12151	3.11523	35904.1	118.36	0000014097
1130	0.709727	0.000677525	3.71585	3.11523	4488.88	118.37	0000000014
1131	0.710405	0.000678172	2.97323	3.11523	18315	118.39	0000001681
1132	0.711084	0.00067882	5.10185	3.11523	4469.95	118.41	0000000023
1133	0.711763	0.000679469	1.8716	3.20508	36449.1	118.52	0000006942
1134	0.712443	0.000680118	5.60474	3.20508	3560.17	118.54	0000000022
1135	0.713124	0.000680768	2.95461	3.20508	18284.5	118.56	0000001679
1136	0.713806	0.000681419	5.68204	3.20508	3821.42	118.58	0000000022
1137	0.714488	0.00068207	2.52137	2.89551	37412.7	118.84	0000032768
1138	0.71517	0.000682722	6.57861	3.23633	3750.13	118.95	0000000029
1139	0.715854	0.000683374	2.99261	3.23633	18310.7	118.97	0000001672
1140	0.716538	0.000684027	6.5975	3.23633	3527.27	118.98	0000000031
1141	0.717223	0.000684681	1.93349	2.93652	35331.2	119.10	0000006996
1142	0.717908	0.000685335	7.22461	2.93652	3619.74	119.11	0000000034
1143	0.718594	0.00068599	2.94397	2.93652	18523.2	119.13	0000001693
1144	0.71928	0.000686645	7.18927	2.93652	3496.96	119.15	0000000032
1145	0.719968	0.000687301	2.44339	3.22559	31277.5	119.27	0000014164
1146	0.720656	0.000687958	6.43035	3.22559	3837.99	119.29	0000000031
1147	0.721344	0.000688615	2.81893	3.22559	19355.4	119.31	0000001704
1148	0.722034	0.000689273	7.00846	3.22559	3704.27	119.33	0000000035
1149	0.722724	0.000689932	1.89457	3.23145	36303.3	119.44	0000007033
1150	0.723414	0.000690591	6.59891	3.23145	3843.63	119.46	0000000033
1151	0.724105	0.000691251	2.82439	3.23145	19450.1	119.48	0000001668
1152	0.724797	0.000691912	7.00116	3.23145	3628.08	119.50	0000000033
1153	0.72549	0.000692573	2.48186	3.28027	37960.5	119.77	0000032768
1154	0.726183	0.000693235	7.89935	3.15332	3383.61	119.87	0000000032
1155	0.726877	0.000693897	2.99387	3.15332	18655.6	119.89	0000001687
1156	0.727572	0.00069456	7.20998	3.15332	3432.67	119.91	0000000030
1157	0.728267	0.000695224	1.90217	3.17578	35866	120.02	0000007089
1158	0.728963	0.000695888	7.60517	3.17578	3614.18	120.04	0000000036
1159	0.729659	0.000696553	3.04015	3.17578	18069.5	120.06	0000001702
1160	0.730356	0.000697219	7.8831	3.17578	3419.59	120.08	0000000036
1161	0.731054	0.000697885	2.10569	2.86328	36123.2	120.20	0000014183
1162	0.731753	0.000698552	8.38734	2.86328	3426.63	120.21	0000000042
1163	0.732452	0.000699219	3.23488	2.86328	17068.7	120.23	0000001688
1164	0.733152	0.000699887	8.89436	2.86328	3256.22	120.25	0000000044
1165	0.733853	0.000700556	1.98481	2.87305	34413.5	120.36	0000007132
1166	0.734554	0.000701225	8.76894	2.87305	3429.41	120.38	0000000049
1167	0.735256	0.000701896	3.35113	2.87305	16447.8	120.40	0000001702
1168	0.735958	0.000702566	8.36643	2.87305	3788.58	120.42	0000000056
1169	0.736661	0.000703238	2.48334	2.88379	37842.8	120.67	0000032768
1170	0.737365	0.00070391	8.63214	3.15918	3923.76	120.78	0000000062
1171	0.73807	0.000704582	3.21952	3.15918	17332.2	120.80	0000001710
1172	0.738775	0.000705255	8.7803	3.15918	3766.91	120.82	0000000065
1173	0.739481	0.000705929	1.89949	3.18457	36304.1	120.93	0000007256
1174	0.740188	0.000706604	7.72203	3.18457	4118.01	120.94	0000000060
1175	0.740895	0.000707279	2.81161	3.18457	19605.7	120.97	0000001713
1176	0.741603	0.000707955	8.61666	3.18457	3565.02	120.98	0000000061
1177	0.742312	0.000708631	2.25211	3.14746	33813.2	121.10	0000014283
1178	0.743021	0.000709308	8.99941	3.14746	3176.56	121.12	0000000053
1179	0.743731	0.000709986	2.88076	3.14746	18863.2	121.14	0000001697
1180	0.744442	0.000710665	9.80522	3.14746	2870.39	121.16	0000000050
1181	0.745153	0.000711344	1.76382	3.17969	38821.1	121.27	0000007271
1182	0.745865	0.000712023	10.3643	3.17969	2716.86	121.29	0000000051
1183	0.746578	0.000712704	3.17079	3.17969	17157.5	121.31	0000001709
1184	0.747291	0.000713385	10.1817	3.17969	2853.77	121.33	0000000056
1185	0.748005	0.000714066	2.45395	3.24902	38393.9	121.64	0000032768
1186	0.74872	0.000714749	10.0408	3.17969	2911.01	121.74	0000000053
1187	0.749435	0.000715432	3.35833	3.17969	16176.3	121.76	0000001671
1188	0.750151	0.000716115	10.0164	3.17969	2882.71	121.78	0000000052
1189	0.750868	0.0007168	1.68046	3.30176	40462.7	121.89	0000007281
1190	0.751586	0.000717485	9.7269	3.30176	3082.49	121.91	0000000056
1191	0.752304	0.00071817	2.86467	3.30176	18755	121.93	0000001673
1192	0.753023	0.000718856	10.3915	3.30176	2878.94	121.95	0000000056
1193	0.753742	0.000719543	1.85779	3.2373	40834.2	122.07	0000014322
1194	0.754463	0.000720231	9.53732	3.2373	3080.5	122.08	0000000057
1195	0.755183	0.000720919	2.84323	3.2373	18719.9	122.10	0000001672
1196	0.755905	0.000721608	9.75652	3.2373	2898.73	122.12	0000000049
1197	0.756627	0.000722297	1.79515	3.21973	37876.4	122.24	0000007294
1198	0.75735	0.000722988	9.58128	3.21973	2981.93	122.25	0000000045
1199	0.758074	0.000723679	3.04064	3.21973	17564.9	122.27	0000001638
1200	0.758798	0.00072437	9.02509	3.21973	2923.11	122.29	0000000034
1201	0.759523	0.000725062	2.62466	3.07324	35786.4	122.55	0000032768
1202	0.760249	0.000725755	8.65756	3.10254	2793.7	122.65	0000000024
1203	0.760976	0.000726448	3.40932	3.10254	15628.1	122.67	0000001613
1204	0.761703	0.000727143	5.9055	3.10254	2539.16	122.69	0000000010
1205	0.762431	0.000727837	1.6496	3.11816	40834.3	122.81	0000007336
1206	0.763159	0.000728533	6.10861	3.11816	1887.25	122.82	0000000009
1207	0.763888	0.000729229	3.4148	3.11816	15405.2	122.84	0000001595
1208	0.764618	0.000729926	4.6296	3.11816	1946.24	122.86	0000000005
1209	0.765349	0.000730623	2.24298	3.12207	33629.3	122.98	0000014376
1210	0.76608	0.000731321	2.55216	3.12207	836.658	123.00	0000000001
1211	0.766812	0.00073202	3.15825	3.12207	16613.5	123.02	0000001597
1212	0.767545	0.00073272	2.56845	3.12207	859.059	123.04	0000000001
1213	0.768278	0.00073342	1.75856	3.22754	38174	123.15	0000007310
1214	0.769013	0.000734121	3.38658	3.22754	623.541	123.17	0000000001
1215	0.769747	0.000734822	3.14595	3.22754	16608.2	123.19	0000001571
1216	0.770483	0.000735524	3.47821	3.22754	608.355	123.21	0000000001
1217	0.771219	0.000736227	2.31233	2.93848	40416.2	123.51	0000032768
1218	0.771956	0.000736931	2.52463	3.11426	906.217	123.61	0000000001
1219	0.772694	0.000737635	3.01097	3.11426	17448.9	123.63	0000001596
1220	0.773432	0.00073834	2.53364	3.11426	856.399	123.65	0000000001
1221	0.774171	0.000739045	1.91313	3.23535	34887.4	123.76	0000007298
1222	0.774911	0.000739751	3.43899	3.23535	1183.96	123.78	0000000002
1223	0.775651	0.000740458	3.1628	3.23535	16522.1	123.80	0000001567
1224	0.776392	0.000741166	2.79335	3.23535	731.49	123.82	0000000001
1225	0.777134	0.000741874	1.94723	3.28125	38526.1	123.94	0000014386
1226	0.777877	0.000742583	2.76066	3.28125	755.196	123.95	0000000001
1227	0.77862	0.000743292	3.51494	3.28125	15098.8	123.97	0000001560
1228	0.780109	0.00148872	2.12989	2.89844	31066	124.09	0000007304
1229	0.780854	0.000745425	3.52218	2.89844	1760.03	124.10	0000000003
1230	0.7816	0.000746138	2.99394	2.89844	17176.9	124.12	0000001545
1231	0.782347	0.00074685	3.18395	2.89844	1236.55	124.14	0000000002
1232	0.783095	0.000747564	2.34345	2.90039	39761.6	124.41	0000032768
1233	0.783843	0.000748278	3.51399	3.02734	1869.5	124.51	0000000003
1234	0.784592	0.000748993	2.93934	3.02734	17550.5	124.53	0000001533
1235	0.785342	0.000749709	2.6895	3.02734	1542.37	124.55	0000000002
1236	0.786092	0.000750426	1.97375	2.88477	33379.4	124.66	0000007309
1237	0.786843	0.000751143	3.11175	2.88477	2519.5	124.68	0000000004
1238	0.787595	0.00075186	3.09393	2.88477	16409	124.70	0000001514
1239	0.788348	0.000752579	3.366	2.88477	3046.25	124.72	0000000006
1240	0.789101	0.000753298	2.12861	3.19336	35034.5	124.84	0000014414
1241	0.789855	0.000754018	4.55842	3.19336	3533.54	124.86	0000000011
1242	0.79061	0.000754738	2.88343	3.19336	17708.5	124.88	0000001521
1243	0.791365	0.000755459	5.77782	3.19336	3340.98	124.90	0000000015
1244	0.792122	0.000756181	2.0968	3.31934	31326.2	125.01	0000007336
1245	0.792878	0.000756904	5.32081	3.31934	3598.64	125.03	0000000013
1246	0.793636	0.000757627	3.32488	3.31934	15258	125.05	0000001503
1247	0.794394	0.000758351	4.59507	3.31934	4010.63	125.07	0000000014
1248	0.795154	0.000759076	2.36077	2.72949	39331.3	125.58	0000032768
1249	0.795913	0.000759801	3.2377	3.06543	4086.9	125.69	0000000008
1250	0.796674	0.000760527	3.18761	3.06543	16006.8	125.71	0000001492
1251	0.797435	0.000761254	4.07362	3.06543	2940.38	125.72	0000000008
1252	0.798197	0.000761981	2.1096	3.08984	31050.9	125.84	0000007349
1253	0.79896	0.000762709	4.62703	3.08984	3474.78	125.86	0000000013
1254	0.799723	0.000763438	3.19407	3.08984	15855.8	125.88	0000001508
1255	0.800487	0.000764168	5.78051	3.08984	2909.76	125.94	0000000014
1256	0.801252	0.000764898	2.03335	3.02539	36484.7	126.07	0000014453
1257	0.802018	0.000765629	6.64654	3.02539	2792.82	126.09	0000000015
1258	0.802784	0.00076636	2.99272	3.02539	17131.8	126.11	0000001514
1259	0.803551	0.000767092	7.19683	3.02539	2717.59	126.13	0000000017
1260	0.804319	0.000767825	1.784	3.41113	36684.7	126.24	0000007345
1261	0.805088	0.000768559	8.19443	3.41113	2306.27	126.26	0000000017
1262	0.805857	0.000769294	2.87225	3.41113	17745.5	126.28	0000001535
1263	0.806627	0.000770029	9.14483	3.41113	2329	126.30	0000000021
1264	0.807398	0.000770764	2.50236	3.41016	36994.5	126.57	0000032768
1265	0.808169	0.000771501	9.45973	3.41016	2589.22	126.67	0000000026
1266	0.808942	0.000772238	3.04178	3.41016	17053.4	126.70	0000001515
1267	0.809715	0.000772976	9.11672	3.41016	2609.54	126.71	0000000026
1268	0.810488	0.000773715	2.02478	3.40918	32143.5	126.83	0000007380
1269	0.811263	0.000774454	9.00575	3.40918	2686.74	126.85	0000000034
1270	0.812038	0.000775194	2.96004	3.40918	17164.9	126.87	0000001529
1271	0.812814	0.000775935	9.47525	3.40918	2701.63	126.89	0000000038
1272	0.813591	0.000776676	2.27339	3.41309	32556.9	127.01	0000014459
1273	0.814368	0.000777418	10.1756	3.41309	2658.57	127.03	0000000040
1274	0.815146	0.000778161	2.66611	3.41309	19430	127.05	0000001529
1275	0.815925	0.000778905	10.4253	3.41309	2680.05	127.07	0000000043
1276	0.816705	0.000779649	2.00323	3.06152	32410	127.19	0000007438
1277	0.817485	0.000780394	7.75526	3.06152	3513.74	127.20	0000000047
1278	0.818266	0.00078114	3.13224	3.06152	15913.6	127.23	0000001525
1279	0.819048	0.000781886	8.04824	3.06152	3364.96	127.24	0000000053
1280	0.819831	0.000782633	2.73188	3.05371	33808.1	127.56	0000032768
1281	0.820614	0.000783381	8.49831	3.05859	3349.99	127.66	0000000061
1282	0.821398	0.00078413	2.90668	3.05859	17354.2	127.69	0000001543
1283	0.822183	0.000784879	8.5904	3.05859	3238.76	127.70	0000000066
1284	0.822969	0.000785629	2.1607	3.05469	30021.5	127.82	0000007432
1285	0.823755	0.00078638	8.053	3.05469	3622.7	127.84	0000000070
1286	0.824542	0.000787131	2.69762	3.05469	18410.7	127.86	0000001551
1287	0.82533	0.000787883	8.08631	3.05469	3555.02	127.88	0000000065
1288	0.826119	0.000788636	2.40858	3.07227	30307.8	128.01	0000014433
1289	0.826908	0.000789389	8.52722	3.07227	3428.79	128.02	0000000068
1290	0.827698	0.000790144	2.67903	3.07227	18233.7	128.05	0000001562
1291	0.828489	0.000790899	8.34276	3.07227	3350.78	128.06	0000000067
1292	0.829281	0.000791655	2.10686	3.04492	30687.5	128.18	0000007490
1293	0.830073	0.000792411	8.64416	3.04492	3179.11	128.20	0000000057
1294	0.830866	0.000793168	2.73448	3.04492	17877.8	128.22	0000001566
1295	0.83166	0.000793926	8.64949	3.04492	2936.38	128.24	0000000047
1296	0.832455	0.000794685	2.69632	3.04102	34223.9	128.75	0000032768
1297	0.83325	0.000795444	6.96049	3.03711	3588.96	128.86	0000000034
1298	0.834047	0.000796204	3.0923	3.03711	16129.5	128.88	0000001604
1299	0.834844	0.000796965	5.28973	3.03711	3973.05	128.90	0000000022
1300	0.835641	0.000797726	2.0888	3.03418	31032.4	129.02	0000007500
1301	0.83644	0.000798489	4.13843	3.03418	3871.96	129.04	0000000014
1302	0.837239	0.000799252	2.86689	3.03418	16994.8	129.06	0000001631
1303	0.838039	0.000800015	3.71679	3.03418	3736.07	129.08	0000000010
1304	0.83884	0.00080078	2.17833	3.41797	33760	129.20	0000014443
1305	0.839641	0.000801545	3.10657	3.41797	3236.72	129.22	0000000006
1306	0.840444	0.000802311	2.89547	3.41797	16906.3	129.24	0000001663
1307	0.841247	0.000803078	2.97341	3.41797	1324.83	129.26	0000000002
1308	0.842051	0.000803845	2.08456	3.0332	30916.3	129.38	0000007458
1309	0.842855	0.000804613	3.71285	3.0332	1032.02	129.39	0000000002
1310	0.843661	0.000805382	2.81109	3.0332	17146.9	129.42	0000001665
1311	0.844467	0.000806152	2.57438	3.0332	833.244	129.43	0000000001
1312	0.845274	0.000806922	2.73953	3.03906	33756.1	129.97	0000032768
1313	0.846081	0.000807693	3.64654	3.41797	595.817	130.07	0000000001
1314	0.84689	0.000808465	2.74827	3.41797	17844.2	130.09	0000001700
1315	0.847699	0.000809237	2.7313	3.41797	1414.06	130.11	0000000002
1316	0.848509	0.00081001	2.04272	3.02637	31543.7	130.23	0000007492
1317	0.84932	0.000810784	2.90327	3.02637	1921.54	130.25	0000000003
1318	0.850131	0.000811559	2.8851	3.02637	16755.8	130.27	0000001724
1319	0.850944	0.000812335	2.60488	3.02637	899.358	130.29	0000000001
1320	0.851757	0.000813111	2.14488	3.41406	33727.9	130.41	0000014397
1321	0.853385	0.00162855	2.93534	3.41406	16088.2	130.43	0000001752
1322	0.855017	0.00163167	2.20929	3.02734	28994.5	130.55	0000007452
1323	0.855834	0.000817003	3.32674	3.02734	654.012	130.57	0000000001
1324	0.856652	0.000817784	2.89771	3.02734	16218.8	130.59	0000001722
1325	0.857471	0.000818565	3.71395	3.02734	582.197	130.61	0000000001
1326	0.85829	0.000819347	2.52953	3.42676	36331.1	131.15	0000032768
1327	0.859931	0.00164104	2.87773	3.42773	16801.6	131.26	0000001745
1328	0.860753	0.000821698	3.21359	3.42773	673.666	131.28	0000000001
1329	0.861575	0.000822484	2.22271	3.42969	28584.2	131.39	0000007466
1330	0.862398	0.000823269	3.15776	3.42969	744.438	131.41	0000000001
1331	0.863222	0.000824056	2.98494	3.42969	15598.3	131.43	0000001738
1332	0.864047	0.000824844	3.21165	3.42969	705.864	131.45	0000000001
1333	0.864873	0.000825632	2.22996	3.01074	32539.1	131.58	0000014405
1334	0.865699	0.000826421	3.53807	3.01074	1291.11	131.59	0000000002
1335	0.866527	0.00082721	2.87112	3.01074	16384.3	131.62	0000001761
1336	0.867355	0.000828001	3.2104	3.01074	1261.99	131.63	0000000002
1337	0.868183	0.000828792	2.58306	3.42773	24549.9	131.75	0000007459
1338	0.869013	0.000829584	3.04346	3.42773	2223.88	131.77	0000000004
1339	0.869843	0.000830377	3.11411	3.42773	14996.4	131.79	0000001767
1340	0.870674	0.00083117	3.56197	3.42773	2232.21	131.81	0000000005
1341	0.871506	0.000831964	2.66541	3.42676	34407.3	132.31	0000032768
1342	0.872339	0.000832759	5.05952	3.42871	2262.64	132.42	0000000007
1343	0.873173	0.000833555	3.31483	3.42871	14140.2	132.44	0000001769
1344	0.874007	0.000834351	5.59854	3.42871	2326.15	132.46	0000000010
1345	0.874842	0.000835149	2.56209	3.42773	24697.9	132.58	0000007425
1346	0.875678	0.000835947	5.59067	3.42773	2494	132.60	0000000011
1347	0.876515	0.000836746	3.27474	3.42773	13897	132.62	0000001761
1348	0.877352	0.000837545	6.75635	3.42773	2380.34	132.64	0000000013
1349	0.878191	0.000838345	2.52036	3.03125	28347.3	132.77	0000014418
1350	0.87903	0.000839146	6.60348	3.03125	2421.26	132.78	0000000014
1351	0.87987	0.000839948	3.34719	3.03125	13264	132.81	0000001757
1352	0.880711	0.000840751	7.62965	3.03125	2380.61	132.83	0000000020
1353	0.881552	0.000841554	2.50816	3.42285	25032.8	132.94	0000007398
1354	0.882395	0.000842358	8.81005	3.42285	2641.41	132.96	0000000035
1355	0.883238	0.000843163	3.18484	3.42285	14151.9	132.98	0000001762
1356	0.884082	0.000843969	8.8917	3.42285	2723.69	133.00	0000000040
1357	0.884926	0.000844775	2.52669	3.42969	36142	133.54	0000032768
1358	0.885772	0.000845583	8.00767	3.42969	3486.53	133.65	0000000052
1359	0.886618	0.000846391	3.7909	3.42969	12110	133.67	0000001780
1360	0.887466	0.000847199	7.98857	3.42969	3470.57	133.69	0000000071
1361	0.888314	0.000848009	2.57646	3.42383	24465	133.81	0000007424
1362	0.889162	0.000848819	8.14534	3.42383	3655.52	133.83	0000000101
1363	0.890012	0.00084963	3.44297	3.42383	13248.6	133.85	0000001778
1364	0.890863	0.000850442	8.37166	3.42383	3459.58	133.87	0000000131
1365	0.891714	0.000851255	2.43215	3.40625	29434	134.00	0000014397
1366	0.892566	0.000852068	6.64359	3.40625	4327.27	134.02	0000000146
1367	0.893419	0.000852882	3.03328	3.40625	14587.6	134.04	0000001788
1368	0.894272	0.000853697	6.72702	3.40625	4131.88	134.06	0000000150
1369	0.895127	0.000854513	2.5839	3.42676	24215.2	134.18	0000007398
1370	0.895982	0.00085533	7.09797	3.42676	4219.52	134.20	0000000152
1371	0.896838	0.000856147	2.91631	3.42676	15194.5	134.23	0000001786
1372	0.897695	0.000856965	6.98356	3.42676	4059.83	134.24	0000000159
1373	0.898553	0.000857784	2.52441	3.42969	36139.3	134.53	0000032768
1374	0.899412	0.000858603	7.10545	3.42969	4193.75	134.63	0000000171
1375	0.900271	0.000859424	3.12	3.42969	14242.6	134.66	0000001803
1376	0.901131	0.000860245	7.06743	3.42969	4087.39	134.68	0000000192
1377	0.901993	0.000861067	2.60809	3.42871	23832.4	134.80	0000007399
1378	0.902854	0.00086189	6.74846	3.42871	4433.05	134.82	0000000198
1379	0.903717	0.000862713	3.0211	3.42871	14541	134.84	0000001814
1380	0.904581	0.000863538	6.7831	3.42871	4197.15	134.86	0000000193
1381	0.905445	0.000864363	2.4848	3.42773	28795.7	134.99	0000014400
1382	0.90631	0.000865189	6.88043	3.42773	4451.29	135.00	0000000197
1383	0.907176	0.000866016	3.15804	3.42773	14068.1	135.03	0000001819
1384	0.908043	0.000866843	6.98707	3.42773	4075.96	135.05	0000000193
1385	0.908911	0.000867671	2.73935	3.42578	22679.8	135.16	0000007410
1386	0.909779	0.000868501	6.24407	3.42578	4603.24	135.18	0000000182
1387	0.910649	0.00086933	2.93888	3.42578	14691.9	135.21	0000001814
1388	0.911519	0.000870161	6.18979	3.42578	4384.59	135.23	0000000167
1389	0.91239	0.000870993	2.55669	3.42773	35553.9	135.50	0000032768
1390	0.913262	0.000871825	6.61659	3.4248	4585.09	135.61	0000000144
1391	0.914134	0.000872658	3.28692	3.4248	13412.6	135.64	0000001799
1392	0.915008	0.000873492	6.52694	3.4248	4372.64	135.66	0000000139
1393	0.915882	0.000874326	2.68975	3.42871	22912.2	135.77	0000007385
1394	0.916757	0.000875162	6.48777	3.42871	4314.01	135.79	0000000135
1395	0.917633	0.000875998	3.37126	3.42871	12712.8	135.82	0000001837
1396	0.91851	0.000876835	6.58944	3.42871	4024.49	135.84	0000000123
1397	0.919388	0.000877673	2.48607	3.42969	28501.5	135.96	0000014430
1398	0.920266	0.000878512	6.65038	3.42969	4161.75	135.98	0000000113
1399	0.921146	0.000879351	3.38474	3.42969	12669.2	136.01	0000001837
1400	0.922026	0.000880191	6.54777	3.42969	3899.47	136.03	0000000097
1401	0.922907	0.000881032	2.57363	3.42676	23945.7	136.15	0000007351
1402	0.923789	0.000881874	8.44701	3.42676	3150.41	136.16	0000000089
1403	0.924671	0.000882717	3.71205	3.42676	11614.5	136.19	0000001829
1404	0.925555	0.00088356	8.40949	3.42676	2998.65	136.21	0000000079
1405	0.926439	0.000884405	2.55855	3.41406	35250.5	136.70	0000032768
1406	0.927325	0.00088525	7.72136	3.42383	3374.22	136.81	0000000066
1407	0.928211	0.000886096	3.29842	3.42383	12948.5	136.83	0000001840
1408	0.929098	0.000886942	7.38763	3.42383	3284.56	136.85	0000000054
1409	0.929985	0.00088779	2.69081	3.4248	22372.4	136.97	0000007332
1410	0.930874	0.000888638	5.98456	3.4248	3999.98	136.99	0000000048
1411	0.931764	0.000889487	3.7254	3.4248	11105.4	137.02	0000001853
1412	0.932654	0.000890337	6.26518	3.4248	3313.51	137.03	0000000034
1413	0.933545	0.000891188	2.4237	3.42871	28988.3	137.16	0000014422
1414	0.934437	0.00089204	6.22876	3.42871	3527.76	137.18	0000000035
1415	0.93533	0.000892892	3.63845	3.42871	11369.5	137.20	0000001862
1416	0.936224	0.000893745	5.73967	3.42871	3732.77	137.22	0000000034
1417	0.937118	0.000894599	2.61979	3.42969	22977.5	137.34	0000007266
1418	0.938014	0.000895454	5.75212	3.42969	3277.38	137.36	0000000021
1419	0.93891	0.00089631	3.38118	3.42969	12326.3	137.39	0000001876
1420	0.939807	0.000897166	4.35093	3.42969	2761.66	137.40	0000000009
1421	0.940705	0.000898023	2.53978	3.42871	35365.2	137.94	0000032768
1422	0.941604	0.000898882	3.51246	3.42871	2095.21	138.05	0000000004
1423	0.942504	0.00089974	3.45406	3.42871	12038.7	138.07	0000001893
1424	0.944306	0.00180206	2.33353	3.41602	25754.1	138.19	0000007286
1425	0.945208	0.000902322	2.81538	3.41602	1740.27	138.21	0000000003
1426	0.946111	0.000903184	3.44535	3.41602	12034.5	138.23	0000001936
1427	0.947016	0.000904047	3.34759	3.41602	1694.69	138.25	0000000003
1428	0.94792	0.000904911	2.3713	3.42676	29564	138.38	0000014386
1429	0.948826	0.000905776	2.90282	3.42676	1872.79	138.39	0000000003
1430	0.949733	0.000906641	3.40875	3.42676	11967.7	138.42	0000001940
1431	0.95064	0.000907508	3.01483	3.42676	1864.56	138.44	0000000003
1432	0.951549	0.000908375	2.5648	3.38672	22981.4	138.56	0000007215
1433	0.952458	0.000909243	3.01839	3.38672	1272.78	138.58	0000000002
1434	0.953368	0.000910112	3.74058	3.38672	10667	138.60	0000001952
1435	0.954279	0.000910981	2.6317	3.38672	2070.59	138.62	0000000003
1436	0.955191	0.000911852	2.45176	3.42773	36463.8	139.16	0000032768
1437	0.956104	0.000912723	2.58705	3.42969	3724.6	139.26	0000000006
1438	0.957017	0.000913595	3.44017	3.42969	11913.3	139.29	0000001956
1439	0.957932	0.000914468	3.04449	3.42969	3702.5	139.31	0000000008
1440	0.958847	0.000915342	2.44217	3.42871	24096.3	139.43	0000007235
1441	0.959763	0.000916217	4.17034	3.42871	3830.78	139.44	0000000015
1442	0.96068	0.000917092	3.38673	3.42871	11813.3	139.47	0000001955
1443	0.961598	0.000917969	5.65147	3.42871	3432.92	139.49	0000000026
1444	0.962517	0.000918846	2.52792	3.38477	27422.5	139.62	0000014358
1445	0.963437	0.000919724	6.28075	3.38477	3618.02	139.63	0000000035
1446	0.964358	0.000920602	3.71281	3.38477	10853.2	139.66	0000001961
1447	0.965279	0.000921482	6.36012	3.38477	3388.28	139.68	0000000039
1448	0.966201	0.000922363	2.62359	3.38086	22284.2	139.80	0000007207
1449	0.967125	0.000923244	7.61217	3.38086	3046.55	139.82	0000000045
1450	0.968049	0.000924126	3.72906	3.38086	10693.3	139.84	0000001966
1451	0.968974	0.000925009	7.64493	3.38086	2850.29	139.86	0000000042
1452	0.9699	0.000925893	2.47092	3.41895	36044.3	140.14	0000032768
1453	0.970826	0.000926778	8.24571	3.42773	2830.38	140.24	0000000042
1454	0.971754	0.000927663	3.79846	3.42773	10653.1	140.27	0000001961
1455	0.972683	0.00092855	7.73536	3.42773	2947.76	140.29	0000000047
1456	0.973612	0.000929437	2.43946	3.42969	23874.2	140.41	0000007170
1457	0.974542	0.000930325	5.86772	3.42969	3859.86	140.43	0000000046
1458	0.975474	0.000931214	3.60652	3.42969	11040.8	140.45	0000001965
1459	0.976406	0.000932104	5.76091	3.42969	3697.22	140.47	0000000045
1460	0.977339	0.000932995	2.59614	3.42773	26798	140.60	0000014355
1461	0.978273	0.000933886	5.5813	3.42773	3811.07	140.62	0000000044
1462	0.979207	0.000934779	3.69721	3.42773	10744.4	140.64	0000001991
1463	0.980143	0.000935672	6.98064	3.42773	3310.44	140.66	0000000062
1464	0.98108	0.000936566	2.65782	3.41016	21874.7	140.78	0000007150
1465	0.982017	0.000937461	8.3065	3.41016	2950.96	140.80	0000000075
1466	0.982955	0.000938357	3.80862	3.41016	10338.2	140.83	0000002005
1467	0.983895	0.000939253	8.43676	3.41016	2823.79	140.85	0000000095
1468	0.984835	0.000940151	2.57427	3.42188	34616.7	141.34	0000032768
1469	0.985776	0.000941049	7.15067	3.42773	3657.33	141.45	0000000112
1470	0.986718	0.000941948	3.66135	3.42773	10910	141.48	0000002020
1471	0.987661	0.000942848	7.17867	3.42773	3430.91	141.50	0000000127
1472	0.988604	0.000943749	2.7838	3.42676	20852.2	141.62	0000007150
1473	0.989549	0.000944651	6.3887	3.42676	4072.21	141.64	0000000143
1474	0.990495	0.000945554	4.0171	3.42676	9800.64	141.67	0000002024
1475	0.991441	0.000946457	6.66697	3.42676	3644.4	141.69	0000000172
1476	0.992388	0.000947362	2.7339	3.4209	25130.5	141.82	0000014334
1477	0.993337	0.000948267	6.23927	3.4209	4124.88	141.84	0000000199
1478	0.994286	0.000949173	3.3103	3.4209	11555.6	141.86	0000002014
1479	0.995236	0.00095008	6.35638	3.4209	3704.53	141.88	0000000241
1480	0.996187	0.000950988	2.903	3.41602	19875.7	142.01	0000007131
1481	0.997139	0.000951896	5.82661	3.41602	4536.9	142.03	0000000259
1482	0.998092	0.000952806	3.70898	3.41602	10465.8	142.05	0000001992
1483	0.999045	0.000953716	5.99482	3.41602	4072.48	142.07	0000000280
1484	1	0.000954628	2.61699	3.42773	34084.8	142.07	0000032768
