step t dt workloadBalance memoryBalance partSecReal cpuWalltime Nf 
0	0.02	0	1.01917	1.01141	111456	0.08	0000032768
0	0.02	0	1.01898	1.01141	107705	0.80	0000032768
1	0.020308	0.000307974	1.01854	1.01141	108344	1.36	0000032768
2	0.0206207	0.000312716	1.01858	1.01141	108354	1.92	0000032768
3	0.0209382	0.000317532	1.01852	1.01141	107516	2.49	0000032768
4	0.0212606	0.000322421	1.01893	1.01141	107986	3.03	0000032768
5	0.021588	0.000327386	1.01902	1.01141	109098	3.60	0000032768
6	0.0219205	0.000332428	1.01818	1.01135	107759	4.17	0000032768
7	0.022258	0.000337546	1.01791	1.01135	108182	4.72	0000032768
8	0.0226007	0.000342744	1.01876	1.01135	108186	5.27	0000032768
9	0.0229488	0.000348022	1.01843	1.01135	108317	5.83	0000032768
10	0.0233022	0.000353381	1.01849	1.01135	108916	6.40	0000032768
11	0.023661	0.000358823	1.0188	1.01135	108377	6.97	0000032768
12	0.0240253	0.000364348	1.01886	1.01135	108491	7.55	0000032768
13	0.0243953	0.000369959	1.01867	1.01135	107549	8.11	0000032768
14	0.0247709	0.000375656	1.01876	1.01129	108307	8.67	0000032768
15	0.0251524	0.00038144	1.01883	1.01129	108450	9.24	0000032768
16	0.0255397	0.000387314	1.01885	1.01129	108449	9.80	0000032768
17	0.025933	0.000393278	1.01848	1.01135	108584	10.36	0000032768
18	0.0263323	0.000399334	1.01823	1.01129	107637	10.91	0000032768
19	0.0267378	0.000405483	1.0198	1.01129	108636	11.47	0000032768
20	0.0271495	0.000411727	1.01887	1.01123	108647	12.03	0000032768
21	0.0275676	0.000418067	1.01941	1.01123	108401	12.58	0000032768
22	0.0279921	0.000424505	1.01941	1.01123	108311	13.14	0000032768
23	0.0284231	0.000431042	1.01836	1.01123	108332	13.70	0000032768
24	0.0288608	0.000437679	1.01826	1.01123	108184	14.27	0000032768
25	0.0293052	0.000444419	1.01859	1.01129	109010	14.83	0000032768
26	0.0297565	0.000451262	1.01962	1.01129	108507	15.39	0000032768
27	0.0302147	0.000458211	1.01837	1.01135	109422	15.94	0000032768
28	0.03068	0.000465267	1.0195	1.01135	108980	16.50	0000032768
29	0.0311524	0.000472431	1.01844	1.01129	107570	17.06	0000032768
30	0.0316321	0.000479706	1.01866	1.01135	108978	17.62	0000032768
31	0.0321192	0.000487093	1.01843	1.01129	108039	18.16	0000032768
32	0.0326138	0.000494594	1.0188	1.01135	108812	18.73	0000032768
33	0.033116	0.00050221	1.01955	1.01135	108215	19.29	0000032768
34	0.0336259	0.000509943	1.01893	1.01141	107494	19.85	0000032768
35	0.0341437	0.000517796	1.01926	1.01129	108636	20.40	0000032768
36	0.0346695	0.000525769	1.01935	1.01129	108727	20.95	0000032768
37	0.0352034	0.000533865	1.01893	1.01129	107870	21.53	0000032768
38	0.0357455	0.000542086	1.01897	1.01135	109161	22.08	0000032768
39	0.0362959	0.000550433	1.01842	1.01129	108545	22.64	0000032768
40	0.0368548	0.000558909	1.01851	1.01129	107538	23.19	0000032768
41	0.0374223	0.000567516	1.01887	1.01129	108560	23.74	0000032768
42	0.0379986	0.000576255	1.01945	1.01135	109066	24.29	0000032768
43	0.0385837	0.000585128	1.01936	1.01123	108291	24.84	0000032768
44	0.0391778	0.000594139	1.01794	1.01117	108006	25.40	0000032768
45	0.0397811	0.000603288	1.0187	1.01117	109149	25.95	0000032768
46	0.0403937	0.000612577	1.01831	1.01117	109398	26.51	0000032768
47	0.0410157	0.00062201	1.01825	1.01117	107725	27.08	0000032768
48	0.0416473	0.000631589	1.01797	1.01123	108851	27.63	0000032768
49	0.0422886	0.000641314	1.01828	1.01129	109174	28.18	0000032768
50	0.0429398	0.00065119	1.01834	1.01129	108379	28.73	0000032768
51	0.043601	0.000661217	1.01816	1.01129	108978	29.27	0000032768
52	0.0442724	0.000671399	1.01844	1.01111	109314	29.82	0000032768
53	0.0449542	0.000681738	1.01896	1.01117	109041	30.40	0000032768
54	0.0456464	0.000692235	1.01892	1.01117	108635	30.96	0000032768
55	0.0463493	0.000702895	1.01804	1.01117	107877	31.50	0000032768
56	0.047063	0.000713719	1.01793	1.01117	108679	32.05	0000032768
57	0.0477877	0.000724709	1.01806	1.01123	108128	32.59	0000032768
58	0.0485236	0.000735869	1.01792	1.01123	109996	33.13	0000032768
59	0.0492708	0.0007472	1.01804	1.01123	110329	33.66	0000032768
60	0.0500295	0.000758706	1.01835	1.01129	111025	34.20	0000032768
61	0.0507999	0.000770389	1.01801	1.01123	111479	34.73	0000032768
62	0.0515821	0.000782252	1.01758	1.01135	111041	35.25	0000032768
63	0.0523764	0.000794298	1.01857	1.01135	110946	35.78	0000032768
64	0.053183	0.000806529	1.01751	1.01135	111344	36.30	0000032768
65	0.0540019	0.000818948	1.01827	1.01135	111724	36.82	0000032768
66	0.0548335	0.000831559	1.01744	1.01141	111691	37.34	0000032768
67	0.0556778	0.000844364	1.01754	1.01129	111658	37.87	0000032768
68	0.0565352	0.000857366	1.01747	1.01129	112207	38.39	0000032768
69	0.0574058	0.000870568	1.01774	1.01129	111471	38.91	0000032768
70	0.0582897	0.000883974	1.0175	1.01129	111576	39.44	0000032768
71	0.0591873	0.000897586	1.01786	1.01129	111677	39.96	0000032768
72	0.0600987	0.000911408	1.01704	1.01123	111407	40.48	0000032768
73	0.0610242	0.000925442	1.01689	1.01123	112307	41.00	0000032768
74	0.0619639	0.000939693	1.01675	1.01123	111819	41.52	0000032768
75	0.062918	0.000954163	1.0165	1.01129	112529	42.05	0000032768
76	0.0638869	0.000968856	1.0169	1.01129	112239	42.58	0000032768
77	0.0648707	0.000983775	1.01676	1.01129	112342	43.10	0000032768
78	0.0658696	0.000998924	1.01658	1.01123	112749	43.62	0000032768
79	0.0668839	0.00101431	1.01671	1.01129	112362	44.14	0000032768
80	0.0679138	0.00102992	1.01701	1.01135	113549	44.66	0000032768
81	0.0689596	0.00104578	1.01675	1.01129	112770	45.18	0000032768
82	0.0700215	0.00106189	1.01793	1.01135	113236	45.72	0000032768
83	0.0710997	0.00107824	1.01766	1.01135	113191	46.24	0000032768
84	0.0721946	0.00109484	1.01776	1.01129	114418	46.76	0000032768
85	0.0733063	0.0011117	1.01707	1.01129	113550	47.28	0000032768
86	0.0744351	0.00112882	1.01765	1.01129	114117	47.80	0000032768
87	0.0755813	0.0011462	1.01722	1.01129	113454	48.33	0000032768
88	0.0767451	0.00116385	1.01834	1.01141	114570	48.85	0000032768
89	0.0779269	0.00118178	1.01821	1.01141	113739	49.37	0000032768
90	0.0791269	0.00119997	1.0169	1.01147	114803	49.88	0000032768
91	0.0803453	0.00121845	1.01674	1.01147	114652	50.39	0000032768
92	0.0815826	0.00123721	1.01745	1.01147	116032	50.91	0000032768
93	0.0828388	0.00125627	1.0173	1.01147	114238	51.43	0000032768
94	0.0841144	0.00127561	1.01737	1.01141	114735	51.95	0000032768
95	0.0854097	0.00129525	1.01738	1.01141	115871	52.47	0000032768
96	0.0867249	0.0013152	1.01729	1.01141	114313	52.99	0000032768
97	0.0880603	0.00133545	1.0178	1.01141	115083	53.50	0000032768
98	0.0894164	0.00135601	1.0176	1.01141	114536	54.02	0000032768
99	0.0907932	0.0013769	1.01814	1.01141	115785	54.54	0000032768
100	0.0921913	0.0013981	1.01689	1.01141	114209	55.05	0000032768
101	0.093611	0.00141963	1.01799	1.01141	115638	55.57	0000032768
102	0.0950525	0.00144149	1.01757	1.01141	115310	56.09	0000032768
103	0.0965161	0.00146368	1.01719	1.01135	115676	56.61	0000032768
104	0.0980024	0.00148622	1.01796	1.01135	116245	57.13	0000032768
105	0.0995115	0.00150911	1.01611	1.01129	114893	57.65	0000032768
106	0.101044	0.00153235	1.01719	1.01129	116490	58.17	0000032768
107	0.1026	0.00155594	1.01674	1.01129	116587	58.68	0000032768
108	0.10418	0.0015799	1.01656	1.01129	116346	59.20	0000032768
109	0.105784	0.00160423	1.01668	1.01129	116460	59.71	0000032768
110	0.106595	0.000811356	1.06024	1.01141	4142.88	59.75	0000000001
111	0.107413	0.000817579	1.01698	1.01141	115561	60.26	0000032768
112	0.108237	0.000823849	1.10946	1.01141	8077.74	60.29	0000000002
113	0.109067	0.000830168	1.01576	1.01141	116961	60.81	0000032768
114	0.109903	0.000836536	1.15092	1.01141	11163	60.84	0000000003
115	0.110746	0.000842952	1.01689	1.01135	115422	61.36	0000032768
116	0.11117	0.000423897	1.01341	1.01135	7638.14	61.39	0000000002
117	0.111596	0.00042552	1.15488	1.01135	12987	61.39	0000000004
118	0.112023	0.000427149	1.07741	1.01135	8418	61.40	0000000002
119	0.112452	0.000428784	1.01552	1.01141	117879	61.91	0000032768
120	0.112882	0.000430425	1.11221	1.01147	7726.66	61.94	0000000002
121	0.113314	0.000432072	1.18293	1.01147	14291.5	61.94	0000000004
122	0.113748	0.000433726	1.08588	1.01147	8398.7	61.95	0000000002
123	0.114183	0.000435386	1.01666	1.01147	117428	62.46	0000032768
124	0.11462	0.000437053	1.14626	1.01147	14547.7	62.49	0000000004
125	0.115059	0.000438726	1.15768	1.01147	14951.1	62.49	0000000004
126	0.115499	0.000440405	1.13317	1.01147	14036.7	62.50	0000000004
127	0.115942	0.000442091	1.01568	1.01147	116383	63.01	0000032768
128	0.116385	0.000443783	1.07672	1.01147	8265.15	63.04	0000000002
129	0.116831	0.000445481	1.17867	1.01147	14256.1	63.04	0000000004
130	0.117278	0.000447187	1.09291	1.01147	8338.34	63.05	0000000002
131	0.117727	0.000448898	1.01496	1.01154	118144	63.56	0000032768
132	0.118178	0.000450616	1.09713	1.01147	8119.26	63.59	0000000002
133	0.11863	0.000452341	1.17018	1.01147	14506.3	63.60	0000000004
134	0.119084	0.000454073	1.10787	1.01147	8139.68	63.60	0000000002
135	0.11954	0.000455811	1.01403	1.01147	117384	64.11	0000032768
136	0.120457	0.000916862	1.14394	1.01147	12708.8	64.15	0000000004
137	0.121381	0.000923894	1.01357	1.01147	117892	64.67	0000032768
138	0.122311	0.000930981	1.22074	1.01154	15245.1	64.70	0000000005
139	0.12325	0.000938121	1.01415	1.01154	116458	65.21	0000032768
140	0.124195	0.000945316	1.1827	1.0116	12920.2	65.25	0000000004
141	0.125148	0.000952567	1.01587	1.01166	116701	65.76	0000032768
142	0.126107	0.000959873	1.00812	1.01166	6998.32	65.79	0000000004
143	0.12659	0.000482694	1.38246	1.01166	1476.34	65.80	0000000002
144	0.127075	0.000484541	1.01344	1.01166	117509	66.31	0000032768
145	0.127561	0.000486396	1.0495	1.01166	7469.15	66.34	0000000002
146	0.128049	0.000488258	1.17024	1.01166	16141.9	66.34	0000000005
147	0.128539	0.000490127	1.09444	1.01166	8315.39	66.35	0000000002
148	0.129031	0.000492003	1.01254	1.01178	117279	66.86	0000032768
149	0.129525	0.000493886	1.09083	1.01184	8022.66	66.89	0000000002
150	0.130021	0.000495776	1.24183	1.01184	18825.4	66.89	0000000006
151	0.130519	0.000497674	1.08368	1.01184	8379.91	66.89	0000000002
152	0.131018	0.000499579	1.01307	1.01172	117826	67.41	0000032768
153	0.13152	0.000501491	1.12583	1.01172	11031	67.44	0000000003
154	0.132023	0.000503411	1.27812	1.01172	21015.4	67.44	0000000008
155	0.132529	0.000505338	1.18096	1.01172	14228.1	67.45	0000000004
156	0.133036	0.000507272	1.01225	1.01184	118417	67.96	0000032768
157	0.133545	0.000509213	1.05381	1.01184	8190.88	67.99	0000000002
158	0.134056	0.000511163	1.35601	1.01184	26461	67.99	0000000012
159	0.134569	0.000513119	1.08339	1.01184	4126.84	68.00	0000000001
160	0.135084	0.000515083	1.01165	1.0116	118481	68.51	0000032768
161	0.135601	0.000517055	1.14812	1.01154	14464	68.54	0000000004
162	0.13612	0.000519034	1.2616	1.01154	34866.6	68.54	0000000014
163	0.136642	0.00052102	1.14913	1.01154	14781.1	68.55	0000000004
164	0.137165	0.000523015	1.01129	1.01147	116887	69.06	0000032768
165	0.13769	0.000525017	1.2741	1.01147	11937.4	69.09	0000000005
166	0.138217	0.000527026	1.27867	1.01147	37673	69.10	0000000017
167	0.138746	0.000529043	1.21389	1.01147	19795.8	69.10	0000000006
168	0.139277	0.000531068	1.01117	1.01123	117461	69.61	0000032768
169	0.13981	0.000533101	1.17416	1.01123	19523.5	69.64	0000000006
170	0.140345	0.000535142	1.23883	1.01123	37228.6	69.65	0000000015
171	0.140882	0.00053719	1.1985	1.01123	20341.1	69.65	0000000006
172	0.141421	0.000539246	1.01124	1.01129	118012	70.17	0000032768
173	0.141963	0.00054131	1.01038	1.01123	15465.9	70.20	0000000009
174	0.142506	0.000543382	1.21549	1.01123	31267.8	70.20	0000000015
175	0.143052	0.000545462	1.10978	1.01123	29551.7	70.20	0000000010
176	0.143599	0.00054755	1.01003	1.01135	117735	70.72	0000032768
177	0.144149	0.000549646	1.10134	1.01141	24507.4	70.75	0000000008
178	0.1447	0.00055175	1.32154	1.01141	38399	70.75	0000000018
179	0.145254	0.000553862	1.09612	1.01141	26083.1	70.76	0000000008
180	0.14581	0.000555981	1.00955	1.01129	116927	71.27	0000032768
181	0.146368	0.00055811	1.07907	1.01129	25345.8	71.30	0000000007
182	0.146929	0.000560246	1.4103	1.01129	41143.3	71.31	0000000025
183	0.147491	0.00056239	1.04845	1.01129	22565.7	71.31	0000000006
184	0.148056	0.000564543	1.00845	1.01129	116811	71.82	0000032768
185	0.148622	0.000566704	1.07578	1.01129	18550.1	71.85	0000000005
186	0.149191	0.000568873	1.36516	1.01129	46086.6	71.86	0000000031
187	0.149762	0.00057105	1.14112	1.01129	16819.3	71.86	0000000005
188	0.150335	0.000573236	1.00886	1.01141	117557	72.38	0000032768
189	0.150911	0.00057543	1.06408	1.01141	10887.2	72.41	0000000006
190	0.151489	0.000577633	1.2288	1.01141	36060.4	72.41	0000000038
191	0.152068	0.000579844	1.22248	1.01141	19118.9	72.41	0000000006
192	0.15265	0.000582063	1.00801	1.01141	116870	72.93	0000032768
193	0.153235	0.000584291	1.07149	1.01141	24092.8	72.96	0000000009
194	0.153821	0.000586528	1.27271	1.01141	62411.7	72.97	0000000051
195	0.15441	0.000588773	1.27828	1.01141	40981.1	72.97	0000000016
196	0.155001	0.000591026	1.00736	1.01129	116631	73.49	0000032768
197	0.155594	0.000593288	1.26128	1.01129	39238	73.52	0000000016
198	0.15619	0.000595559	1.30002	1.01129	62332.6	73.52	0000000056
199	0.156788	0.000597839	1.26751	1.01129	38459.8	73.52	0000000014
200	0.157388	0.000600127	1.00693	1.01123	117060	74.04	0000032768
201	0.15799	0.000602424	1.27974	1.01117	44435.8	74.07	0000000020
202	0.158595	0.00060473	1.27719	1.01117	66248.4	74.07	0000000066
203	0.159202	0.000607045	1.25891	1.01117	47632.5	74.08	0000000024
204	0.159811	0.000609368	1.00641	1.01105	117289	74.59	0000032768
205	0.160423	0.000611701	1.17132	1.01105	55978.7	74.62	0000000028
206	0.161037	0.000614042	1.31255	1.01105	67669.1	74.63	0000000075
207	0.161654	0.000616393	1.18047	1.01105	52131.6	74.63	0000000025
208	0.162272	0.000618752	1.00596	1.01093	117220	75.14	0000032768
209	0.162893	0.00062112	1.1167	1.01093	35814.2	75.18	0000000031
210	0.163517	0.000623498	1.17981	1.01093	53596.4	75.18	0000000083
211	0.164143	0.000625884	1.07995	1.01093	40813.9	75.18	0000000036
212	0.164771	0.00062828	1.00628	1.01105	117193	75.70	0000032768
213	0.165402	0.000630685	1.1669	1.01117	53329.1	75.73	0000000038
214	0.166035	0.000633099	1.18362	1.01117	60968.8	75.73	0000000100
215	0.16667	0.000635522	1.1091	1.01117	59166.4	75.74	0000000038
216	0.167308	0.000637955	1.0051	1.01117	117057	76.25	0000032768
217	0.167949	0.000640396	1.01748	1.01117	38945.5	76.28	0000000027
218	0.168592	0.000642848	1.24503	1.01117	52267.8	76.29	0000000114
219	0.169237	0.000645308	1.07757	1.01117	34726.2	76.29	0000000029
220	0.169885	0.000647778	1.00433	1.01105	117273	76.81	0000032768
221	0.170535	0.000650258	1.07625	1.01099	51226.5	76.84	0000000031
222	0.171188	0.000652747	1.2682	1.01099	69746.9	76.85	0000000132
223	0.171843	0.000655245	1.163	1.01099	62100.1	76.85	0000000037
224	0.172501	0.000657753	1.00325	1.01099	117290	77.36	0000032768
225	0.173161	0.000660271	1.02002	1.0108	58178.6	77.40	0000000035
226	0.173824	0.000662798	1.23709	1.0108	70968.4	77.40	0000000156
227	0.174489	0.000665335	1.08	1.0108	64709.7	77.40	0000000033
228	0.175157	0.000667882	1.00219	1.01086	117559	77.92	0000032768
229	0.175827	0.000670438	1.11622	1.01093	60766.8	77.95	0000000045
230	0.1765	0.000673004	1.22882	1.01093	62369.1	77.95	0000000176
231	0.177176	0.00067558	1.10052	1.01093	62049.1	77.96	0000000054
232	0.177854	0.000678166	1.00146	1.01086	116797	78.47	0000032768
233	0.178535	0.000680762	1.13785	1.01086	79243.3	78.50	0000000059
234	0.179218	0.000683368	1.24668	1.01086	72178.6	78.51	0000000195
235	0.179904	0.000685983	1.07578	1.01086	51325.5	78.51	0000000055
236	0.180593	0.000688609	1.00096	1.0108	116832	79.03	0000032768
237	0.181284	0.000691245	1.15985	1.01093	53081.5	79.06	0000000055
238	0.181978	0.000693891	1.28363	1.01093	73581.6	79.06	0000000213
239	0.182675	0.000696547	1.24455	1.01093	76888.3	79.06	0000000066
240	0.183374	0.000699213	1.00076	1.01093	115504	79.58	0000032768
241	0.184076	0.000701889	1.16726	1.0108	75039.4	79.61	0000000067
242	0.18478	0.000704576	1.25139	1.0108	73849.3	79.62	0000000237
243	0.185488	0.000707273	1.11927	1.0108	54013.5	79.62	0000000064
244	0.186197	0.00070998	1.0002	1.01062	116578	80.14	0000032768
245	0.18691	0.000712697	1.20915	1.0105	79264.9	80.17	0000000074
246	0.187626	0.000715425	1.26854	1.0105	75702.6	80.18	0000000277
247	0.188344	0.000718164	1.25798	1.0105	76750.1	80.18	0000000077
248	0.189065	0.000720913	1.00071	1.01025	116713	80.70	0000032768
249	0.189788	0.000723672	1.20415	1.01019	68893.2	80.73	0000000085
250	0.190515	0.000726442	1.22997	1.01019	76294.7	80.74	0000000316
251	0.191244	0.000729222	1.26895	1.01019	73566.1	80.74	0000000086
252	0.191976	0.000732014	1.00112	1.01007	117534	81.26	0000032768
253	0.192711	0.000734816	1.21185	1.01007	78023.9	81.29	0000000086
254	0.193448	0.000737628	1.18941	1.01007	75071.2	81.29	0000000349
255	0.194189	0.000740451	1.19135	1.01007	65809.6	81.30	0000000098
256	0.194932	0.000743286	1.00079	1.0097	116900	81.82	0000032768
257	0.195678	0.000746131	1.16179	1.00964	84626	81.85	0000000102
258	0.196427	0.000748987	1.22652	1.00964	77750.3	81.85	0000000390
259	0.196803	0.000375568	1.04198	1.00964	4423.1	81.86	0000000001
260	0.197179	0.000376286	1.17445	1.00964	87004.3	81.86	0000000116
261	0.197556	0.000377005	1.10248	1.00964	11289.1	81.86	0000000003
262	0.197934	0.000377726	1.00122	1.00928	116116	82.38	0000032768
263	0.198312	0.000378448	1.13051	1.00934	18303.8	82.41	0000000005
264	0.198692	0.000379172	1.12613	1.00934	89450.3	82.42	0000000129
265	0.199071	0.000379897	1.19674	1.00934	21243.9	82.42	0000000006
266	0.199452	0.000380623	1.22604	1.00934	76894.5	82.42	0000000437
267	0.199833	0.000381351	1.20708	1.00934	21613.4	82.43	0000000006
268	0.200215	0.00038208	1.08183	1.00934	93763.7	82.45	0000000133
269	0.200598	0.000382811	1.18544	1.00934	18391.7	82.45	0000000005
270	0.200982	0.000383543	1.00221	1.00909	116491	82.97	0000032768
271	0.201366	0.000384276	1.1658	1.00903	21656.1	83.00	0000000006
272	0.201751	0.000385011	1.02984	1.00903	99694.5	83.00	0000000145
273	0.202137	0.000385747	1.16662	1.00903	18916.8	83.01	0000000005
274	0.202523	0.000386484	1.24398	1.00903	77620.7	83.01	0000000481
275	0.202911	0.000387223	1.12197	1.00903	11426.9	83.01	0000000003
276	0.203299	0.000387964	1.05024	1.00903	96345	83.02	0000000147
277	0.203687	0.000388705	1.04366	1.00903	4432.78	83.02	0000000001
278	0.204077	0.000389449	1.00287	1.00867	115941	83.54	0000032768
279	0.204858	0.000781133	1.12845	1.00861	88287.8	83.57	0000000144
280	0.20525	0.000391687	1.01009	1.00861	4183.44	83.57	0000000001
281	0.205642	0.000392436	1.21972	1.00861	80375.2	83.58	0000000544
282	0.206035	0.000393186	1.0635	1.00861	4357.91	83.58	0000000001
283	0.206429	0.000393938	1.15268	1.00861	89223.1	83.58	0000000160
284	0.206824	0.000394691	1.02342	1.00861	12706	83.59	0000000003
285	0.207219	0.000395446	1.00319	1.00861	117601	84.10	0000032768
286	0.207615	0.000396202	1.11833	1.00861	11493.3	84.13	0000000003
287	0.208012	0.000396959	1.21321	1.00861	86320.4	84.14	0000000171
288	0.20841	0.000397718	1.12073	1.00861	12213.4	84.14	0000000003
289	0.208809	0.000398479	1.21253	1.00861	76697.1	84.14	0000000598
290	0.209208	0.000399241	1.00567	1.00861	8728.06	84.15	0000000002
291	0.209608	0.000400004	1.22744	1.00861	87239.6	84.15	0000000189
292	0.210009	0.000400769	1.05466	1.00861	12184.6	84.15	0000000003
293	0.21041	0.000401535	1.02431	1.01691	117511	84.64	0000032768
294	0.210812	0.000402303	1.00374	1.01691	15322.4	84.67	0000000004
295	0.211216	0.000403072	1.22079	1.01691	83348.6	84.68	0000000197
296	0.211619	0.000403843	1.02985	1.01691	26239.1	84.68	0000000008
297	0.212024	0.000404615	1.21281	1.01691	81655.3	84.68	0000000664
298	0.212429	0.000405388	1.00472	1.01691	28928.7	84.69	0000000009
299	0.212836	0.000406163	1.20476	1.01691	91529	84.69	0000000206
300	0.213242	0.00040694	1.05883	1.01691	23926.1	84.69	0000000007
301	0.21365	0.000407718	1.02459	1.01715	115796	85.17	0000032768
302	0.214059	0.000408498	1.11989	1.01721	24304.9	85.20	0000000008
303	0.214468	0.000409279	1.19841	1.01721	92473.9	85.21	0000000211
304	0.214878	0.000410061	1.08665	1.01721	27291.1	85.21	0000000008
305	0.215289	0.000410845	1.1912	1.01721	83657.9	85.22	0000000718
306	0.2157	0.000411631	1.10367	1.01721	29539.6	85.22	0000000009
307	0.216113	0.000412418	1.14317	1.01721	97664.1	85.22	0000000223
308	0.216526	0.000413206	1.16675	1.01721	33153.5	85.22	0000000011
309	0.21694	0.000413996	1.02458	1.01709	114955	85.70	0000032768
310	0.217355	0.000414788	1.20122	1.01709	24503.9	85.74	0000000009
311	0.21777	0.000415581	1.10235	1.01709	98225.6	85.74	0000000233
312	0.218187	0.000416376	1.18194	1.01709	26620.6	85.74	0000000009
313	0.218604	0.000417172	1.16997	1.01709	85165.3	85.75	0000000776
314	0.219022	0.000417969	1.15315	1.01709	20485.9	85.75	0000000006
315	0.219441	0.000418769	1.08426	1.01709	99102.6	85.75	0000000229
316	0.21986	0.000419569	1.19346	1.01709	27308.6	85.76	0000000009
317	0.220281	0.000420371	1.0242	1.01709	113697	86.25	0000032768
318	0.220702	0.000421175	1.14326	1.01703	11234.7	86.28	0000000009
319	0.221124	0.00042198	1.0702	1.01703	85970.9	86.28	0000000241
320	0.221547	0.000422787	1.23904	1.01703	24657.1	86.28	0000000009
321	0.22197	0.000423596	1.19307	1.01703	82466	86.29	0000000851
322	0.222395	0.000424406	1.2257	1.01703	23559.1	86.29	0000000010
323	0.22282	0.000425217	1.04828	1.01703	87164.1	86.30	0000000244
324	0.223246	0.00042603	1.09266	1.01703	12928	86.30	0000000010
325	0.223673	0.000426845	1.02362	1.01709	114389	86.78	0000032768
326	0.2241	0.000427661	1.22963	1.01709	23752.2	86.82	0000000010
327	0.224529	0.000428478	1.03178	1.01709	89133.1	86.82	0000000268
328	0.224958	0.000429298	1.14327	1.01709	17000.8	86.82	0000000013
329	0.225388	0.000430118	1.16947	1.01709	79468.9	86.83	0000000948
330	0.225819	0.000430941	1.41227	1.01709	28057.2	86.84	0000000017
331	0.226251	0.000431765	1.03379	1.01709	107966	86.84	0000000277
332	0.226684	0.00043259	1.2864	1.01709	31742.6	86.84	0000000013
333	0.227117	0.000433417	1.02266	1.01715	114315	87.33	0000032768
334	0.227551	0.000434246	1.27281	1.01709	32043.1	87.36	0000000014
335	0.227986	0.000435076	1.01656	1.01709	109117	87.36	0000000279
336	0.228422	0.000435908	1.2397	1.01709	33610.6	87.36	0000000015
337	0.228859	0.000436742	1.17475	1.01709	85494.8	87.37	0000001043
338	0.229297	0.000437577	1.26356	1.01709	29808.2	87.38	0000000012
339	0.229735	0.000438413	1.04055	1.01709	110270	87.38	0000000301
340	0.230174	0.000439252	1.36247	1.01709	24404.6	87.38	0000000013
341	0.230614	0.000440091	1.02493	1.01733	113722	87.87	0000032768
342	0.231055	0.000440933	1.24926	1.01733	29234.1	87.90	0000000012
343	0.231497	0.000441776	1.05476	1.01733	109907	87.90	0000000313
344	0.23194	0.000442621	1.23104	1.01733	30756.3	87.91	0000000012
345	0.232383	0.000443467	1.16007	1.01733	84843.7	87.92	0000001141
346	0.232827	0.000444315	1.22317	1.01733	33176	87.92	0000000013
347	0.233273	0.000445164	1.05706	1.01733	111005	87.92	0000000351
348	0.233719	0.000446016	1.12429	1.01733	34778.9	87.92	0000000013
349	0.234165	0.000446868	1.0248	1.01715	114687	88.41	0000032768
350	0.234613	0.000447723	1.13922	1.01727	29868.6	88.44	0000000011
351	0.235062	0.000448579	1.03632	1.01727	113306	88.45	0000000383
352	0.235511	0.000449436	1.01677	1.01727	24734.6	88.45	0000000007
353	0.235962	0.000450296	1.16922	1.01727	83533.4	88.46	0000001239
354	0.236413	0.000451157	1.07552	1.01727	14106.3	88.46	0000000004
355	0.236865	0.000452019	1.0664	1.01727	106748	88.47	0000000379
356	0.237318	0.000452884	1.10022	1.01727	11552.1	88.47	0000000003
357	0.237771	0.00045375	1.02406	1.01721	114200	88.96	0000032768
358	0.238226	0.000454617	1.06429	1.01721	11424.5	88.99	0000000003
359	0.238681	0.000455486	1.09286	1.01721	102466	88.99	0000000389
360	0.239138	0.000456357	1.02911	1.01721	12453.7	89.00	0000000003
361	0.239595	0.00045723	1.16897	1.01721	81759	89.01	0000001372
362	0.240053	0.000458104	1.07164	1.01721	21375.9	89.01	0000000006
363	0.240512	0.00045898	1.0873	1.01721	95335	89.01	0000000414
364	0.240972	0.000459857	1.12806	1.01721	25241.1	89.02	0000000008
365	0.241433	0.000460737	1.05284	1.04584	109689	89.54	0000032768
366	0.241894	0.000461618	1.15061	1.04572	28740.3	89.57	0000000010
367	0.242357	0.0004625	1.08313	1.04572	102549	89.58	0000000434
368	0.24282	0.000463385	1.23423	1.04572	34897.6	89.58	0000000014
369	0.243284	0.00046427	1.17505	1.04572	85417.6	89.59	0000001498
370	0.24375	0.000465158	1.19356	1.04572	36426.5	89.59	0000000014
371	0.244216	0.000466048	1.10473	1.04572	103908	89.60	0000000436
372	0.244683	0.000466939	1.11108	1.04572	37245.9	89.60	0000000014
373	0.24515	0.000467831	1.04838	1.04578	110192	90.13	0000032768
374	0.245619	0.000468726	1.1466	1.01788	35138.1	90.16	0000000016
375	0.246089	0.000469622	1.07568	1.01788	103861	90.17	0000000426
376	0.246559	0.00047052	1.22384	1.01788	34005.9	90.17	0000000015
377	0.247031	0.00047142	1.16686	1.01788	83081.9	90.18	0000001602
378	0.247503	0.000472321	1.2571	1.01788	27918	90.19	0000000012
379	0.247976	0.000473224	1.10475	1.01788	98960.4	90.19	0000000438
380	0.24845	0.000474129	1.31831	1.01788	28543.5	90.19	0000000014
381	0.248925	0.000475035	1.04898	1.0462	111060	90.72	0000032768
382	0.249401	0.000475944	1.36878	1.0462	30485.5	90.75	0000000014
383	0.249878	0.000476854	1.0657	1.0462	106885	90.75	0000000462
384	0.250356	0.000477765	1.40672	1.0462	33044.1	90.75	0000000017
385	0.250835	0.000478679	1.15958	1.0462	87278.9	90.77	0000001724
386	0.251314	0.000479594	1.36021	1.0462	35259.5	90.77	0000000016
387	0.251795	0.000480511	1.08844	1.0462	104349	90.78	0000000502
388	0.252276	0.00048143	1.38465	1.0462	35640.2	90.78	0000000017
389	0.252759	0.00048235	1.04952	1.04645	111543	91.30	0000032768
390	0.253242	0.000483273	1.3867	1.04633	35088.2	91.34	0000000017
391	0.253726	0.000484197	1.10442	1.04633	103038	91.34	0000000520
392	0.254211	0.000485122	1.36387	1.04633	39853	91.35	0000000021
393	0.254697	0.00048605	1.14927	1.04633	86111.8	91.36	0000001863
394	0.255184	0.000486979	1.33259	1.04633	33974.3	91.36	0000000019
395	0.255672	0.00048791	1.1345	1.04633	99127.6	91.37	0000000551
396	0.256161	0.000488843	1.41143	1.04633	39958.6	91.37	0000000023
397	0.256651	0.000489778	1.04927	1.0462	110941	91.90	0000032768
398	0.257141	0.000490714	1.45702	1.0462	38764	91.93	0000000025
399	0.257633	0.000491653	1.11809	1.0462	102668	91.94	0000000579
400	0.258126	0.000492593	1.37453	1.0462	41157.7	91.94	0000000026
401	0.258619	0.000493534	1.15092	1.0462	87845.8	91.95	0000001991
402	0.259114	0.000494478	1.39604	1.0462	43924	91.96	0000000028
403	0.259609	0.000495424	1.11825	1.0462	103016	91.96	0000000598
404	0.260105	0.000496371	1.30866	1.0462	51029.4	91.97	0000000034
405	0.260603	0.00049732	1.05031	1.04706	113979	92.49	0000032768
406	0.261101	0.000498271	1.33995	1.04706	52345.2	92.52	0000000038
407	0.2616	0.000499223	1.1291	1.04706	103642	92.52	0000000625
408	0.2621	0.000500178	1.29443	1.04706	51054.7	92.53	0000000039
409	0.262602	0.000501134	1.14275	1.04706	87100.2	92.54	0000002102
410	0.263104	0.000502092	1.31614	1.04706	52612.3	92.55	0000000042
411	0.263607	0.000503052	1.15228	1.04724	101277	92.58	0000000641
412	0.264111	0.000504014	1.34185	1.04724	52029.6	92.58	0000000038
413	0.264616	0.000504978	1.04911	1.04724	111261	93.11	0000032768
414	0.265122	0.000505943	1.28529	1.0473	57993	93.14	0000000048
415	0.265629	0.000506911	1.11261	1.0473	106057	93.15	0000000670
416	0.266136	0.00050788	1.27994	1.0473	60271.4	93.15	0000000052
417	0.266645	0.000508851	1.14731	1.0473	88706.3	93.17	0000002244
418	0.267155	0.000509824	1.19477	1.0473	67111.8	93.17	0000000058
419	0.267666	0.000510799	1.10661	1.04742	107188	93.21	0000000709
420	0.268178	0.000511775	1.21181	1.04742	63039.3	93.21	0000000052
421	0.26869	0.000512754	1.05095	1.04718	110962	93.73	0000032768
422	0.269204	0.000513734	1.25092	1.0473	56490.3	93.77	0000000049
423	0.269719	0.000514717	1.11352	1.0473	102839	93.77	0000000743
424	0.270235	0.000515701	1.17975	1.0473	62571	93.78	0000000060
425	0.270751	0.000516687	1.13981	1.0473	87504.6	93.80	0000002396
426	0.271269	0.000517675	1.18381	1.0473	68039.2	93.80	0000000064
427	0.271788	0.000518664	1.11744	1.07709	103941	93.84	0000000768
428	0.272307	0.000519656	1.11428	1.07709	76485.3	93.84	0000000068
429	0.272828	0.00052065	1.07208	1.07715	108749	94.37	0000032768
430	0.27335	0.000521645	1.23388	1.07727	60680.5	94.40	0000000071
431	0.273872	0.000522643	1.11126	1.07727	94402.7	94.41	0000000796
432	0.274396	0.000523642	1.26264	1.07727	51108.1	94.41	0000000059
433	0.274921	0.000524643	1.14359	1.07739	84083.3	94.46	0000002585
434	0.275446	0.000525646	1.30922	1.07739	54181.9	94.47	0000000055
435	0.275973	0.000526651	1.09304	1.07739	103741	94.47	0000000809
436	0.2765	0.000527658	1.34822	1.07739	53820.9	94.48	0000000052
437	0.277029	0.000528667	1.07074	1.07697	108857	95.00	0000032768
438	0.277559	0.000529678	1.27614	1.07703	38603.6	95.04	0000000045
439	0.27809	0.000530691	1.09333	1.07703	97430.7	95.05	0000000841
440	0.278621	0.000531705	1.39881	1.07703	47142.7	95.05	0000000039
441	0.279154	0.000532722	1.14084	1.07678	88844.4	95.10	0000002774
442	0.279688	0.00053374	1.39412	1.07678	46446	95.10	0000000038
443	0.280222	0.000534761	1.10566	1.07678	100195	95.11	0000000854
444	0.280758	0.000535783	1.14384	1.07678	37699.9	95.11	0000000040
445	0.281295	0.000536808	1.07291	1.07721	109530	95.64	0000032768
446	0.281833	0.000537834	1.25343	1.07709	52657.4	95.68	0000000042
447	0.282372	0.000538862	1.11927	1.07709	97674.9	95.68	0000000869
448	0.282912	0.000539893	1.31645	1.07709	51216	95.69	0000000043
449	0.283453	0.000540925	1.12498	1.07697	86039.7	95.74	0000002962
450	0.283995	0.000541959	1.22779	1.07697	50685.1	95.74	0000000042
451	0.284538	0.000542996	1.12589	1.07697	100424	95.75	0000000875
452	0.285082	0.000544034	1.26693	1.07697	54854.4	95.75	0000000043
453	0.285627	0.000545074	1.07094	1.0769	110027	96.28	0000032768
454	0.286173	0.000546116	1.2426	1.07715	50343.9	96.32	0000000039
455	0.28672	0.00054716	1.13363	1.07715	99489.7	96.32	0000000901
456	0.287268	0.000548206	1.28405	1.07715	53668.4	96.33	0000000041
457	0.287817	0.000549255	1.1115	1.07721	89280.6	96.38	0000003166
458	0.288368	0.000550305	1.25038	1.07721	62719.2	96.38	0000000048
459	0.288919	0.000551357	1.13191	1.07721	96065	96.39	0000000931
460	0.289471	0.000552411	1.23371	1.07721	59294	96.39	0000000041
461	0.290025	0.000553467	1.07114	1.07727	108881	96.93	0000032768
462	0.290579	0.000554526	1.23611	1.07733	60569.4	96.96	0000000046
463	0.291135	0.000555586	1.15585	1.07733	95747	96.97	0000000952
464	0.291692	0.000556648	1.16479	1.07733	70899.1	96.97	0000000059
465	0.292249	0.000557712	1.11175	1.07727	89973.8	97.02	0000003353
466	0.292808	0.000558779	1.22974	1.07727	64622.7	97.03	0000000051
467	0.293368	0.000559847	1.16487	1.07727	95610.5	97.03	0000000967
468	0.293929	0.000560918	1.23493	1.07727	60789	97.04	0000000052
469	0.294491	0.00056199	1.0723	1.07727	110454	97.56	0000032768
470	0.295054	0.000563065	1.21336	1.07721	63489.1	97.60	0000000055
471	0.295618	0.000564141	1.1319	1.07721	98636.2	97.61	0000001040
472	0.296183	0.00056522	1.24703	1.07721	56976.2	97.61	0000000047
473	0.29675	0.0005663	1.10561	1.07721	91230.5	97.66	0000003526
474	0.297317	0.000567383	1.39904	1.07721	54531.1	97.67	0000000050
475	0.297885	0.000568468	1.10305	1.07721	102577	97.67	0000001089
476	0.298455	0.000569555	1.40853	1.07721	54030.8	97.68	0000000047
477	0.299026	0.000570644	1.07068	1.07721	108222	98.20	0000032768
478	0.299597	0.000571735	1.21128	1.07721	57177.8	98.24	0000000041
479	0.30017	0.000572828	1.10349	1.07721	99565.2	98.25	0000001152
480	0.300744	0.000573923	1.32977	1.07721	56592.2	98.25	0000000045
481	0.301319	0.000575021	1.11541	1.07727	86802.2	98.31	0000003731
482	0.301895	0.00057612	1.17429	1.07727	58447.1	98.31	0000000044
483	0.302473	0.000577222	1.12613	1.07727	98089.8	98.32	0000001208
484	0.303051	0.000578325	1.12514	1.07727	58378.5	98.32	0000000040
485	0.30363	0.000579431	1.07082	1.07721	107014	98.86	0000032768
486	0.304211	0.000580539	1.34541	1.07727	59700.5	98.90	0000000048
487	0.304792	0.000581649	1.12256	1.07727	100868	98.91	0000001222
488	0.305375	0.000582761	1.45058	1.07727	52746.7	98.91	0000000056
489	0.305959	0.000583875	1.09585	1.11047	91315.8	98.97	0000003932
490	0.306544	0.000584992	1.46841	1.11047	51086	98.97	0000000060
491	0.30713	0.00058611	1.11895	1.11047	99736.2	98.98	0000001252
492	0.307717	0.000587231	1.37349	1.11047	48506.6	98.98	0000000058
493	0.308306	0.000588354	1.10013	1.11023	106031	99.52	0000032768
494	0.308895	0.000589479	1.4527	1.11023	53524.2	99.56	0000000054
495	0.309486	0.000590606	1.1445	1.11023	96793.2	99.57	0000001288
496	0.310078	0.000591735	1.3832	1.11023	53994.4	99.57	0000000049
497	0.31067	0.000592866	1.09156	1.11035	90947	99.63	0000004145
498	0.311264	0.000594	1.30151	1.11035	56274.4	99.63	0000000051
499	0.31186	0.000595135	1.16239	1.11035	94242.7	99.64	0000001319
500	0.312456	0.000596273	1.28119	1.11035	60585	99.65	0000000054
501	0.313053	0.000597413	1.09963	1.11084	105754	100.19	0000032768
502	0.313652	0.000598556	1.29208	1.11072	64589	100.22	0000000063
503	0.314252	0.0005997	1.17576	1.11072	91278.6	100.23	0000001333
504	0.314852	0.000600847	1.31467	1.11072	61510.3	100.24	0000000062
505	0.315454	0.000601996	1.08509	1.1106	91386.2	100.30	0000004375
506	0.316058	0.000603147	1.38703	1.1106	61617.5	100.30	0000000073
507	0.316662	0.0006043	1.18249	1.1106	90655.4	100.31	0000001342
508	0.317267	0.000605455	1.408	1.1106	59743.6	100.31	0000000080
509	0.317874	0.000606613	1.11062	1.12103	104968	100.85	0000032768
510	0.318482	0.000607773	1.38759	1.11066	58083.3	100.89	0000000077
511	0.319091	0.000608935	1.19783	1.11066	90755.2	100.90	0000001355
512	0.319701	0.000610099	1.42941	1.11066	58247.9	100.90	0000000084
513	0.320312	0.000611266	1.03824	1.1214	94534.4	100.97	0000004584
514	0.320924	0.000612434	1.26376	1.1214	69727.8	100.97	0000000080
515	0.321538	0.000613605	1.13164	1.1214	94023.9	100.98	0000001405
516	0.322153	0.000614778	1.30275	1.1214	70806.2	100.99	0000000082
517	0.322769	0.000615954	1.09981	1.11078	106232	101.52	0000032768
518	0.323386	0.000617132	1.37716	1.11078	67228.6	101.56	0000000092
519	0.324004	0.000618312	1.17509	1.11078	92630.2	101.57	0000001466
520	0.324624	0.000619494	1.34678	1.11078	65818.9	101.57	0000000088
521	0.325244	0.000620678	1.06645	1.11072	93567.1	101.64	0000004825
522	0.325866	0.000621865	1.37151	1.11072	62499.8	101.64	0000000095
523	0.326489	0.000623054	1.15383	1.11072	93028.8	101.65	0000001526
524	0.327114	0.000624245	1.32515	1.11072	64147.6	101.65	0000000096
525	0.327739	0.000625439	1.11206	1.12201	105161	102.20	0000032768
526	0.328366	0.000626635	1.29717	1.12219	66162.7	102.23	0000000093
527	0.328993	0.000627833	1.10437	1.12219	97327.3	102.24	0000001601
528	0.329622	0.000629033	1.22556	1.12219	68605	102.25	0000000105
529	0.330253	0.000630236	1.02406	1.12231	95411.4	102.31	0000005038
530	0.330884	0.000631441	1.26618	1.12231	64985.1	102.31	0000000112
531	0.331517	0.000632648	1.11685	1.12231	95878.6	102.32	0000001651
532	0.332151	0.000633858	1.37404	1.12231	62794.5	102.33	0000000118
533	0.332786	0.00063507	1.11326	1.12213	103713	102.88	0000032768
534	0.333422	0.000636284	1.38905	1.12225	66372.2	102.91	0000000130
535	0.33406	0.000637501	1.12114	1.12225	95881.2	102.92	0000001682
536	0.334698	0.000638719	1.43674	1.12225	62217	102.93	0000000133
537	0.335338	0.000639941	1.02173	1.12213	95848.7	102.99	0000005247
538	0.335979	0.000641164	1.44377	1.12213	62785.9	103.00	0000000144
539	0.336622	0.00064239	1.11347	1.12213	95989.2	103.01	0000001751
540	0.337265	0.000643618	1.44492	1.12213	64303.5	103.01	0000000158
541	0.33791	0.000644849	1.11144	1.12189	103709	103.56	0000032768
542	0.338556	0.000646082	1.39429	1.12189	65043.1	103.60	0000000155
543	0.339204	0.000647317	1.1196	1.12189	95365	103.61	0000001816
544	0.339852	0.000648555	1.50831	1.12189	64430.7	103.61	0000000169
545	0.340502	0.000649795	1.01766	1.1217	95326.1	103.68	0000005485
546	0.341153	0.000651037	1.4252	1.1217	64324	103.68	0000000170
547	0.341805	0.000652282	1.1066	1.1217	96223.6	103.70	0000001879
548	0.342459	0.000653529	1.43345	1.1217	67275	103.70	0000000160
549	0.343114	0.000654779	1.11202	1.1217	105237	104.25	0000032768
550	0.34377	0.000656031	1.41835	1.1217	63707.5	104.28	0000000160
551	0.344427	0.000657285	1.0964	1.1217	98261.4	104.30	0000001908
552	0.345085	0.000658542	1.38617	1.1217	65067.8	104.30	0000000168
553	0.345745	0.000659801	1.01987	1.12183	96485.6	104.37	0000005717
554	0.346406	0.000661062	1.37754	1.12183	67818.7	104.37	0000000157
555	0.347069	0.000662326	1.09739	1.12183	97056.8	104.38	0000001938
556	0.347732	0.000663593	1.3828	1.12183	69741.2	104.39	0000000166
557	0.348397	0.000664862	1.11189	1.12189	105722	104.92	0000032768
558	0.349063	0.000666133	1.39343	1.12195	72043.3	104.96	0000000168
559	0.349731	0.000667406	1.10452	1.12195	97043.5	104.97	0000001975
560	0.350399	0.000668682	1.28239	1.12195	68774.8	104.98	0000000159
561	0.351069	0.000669961	1.02019	1.12207	97009	105.05	0000005949
562	0.35174	0.000671242	1.23594	1.12207	71264.2	105.05	0000000164
563	0.352413	0.000672525	1.10366	1.12207	95849.4	105.06	0000002061
564	0.353087	0.000673811	1.29697	1.12207	71497.8	105.07	0000000162
565	0.353762	0.0006751	1.10981	1.12201	105557	105.61	0000032768
566	0.354438	0.00067639	1.3177	1.12195	74364.6	105.64	0000000154
567	0.355116	0.000677684	1.08815	1.12195	98289.6	105.66	0000002120
568	0.355795	0.000678979	1.2493	1.12195	81562.5	105.66	0000000163
569	0.356475	0.000680278	1.01887	1.12195	97058.7	105.73	0000006182
570	0.357157	0.000681578	1.20483	1.12195	77317	105.73	0000000190
571	0.35784	0.000682881	1.08483	1.12195	97476.4	105.75	0000002134
572	0.358524	0.000684187	1.28267	1.12195	74304.9	105.75	0000000188
573	0.359209	0.000685495	1.10915	1.12195	105764	106.29	0000032768
574	0.359896	0.000686806	1.27817	1.12207	76476.5	106.33	0000000188
575	0.360584	0.000688119	1.07905	1.12207	98509.3	106.34	0000002156
576	0.361274	0.000689435	1.2671	1.12207	76262.2	106.34	0000000180
577	0.361965	0.000690753	1.01499	1.1225	98050.5	106.41	0000006367
578	0.362657	0.000692074	1.24834	1.1225	77405	106.42	0000000186
579	0.36335	0.000693397	1.08516	1.1225	96353.2	106.43	0000002193
580	0.364045	0.000694723	1.3095	1.1225	74620.3	106.44	0000000184
581	0.364741	0.000696051	1.11035	1.12244	106018	106.98	0000032768
582	0.365438	0.000697382	1.30646	1.12262	77947.4	107.01	0000000191
583	0.366137	0.000698715	1.09357	1.12262	95705.7	107.03	0000002240
584	0.366837	0.000700051	1.31975	1.12262	74742.8	107.03	0000000197
585	0.367538	0.00070139	1.0119	1.12262	98385.1	107.10	0000006558
586	0.368241	0.000702731	1.37195	1.12262	73626.6	107.11	0000000211
587	0.368945	0.000704074	1.08093	1.12262	97219.9	107.12	0000002255
588	0.369651	0.00070542	1.37396	1.12262	67561.6	107.13	0000000219
589	0.370357	0.000706769	1.11189	1.12305	105590	107.67	0000032768
590	0.371065	0.000708121	1.41483	1.12317	71158.3	107.71	0000000226
591	0.371775	0.000709474	1.08601	1.12317	96653.5	107.72	0000002308
592	0.372486	0.000710831	1.43418	1.12317	71188	107.73	0000000224
593	0.373198	0.00071219	1.0369	1.1366	95850.2	107.80	0000006779
594	0.373911	0.000713552	1.30042	1.1366	74989.4	107.81	0000000232
595	0.374626	0.000714916	1.02486	1.1366	99719.1	107.82	0000002326
596	0.375343	0.000716283	1.27056	1.1366	74458.4	107.82	0000000235
597	0.37606	0.000717653	1.12345	1.13617	104670	108.37	0000032768
598	0.376779	0.000719025	1.29502	1.13617	71849.3	108.40	0000000240
599	0.3775	0.000720399	1.01763	1.13617	100472	108.42	0000002411
600	0.378222	0.000721777	1.31074	1.13617	71448.2	108.42	0000000254
601	0.378945	0.000723157	1.03878	1.13623	93721.8	108.50	0000006997
602	0.379669	0.00072454	1.33703	1.13623	69969.3	108.50	0000000250
603	0.380395	0.000725925	1.02165	1.13623	98502.3	108.52	0000002505
604	0.381122	0.000727313	1.31274	1.13623	69559.2	108.52	0000000247
605	0.381851	0.000728703	1.12396	1.13593	102983	109.07	0000032768
606	0.382581	0.000730097	1.28548	1.13605	73125.6	109.11	0000000236
607	0.383313	0.000731493	1.01212	1.13605	99298.2	109.13	0000002594
608	0.384046	0.000732891	1.26436	1.13605	73512.1	109.13	0000000251
609	0.38478	0.000734293	1.04232	1.13611	94010.8	109.21	0000007213
610	0.385516	0.000735697	1.27879	1.13611	71605.9	109.21	0000000246
611	0.386253	0.000737103	1.00372	1.13611	99527.3	109.23	0000002627
612	0.386991	0.000738513	1.21616	1.13611	74995.9	109.23	0000000245
613	0.387731	0.000739925	1.12252	1.13647	103032	109.78	0000032768
614	0.388472	0.000741339	1.15327	1.13654	82786.3	109.82	0000000269
615	0.389215	0.000742757	1.00558	1.13654	98601.2	109.84	0000002680
616	0.389959	0.000744177	1.14355	1.13654	84349.4	109.84	0000000299
617	0.390705	0.0007456	1.03948	1.13641	93771.3	109.92	0000007425
618	0.391452	0.000747025	1.15817	1.13641	80941	109.93	0000000302
619	0.392201	0.000748454	1.0017	1.13641	98801	109.94	0000002713
620	0.39295	0.000749885	1.15479	1.13647	81237.2	109.98	0000000298
621	0.393702	0.000751318	1.12183	1.1366	103089	110.53	0000032768
622	0.394454	0.000752755	1.15403	1.13672	84470.8	110.57	0000000320
623	0.395209	0.000754194	1.00091	1.13672	98677.3	110.59	0000002797
624	0.395964	0.000755636	1.17161	1.13672	80784	110.59	0000000322
625	0.396721	0.000757081	1.04098	1.1366	96318.1	110.67	0000007631
626	0.39748	0.000758529	1.15863	1.1366	82503.6	110.67	0000000317
627	0.39824	0.000759979	1.01185	1.1366	100093	110.69	0000002861
628	0.399001	0.000761432	1.14325	1.13672	81785.2	110.73	0000000332
629	0.399764	0.000762888	1.12103	1.1369	104155	111.27	0000032768
630	0.400529	0.000764346	1.10028	1.13672	87646.7	111.33	0000000341
631	0.401294	0.000765808	1.00324	1.13672	100881	111.35	0000002928
632	0.402062	0.000767272	1.11015	1.13672	83277.3	111.35	0000000329
633	0.40283	0.000768739	1.03682	1.13696	96417.9	111.43	0000007890
634	0.403601	0.000770209	1.13659	1.13696	81765.2	111.43	0000000319
635	0.404372	0.000771681	1.01269	1.13684	100719	111.49	0000002975
636	0.405145	0.000773157	1.11065	1.13684	85233.2	111.49	0000000346
637	0.40592	0.000774635	1.11975	1.13666	104656	112.03	0000032768
638	0.406696	0.000776116	1.11281	1.1366	85045.7	112.07	0000000341
639	0.407474	0.0007776	1.02018	1.1366	98845.7	112.09	0000003018
640	0.408253	0.000779087	1.12618	1.13708	82962.4	112.12	0000000349
641	0.409033	0.000780577	1.04312	1.13702	95749.1	112.20	0000008138
642	0.409816	0.000782069	1.08487	1.13702	83267	112.21	0000000352
643	0.410599	0.000783564	1.01906	1.1377	99894.3	112.26	0000003046
644	0.411384	0.000785063	1.06995	1.1377	88065.7	112.27	0000000349
645	0.412171	0.000786564	1.12042	1.13776	104060	112.81	0000032768
646	0.412959	0.000788067	1.05779	1.13776	86197.6	112.84	0000000346
647	0.413748	0.000789574	1.02463	1.13776	97924.6	112.86	0000003092
648	0.414539	0.000791084	1.11332	1.1377	84961.1	112.90	0000000358
649	0.415332	0.000792596	1.04211	1.13782	95136.7	112.98	0000008375
650	0.416126	0.000794112	1.1153	1.13782	81815.2	112.99	0000000338
651	0.416922	0.00079563	1.02673	1.13782	98120.4	113.04	0000003171
652	0.417719	0.000797151	1.12029	1.13782	81894	113.05	0000000324
653	0.418518	0.000798676	1.12077	1.13782	103343	113.59	0000032768
654	0.419318	0.000800203	1.11661	1.13788	81162.4	113.63	0000000334
655	0.42012	0.000801733	1.02341	1.13788	96242.7	113.66	0000003233
656	0.420923	0.000803266	1.14162	1.13794	79940.2	113.70	0000000336
657	0.421728	0.000804801	1.04394	1.13794	94986	113.78	0000008625
658	0.422534	0.00080634	1.1332	1.13794	81076.8	113.79	0000000365
659	0.423342	0.000807882	1.01571	1.13812	97298.3	113.84	0000003269
660	0.424151	0.000809427	1.158	1.13812	78326.3	113.85	0000000367
661	0.424962	0.000810974	1.12034	1.13837	104285	114.39	0000032768
662	0.425775	0.000812525	1.19522	1.13843	77540.9	114.43	0000000391
663	0.426589	0.000814078	1.01512	1.13818	97082.9	114.48	0000003367
664	0.427404	0.000815635	1.24957	1.13818	71909.2	114.49	0000000412
665	0.428222	0.000817194	1.05417	1.14612	94004.1	114.57	0000008857
666	0.42904	0.000818757	1.22586	1.14612	73678.7	114.58	0000000427
667	0.429861	0.000820322	1.00669	1.1463	98343.8	114.63	0000003414
668	0.430683	0.000821891	1.21256	1.1463	74974.1	114.64	0000000421
669	0.431506	0.000823462	1.12391	1.14642	102963	115.19	0000032768
670	0.432331	0.000825037	1.2028	1.15222	72511.8	115.23	0000000445
671	0.432744	0.00041311	1.05805	1.15222	8779.09	115.23	0000000002
672	0.433158	0.000413504	1.00427	1.15228	97246.2	115.29	0000003483
673	0.433572	0.0004139	1.00778	1.15228	16891.7	115.29	0000000004
674	0.433986	0.000414295	1.21788	1.15228	72858.7	115.30	0000000461
675	0.434401	0.000414691	1.01808	1.15228	20354.3	115.30	0000000005
676	0.434816	0.000415087	1.06064	1.15228	94153.9	115.39	0000009077
677	0.435231	0.000415484	1.00526	1.15228	16981.4	115.39	0000000004
678	0.435647	0.000415881	1.19637	1.15228	73430.9	115.40	0000000472
679	0.436063	0.000416278	1.02374	1.15228	21834.1	115.40	0000000006
680	0.43648	0.000416676	1.00295	1.16083	98657.1	115.45	0000003534
681	0.436897	0.000417074	1.01304	1.16083	16901.5	115.46	0000000004
682	0.437315	0.000417473	1.22254	1.16083	71230.1	115.46	0000000502
683	0.437732	0.000417872	1.00152	1.16083	15961.3	115.46	0000000004
684	0.438151	0.000418271	1.14007	1.16107	102522	116.01	0000032768
685	0.438569	0.000418671	1.05975	1.16107	24890.8	116.05	0000000007
686	0.438988	0.000419071	1.18339	1.16107	75578.9	116.06	0000000530
687	0.439408	0.000419471	1.02262	1.16107	20333.6	116.06	0000000005
688	0.439828	0.000419872	1.00064	1.16119	98999.1	116.11	0000003595
689	0.440248	0.000420273	1.06058	1.16119	8750.36	116.12	0000000002
690	0.440669	0.000420675	1.16794	1.16119	75348.4	116.12	0000000539
691	0.44109	0.000421077	1.09556	1.16119	4476.84	116.13	0000000001
692	0.441511	0.000421479	1.06977	1.16125	93694.1	116.22	0000009299
693	0.442355	0.000844167	1.18117	1.16125	73449.2	116.22	0000000553
694	0.442778	0.000422688	1.15545	1.16125	2351.22	116.22	0000000001
695	0.443201	0.000423092	1.00077	1.16852	98032.9	116.28	0000003675
696	0.443625	0.000423497	1.09818	1.16852	4460.02	116.28	0000000001
697	0.444049	0.000423901	1.18064	1.16852	71765.1	116.29	0000000561
698	0.444898	0.000849018	1.14765	1.16833	102588	116.84	0000032768
699	0.445748	0.000850641	1.16281	1.16095	75590.4	116.88	0000000576
700	0.446601	0.000852268	1.001	1.16095	98669.4	116.93	0000003761
701	0.447454	0.000853897	1.12652	1.16095	73766	116.94	0000000582
702	0.44831	0.00085553	1.07251	1.16119	93506.2	117.03	0000009499
703	0.449167	0.000857166	1.17838	1.16119	73041.7	117.04	0000000596
704	0.450026	0.000858804	1.00148	1.17224	98695.8	117.10	0000003831
705	0.450886	0.000860446	1.21075	1.17224	71722.7	117.10	0000000596
706	0.451748	0.000862092	1.15395	1.17584	102715	117.65	0000032768
707	0.452612	0.00086374	1.22012	1.17584	69807.4	117.69	0000000596
708	0.453478	0.000865391	1.00452	1.17603	97527.2	117.75	0000003888
709	0.454345	0.000867046	1.22438	1.17603	67997.8	117.75	0000000607
710	0.455213	0.000868704	1.1058	1.20325	91507.8	117.85	0000009682
711	0.456084	0.000870365	1.19223	1.20325	70061.4	117.85	0000000603
712	0.456956	0.000872029	1.02071	1.20337	96066.7	117.91	0000003970
713	0.457829	0.000873696	1.1711	1.20337	70329.4	117.92	0000000618
714	0.458705	0.000875367	1.17815	1.20337	101071	118.49	0000032768
715	0.459582	0.00087704	1.19341	1.20355	71026.8	118.54	0000000649
716	0.460461	0.000878717	1.01958	1.20349	94410.9	118.60	0000004020
717	0.461341	0.000880397	1.19602	1.20349	70091.6	118.60	0000000662
718	0.462223	0.000882081	1.10958	1.20343	90974.2	118.70	0000009908
719	0.463107	0.000883767	1.21121	1.20343	67950.2	118.71	0000000675
720	0.463992	0.000885457	1.01702	1.20343	96121.9	118.77	0000004084
721	0.464879	0.00088715	1.20548	1.20343	67306.7	118.78	0000000713
722	0.465768	0.000888846	1.20139	1.22864	99529.5	119.35	0000032768
723	0.466659	0.000890546	1.21819	1.20325	68918.5	119.40	0000000737
724	0.467105	0.000445911	1.11476	1.20325	4483.26	119.40	0000000001
725	0.467551	0.000446337	1.01282	1.20306	96709	119.46	0000004128
726	0.467998	0.000446764	1.09172	1.20306	4116.75	119.46	0000000001
727	0.468445	0.000447191	1.22461	1.20306	67504.9	119.47	0000000758
728	0.468893	0.000447618	1.10205	1.20306	4476.92	119.47	0000000001
729	0.469341	0.000448046	1.12323	1.22845	90385.2	119.57	0000010135
730	0.469789	0.000448474	1.06152	1.22845	2105.27	119.57	0000000001
731	0.470238	0.000448902	1.2221	1.22845	68539	119.59	0000000756
732	0.471137	0.000899092	1.01847	1.22839	95362.9	119.65	0000004149
733	0.472038	0.000900811	1.21395	1.22839	67350.3	119.66	0000000757
734	0.472489	0.000451051	1.08656	1.22839	4031.74	119.66	0000000001
735	0.472941	0.000451482	1.2177	1.24976	98846.3	120.24	0000032768
736	0.473392	0.000451914	1.0488	1.24976	1956.31	120.28	0000000001
737	0.473845	0.000452345	1.24119	1.24976	66117.3	120.29	0000000762
738	0.474298	0.000452778	1.14338	1.24976	4409.64	120.29	0000000001
739	0.474751	0.00045321	1.02013	1.24957	94757.8	120.35	0000004190
740	0.475204	0.000453643	1.13786	1.24957	4371.36	120.35	0000000001
741	0.475658	0.000454077	1.25897	1.24957	65463.1	120.36	0000000764
742	0.476113	0.000454511	1.04166	1.24957	13069.2	120.37	0000000003
743	0.476568	0.000454945	1.13467	1.24957	89253.4	120.47	0000010360
744	0.477023	0.00045538	1.13731	1.24957	4385.39	120.47	0000000001
745	0.477479	0.000455815	1.24318	1.24957	67724.9	120.48	0000000801
746	0.477935	0.00045625	1.10812	1.24957	13718.6	120.48	0000000004
747	0.478392	0.000456686	1.03252	1.24927	94344.2	120.54	0000004243
748	0.478849	0.000457123	1.30455	1.24927	27639.3	120.54	0000000012
749	0.479307	0.00045756	1.25698	1.24927	64490.7	120.55	0000000820
750	0.479765	0.000457997	1.37916	1.24927	29234.5	120.56	0000000015
751	0.480223	0.000458434	1.21655	1.24915	98708.7	121.14	0000032768
752	0.480682	0.000458872	1.35431	1.24915	29495.4	121.17	0000000016
753	0.481141	0.000459311	1.26544	1.24915	66543.1	121.18	0000000834
754	0.481601	0.00045975	1.42984	1.24915	31710.9	121.18	0000000019
755	0.482061	0.000460189	1.02609	1.24921	95258.5	121.25	0000004324
756	0.482522	0.000460629	1.45202	1.24921	30221.9	121.25	0000000018
757	0.482983	0.000461069	1.25491	1.24921	65186.6	121.26	0000000863
758	0.483445	0.00046151	1.49008	1.24921	29802.3	121.26	0000000019
759	0.483906	0.000461951	1.13725	1.24939	89485.7	121.36	0000010540
760	0.484369	0.000462392	1.45651	1.24939	28848.8	121.37	0000000016
761	0.484832	0.000462834	1.27133	1.24939	63867	121.38	0000000851
762	0.485295	0.000463276	1.47879	1.24939	29009.1	121.38	0000000017
763	0.485759	0.000463719	1.02932	1.24957	93027.2	121.44	0000004375
764	0.486223	0.000464162	1.49085	1.24957	32804.1	121.45	0000000022
765	0.486687	0.000464605	1.29845	1.24957	63055.2	121.46	0000000863
766	0.487153	0.000465049	1.4829	1.24957	28838.2	121.46	0000000017
767	0.487618	0.000465494	1.21614	1.24963	98970.5	122.03	0000032768
768	0.488084	0.000465938	1.42205	1.24982	27326.8	122.07	0000000014
769	0.48855	0.000466384	1.28521	1.24982	65059.7	122.08	0000000884
770	0.489017	0.000466829	1.39609	1.24982	27230.8	122.08	0000000013
771	0.489484	0.000467275	1.03638	1.24982	92338.5	122.15	0000004422
772	0.489952	0.000467722	1.34203	1.24982	25878.2	122.15	0000000011
773	0.49042	0.000468169	1.29144	1.24982	62762.3	122.16	0000000875
774	0.490889	0.000468616	1.2606	1.24982	22578.3	122.16	0000000008
775	0.491358	0.000469064	1.14112	1.24988	88525.6	122.27	0000010734
776	0.491828	0.000469512	1.09811	1.24988	4473.83	122.27	0000000001
777	0.492297	0.000469961	1.30014	1.24988	62801.9	122.28	0000000877
778	0.492768	0.00047041	1.01907	1.24988	9141.85	122.28	0000000002
779	0.493239	0.000470859	1.0377	1.25012	92622.6	122.35	0000004461
780	0.49371	0.000471309	1.0193	1.25012	9001.47	122.35	0000000002
781	0.494182	0.00047176	1.32172	1.25012	62572.9	122.36	0000000881
782	0.494654	0.00047221	1.05006	1.25012	12473.7	122.36	0000000003
783	0.495127	0.000472662	1.21701	1.24976	98010.9	122.94	0000032768
784	0.4956	0.000473113	1.16134	1.24982	17290.4	122.98	0000000005
785	0.496073	0.000473565	1.32031	1.24982	61935	122.99	0000000909
786	0.496547	0.000474018	1.15912	1.24982	17526.8	123.00	0000000005
787	0.497022	0.000474471	1.03789	1.24994	92686.3	123.06	0000004547
788	0.497497	0.000474924	1.04648	1.24994	12487.5	123.06	0000000003
789	0.497972	0.000475378	1.33379	1.24994	60699.2	123.07	0000000911
790	0.498448	0.000475832	1.21692	1.24994	11082.3	123.08	0000000004
791	0.498924	0.000476287	1.13937	1.25006	88255.7	123.18	0000010963
792	0.499401	0.000476742	1.0076	1.25006	13149.6	123.18	0000000003
793	0.499878	0.000477198	1.33645	1.25006	59846.9	123.19	0000000913
794	0.500356	0.000477654	1.1015	1.25006	18599.8	123.20	0000000005
795	0.500834	0.00047811	1.03688	1.25012	92556.3	123.26	0000004622
796	0.501313	0.000478567	1.06735	1.25012	15978.5	123.26	0000000004
797	0.501792	0.000479024	1.3469	1.25012	59872.4	123.28	0000000938
798	0.502271	0.000479482	1.09823	1.25012	4500.86	123.28	0000000001
799	0.502751	0.00047994	1.21472	1.25006	98212.3	123.86	0000032768
800	0.503712	0.000961256	1.34766	1.25	61648.5	123.91	0000000959
801	0.504194	0.000481317	1.0155	1.25	13082.2	123.91	0000000003
802	0.504675	0.000481777	1.02807	1.25	90497.1	123.98	0000004673
803	0.505158	0.000482237	1.06279	1.25	8797.32	123.98	0000000002
804	0.50564	0.000482698	1.3429	1.25	60312.6	123.99	0000000984
805	0.506123	0.000483159	1.01295	1.25	16727.6	123.99	0000000004
806	0.506607	0.000483621	1.19441	1.29663	85221.4	124.10	0000011170
807	0.507091	0.000484083	1.00818	1.29663	6101.13	124.10	0000000003
808	0.507576	0.000484546	1.29956	1.29663	61623.6	124.12	0000000994
809	0.508061	0.000485009	1.00624	1.29663	13464.1	124.12	0000000003
810	0.508546	0.000485472	1.0906	1.297	88119.8	124.19	0000004645
811	0.509032	0.000485936	1.06952	1.297	15864.5	124.19	0000000004
812	0.509518	0.000486401	1.29625	1.297	61149.2	124.20	0000001001
813	0.510005	0.000486865	1.14222	1.297	18037.9	124.20	0000000005
814	0.510493	0.000487331	1.26125	1.29688	95244.7	124.79	0000032768
815	0.51098	0.000487796	1.01639	1.29688	12887.5	124.83	0000000003
816	0.511469	0.000488262	1.2973	1.29688	61268.3	124.84	0000000996
817	0.511957	0.000488729	1.00346	1.29688	6249.77	124.85	0000000003
818	0.512447	0.000489196	1.08547	1.29669	88486.3	124.91	0000004730
819	0.513426	0.000979794	1.27596	1.29669	61150.2	124.93	0000000979
820	0.514408	0.000981668	1.19784	1.29663	83798.8	125.04	0000011343
821	0.515392	0.000983545	1.30978	1.29663	58661.3	125.05	0000000982
822	0.516377	0.000985425	1.08277	1.29694	87260.4	125.12	0000004761
823	0.517364	0.000987309	1.30526	1.29694	60185	125.13	0000001000
824	0.517859	0.000494362	1.18399	1.29694	4189.75	125.13	0000000001
825	0.518354	0.000494835	1.26194	1.29694	94272.4	125.73	0000032768
826	0.518849	0.000495308	1.09257	1.29688	11993.9	125.77	0000000003
827	0.519345	0.000495781	1.2909	1.29688	60342.8	125.78	0000000995
828	0.519841	0.000496255	1.06625	1.29688	15986.6	125.78	0000000004
829	0.520338	0.000496729	1.07879	1.29724	88322.4	125.86	0000004829
830	0.520835	0.000497203	1.01942	1.29724	26277.3	125.86	0000000007
831	0.521333	0.000497679	1.28734	1.29724	59925	125.87	0000000991
832	0.521831	0.000498154	1.03782	1.29724	26751.7	125.88	0000000008
833	0.522329	0.00049863	1.20242	1.29724	83043	125.99	0000011537
834	0.522828	0.000499107	1.05473	1.29724	30052.9	125.99	0000000009
835	0.523328	0.000499583	1.31378	1.29724	58459.2	126.00	0000000976
836	0.523828	0.000500061	1.03547	1.29724	18670	126.01	0000000008
837	0.524329	0.000500539	1.07525	1.29688	87715	126.08	0000004894
838	0.52483	0.000501017	1.03052	1.29688	25851.2	126.08	0000000007
839	0.525331	0.000501496	1.29392	1.29688	58874.4	126.09	0000000979
840	0.525833	0.000501975	1.02332	1.29688	14566.6	126.09	0000000008
841	0.526336	0.000502455	1.26032	1.29669	93826.2	126.69	0000032768
842	0.526839	0.000502935	1.00915	1.29657	9282.02	126.73	0000000005
843	0.527342	0.000503415	1.29357	1.29657	59381.7	126.74	0000000990
844	0.527846	0.000503896	1.02443	1.29657	19679.9	126.75	0000000005
845	0.52835	0.000504378	1.07487	1.29663	87379.7	126.82	0000004984
846	0.528855	0.00050486	1.03247	1.29663	19555.5	126.82	0000000005
847	0.52936	0.000505342	1.28715	1.29663	58638.1	126.83	0000000966
848	0.529866	0.000505825	1.06631	1.29663	14737.9	126.83	0000000004
849	0.530373	0.000506308	1.20286	1.29663	83265.2	126.95	0000011726
850	0.530879	0.000506792	1.13673	1.29663	8227.2	126.95	0000000002
851	0.531387	0.000507276	1.30316	1.29663	57340.9	126.96	0000000954
852	0.532403	0.00101601	1.0778	1.29681	87303.9	127.03	0000005035
853	0.532911	0.000508732	1.14002	1.29681	4386.16	127.04	0000000001
854	0.533421	0.000509218	1.3042	1.29681	57345.7	127.05	0000000961
855	0.53444	0.0010199	1.26109	1.29669	93834.5	127.64	0000032768
856	0.534951	0.000510679	1.11139	1.29675	4337.19	127.68	0000000001
857	0.535462	0.000511167	1.2928	1.29675	57384.8	127.70	0000000975
858	0.535974	0.000511656	1.13231	1.29675	4422.82	127.70	0000000001
859	0.536486	0.000512145	1.08256	1.29663	87148.5	127.77	0000005119
860	0.536999	0.000512634	1.01416	1.29663	12894.2	127.77	0000000003
861	0.537512	0.000513124	1.31283	1.29663	56622.1	127.78	0000000965
862	0.538025	0.000513614	1.03229	1.29663	16068.6	127.79	0000000004
863	0.53854	0.000514105	1.20359	1.29651	82865.9	127.90	0000011899
864	0.539054	0.000514596	1.18369	1.29651	4207.41	127.91	0000000001
865	0.539569	0.000515088	1.32514	1.29651	56028.3	127.92	0000000952
866	0.540085	0.00051558	1.08316	1.29651	11888.1	127.92	0000000003
867	0.540601	0.000516073	1.08209	1.29663	87708.7	127.99	0000005177
868	0.541117	0.000516566	1.00123	1.29663	16623	127.99	0000000004
869	0.541635	0.000517059	1.3186	1.29663	56646.4	128.01	0000000946
870	0.542152	0.000517553	1.0049	1.29663	20039.6	128.01	0000000005
871	0.54267	0.000518048	1.26029	1.29706	94295.7	128.60	0000032768
872	0.543189	0.000518543	1.03721	1.29688	22315	128.64	0000000006
873	0.543708	0.000519039	1.29552	1.29688	57504.2	128.65	0000000957
874	0.544227	0.000519534	1.05896	1.29688	22181.1	128.66	0000000006
875	0.544747	0.000520031	1.07793	1.29688	87237.6	128.73	0000005297
876	0.545268	0.000520528	1.23179	1.29688	20595.6	128.73	0000000008
877	0.545789	0.000521025	1.32509	1.29688	56138.7	128.74	0000000943
878	0.54631	0.000521523	1.24299	1.29688	25450.5	128.75	0000000010
879	0.546832	0.000522021	1.20365	1.29694	83105.3	128.86	0000012108
880	0.547355	0.00052252	1.38354	1.29694	23573.8	128.87	0000000012
881	0.547878	0.00052302	1.32338	1.29694	55728.7	128.88	0000000956
882	0.548401	0.000523519	1.2794	1.29694	21219.5	128.88	0000000008
883	0.548925	0.00052402	1.07979	1.29681	86100.3	128.95	0000005284
884	0.54945	0.00052452	1.37111	1.29681	19392.4	128.96	0000000009
885	0.549975	0.000525021	1.28671	1.29681	57615	128.97	0000000971
886	0.550501	0.000525523	1.3889	1.29681	24854.2	128.97	0000000012
887	0.551027	0.000526025	1.25995	1.297	93660.8	129.57	0000032768
888	0.551553	0.000526528	1.49492	1.29663	20438.8	129.61	0000000013
889	0.55208	0.000527031	1.29142	1.29663	57585.5	129.62	0000000959
890	0.552608	0.000527535	1.40965	1.29663	25900.5	129.62	0000000013
891	0.553136	0.000528039	1.07395	1.29657	86652.1	129.69	0000005339
892	0.553664	0.000528543	1.36331	1.29657	24205.1	129.70	0000000012
893	0.554193	0.000529048	1.27684	1.29657	59146.2	129.71	0000000972
894	0.554723	0.000529554	1.27893	1.29657	21322.5	129.71	0000000008
895	0.555253	0.00053006	1.20376	1.29657	83027.8	129.83	0000012258
896	0.555783	0.000530566	1.33689	1.29657	18786	129.83	0000000008
897	0.556315	0.000531073	1.26792	1.29657	58438.2	129.84	0000000983
898	0.556846	0.000531581	1.27793	1.29657	21511.9	129.85	0000000008
899	0.557378	0.000532089	1.07415	1.29651	86223.7	129.92	0000005325
900	0.557911	0.000532597	1.26739	1.29651	21723	129.92	0000000008
901	0.558444	0.000533106	1.25005	1.29651	58973.1	129.93	0000000973
902	0.558978	0.000533615	1.24148	1.29651	20385	129.94	0000000007
903	0.559512	0.000534125	1.2589	1.29651	94126.1	130.53	0000032768
904	0.560046	0.000534636	1.35708	1.29657	24363.7	130.57	0000000011
905	0.560581	0.000535147	1.25965	1.29657	60112.6	130.58	0000000981
906	0.561117	0.000535658	1.48359	1.29657	25235	130.58	0000000016
907	0.561653	0.00053617	1.06588	1.29639	85843.4	130.66	0000005363
908	0.56219	0.000536682	1.40386	1.29639	29205.5	130.66	0000000016
909	0.562727	0.000537195	1.25537	1.29639	59484.6	130.67	0000000991
910	0.563265	0.000537708	1.26898	1.29639	20151.6	130.67	0000000013
911	0.563803	0.000538222	1.20339	1.29614	83099.5	130.79	0000012405
912	0.564342	0.000538736	1.2215	1.29614	22350.4	130.80	0000000008
913	0.564881	0.000539251	1.24155	1.29614	60710.1	130.81	0000000987
914	0.565421	0.000539766	1.0911	1.29614	15202.5	130.81	0000000004
915	0.565961	0.000540282	1.07334	1.29639	86159	130.88	0000005418
916	0.566502	0.000540798	1.16169	1.29639	19453.6	130.89	0000000006
917	0.567043	0.000541315	1.25723	1.29639	60237.5	130.90	0000000983
918	0.567585	0.000541832	1.22794	1.29639	19762.1	130.90	0000000007
919	0.568127	0.00054235	1.2575	1.29645	94440.4	131.49	0000032768
920	0.56867	0.000542868	1.15631	1.29651	19358.6	131.53	0000000006
921	0.569214	0.000543387	1.23942	1.29651	60817.1	131.54	0000000992
922	0.569758	0.000543906	1.2581	1.29651	25343.5	131.54	0000000010
923	0.570302	0.000544426	1.06672	1.29657	85829.3	131.62	0000005494
924	0.570847	0.000544946	1.34638	1.29657	26070.4	131.63	0000000012
925	0.571392	0.000545467	1.23832	1.29657	60447.8	131.64	0000000985
926	0.571938	0.000545988	1.26208	1.29657	23312.4	131.64	0000000009
927	0.572485	0.00054651	1.20098	1.29633	83145.7	131.76	0000012566
928	0.573032	0.000547032	1.32009	1.29633	23562.3	131.76	0000000010
929	0.573579	0.000547555	1.22911	1.29633	61211.8	131.78	0000000993
930	0.574128	0.000548078	1.31925	1.29633	21974.1	131.78	0000000009
931	0.574676	0.000548602	1.06444	1.29633	85497	131.85	0000005514
932	0.575225	0.000549126	1.17099	1.29633	16740.9	131.86	0000000005
933	0.575775	0.000549651	1.24546	1.29633	61075.1	131.87	0000000999
934	0.576325	0.000550176	1.14422	1.29633	17361.5	131.87	0000000005
935	0.576876	0.000550702	1.2567	1.2962	94492.8	132.46	0000032768
936	0.577427	0.000551228	1.21497	1.2962	20699	132.50	0000000007
937	0.577979	0.000551755	1.2236	1.2962	61744	132.51	0000001019
938	0.578531	0.000552282	1.2863	1.2962	5636.12	132.52	0000000002
939	0.579084	0.00055281	1.06174	1.29626	84562.2	132.59	0000005590
940	0.579637	0.000553338	1.34745	1.29626	2809.46	132.59	0000000001
941	0.580191	0.000553867	1.22381	1.29626	60682	132.60	0000000999
942	0.580746	0.000554396	1.0851	1.29626	15451.1	132.61	0000000004
943	0.5813	0.000554926	1.19843	1.29657	82343.3	132.73	0000012666
944	0.581856	0.000555456	1.00319	1.29657	13177.2	132.73	0000000003
945	0.582412	0.000555987	1.21754	1.29657	61633.3	132.74	0000000997
946	0.582968	0.000556518	1.174	1.29657	4287.39	132.75	0000000001
947	0.583525	0.00055705	1.06644	1.29663	84583.5	132.82	0000005617
948	0.584641	0.0011157	1.22033	1.29663	60909.2	132.83	0000000987
949	0.585759	0.00111783	1.25278	1.29663	94115.3	133.42	0000032768
950	0.586319	0.000559716	1.09878	1.29657	4330.65	133.46	0000000001
951	0.586879	0.000560251	1.20782	1.29657	62949.1	133.48	0000000985
952	0.588001	0.00112211	1.06475	1.29675	84341.4	133.55	0000005711
953	0.589125	0.00112425	1.18143	1.29675	62468.5	133.56	0000000985
954	0.590252	0.0011264	1.19775	1.29657	81712.5	133.69	0000012806
955	0.59138	0.00112856	1.20704	1.29657	61341.7	133.70	0000000990
956	0.591945	0.000565087	1.05146	1.29657	8839.47	133.70	0000000002
957	0.592511	0.000565627	1.06257	1.29651	84178.3	133.78	0000005736
958	0.593077	0.000566168	1.06144	1.29651	8853.24	133.78	0000000002
959	0.593644	0.000566709	1.18019	1.29651	63288.2	133.79	0000001008
960	0.594211	0.00056725	1.04525	1.29651	8895.14	133.79	0000000002
961	0.594779	0.000567792	1.25389	1.29633	93397.4	134.39	0000032768
962	0.595347	0.000568335	1.15742	1.29651	4059.89	134.43	0000000001
963	0.595916	0.000568878	1.16849	1.29651	63262.2	134.44	0000001018
964	0.596486	0.000569422	1.00218	1.29651	12498.5	134.44	0000000003
965	0.597055	0.000569966	1.05877	1.29657	83849.3	134.52	0000005809
966	0.597626	0.00057051	1.03838	1.29657	16063.4	134.52	0000000004
967	0.598197	0.000571056	1.16597	1.29657	62640.8	134.54	0000001018
968	0.598769	0.000571601	1.35239	1.29657	16458.1	134.54	0000000008
969	0.599341	0.000572147	1.19594	1.29651	82042	134.66	0000012974
970	0.599913	0.000572694	1.31499	1.29651	32160.8	134.67	0000000016
971	0.600487	0.000573241	1.14851	1.29651	66241.3	134.70	0000001054
972	0.601061	0.000573789	1.27379	1.29651	30846.9	134.70	0000000014
973	0.601635	0.000574337	1.06197	1.29657	85654.1	134.77	0000005870
974	0.60221	0.000574886	1.21623	1.29657	20021.2	134.78	0000000012
975	0.602785	0.000575435	1.14181	1.29657	66279.4	134.79	0000001078
976	0.603361	0.000575985	1.30493	1.29657	29853.3	134.79	0000000014
977	0.603938	0.000576536	1.25239	1.29626	95276.2	135.37	0000032768
978	0.604515	0.000577087	1.25891	1.29633	25001.8	135.41	0000000010
979	0.605092	0.000577638	1.13523	1.29633	66749.2	135.43	0000001108
980	0.605671	0.00057819	1.1712	1.29633	21812.2	135.43	0000000007
981	0.606249	0.000578742	1.06261	1.29626	84542.2	135.50	0000005918
982	0.606829	0.000579296	1.1661	1.29626	19577.9	135.51	0000000006
983	0.607409	0.000579849	1.14778	1.29626	65117.6	135.52	0000001142
984	0.607989	0.000580403	1.26803	1.29626	21893.5	135.52	0000000008
985	0.60857	0.000580958	1.19406	1.29626	83867.5	135.64	0000013121
986	0.609151	0.000581513	1.47301	1.29626	28826.1	135.65	0000000017
987	0.609733	0.000582069	1.14394	1.29626	66195.2	135.66	0000001174
988	0.610316	0.000582625	1.56148	1.29626	29332.6	135.66	0000000022
989	0.610899	0.000583181	1.06157	1.29645	85334.1	135.74	0000005972
990	0.611483	0.000583739	1.56243	1.29645	30709.9	135.74	0000000027
991	0.612067	0.000584296	1.14056	1.29645	65788.5	135.75	0000001202
992	0.612652	0.000584855	1.57315	1.29645	31026.3	135.76	0000000024
993	0.613238	0.000585414	1.25199	1.29663	95131	136.35	0000032768
994	0.613824	0.000585973	1.53919	1.29663	30767.2	136.38	0000000022
995	0.61441	0.000586533	1.13662	1.29663	66769.3	136.40	0000001240
996	0.614997	0.000587093	1.50345	1.29663	29690.6	136.40	0000000019
997	0.615585	0.000587654	1.06278	1.29657	85413.4	136.48	0000006001
998	0.616173	0.000588216	1.45635	1.29657	28990.8	136.48	0000000018
999	0.616762	0.000588778	1.15219	1.29657	66075.1	136.49	0000001262
1000	0.617351	0.000589341	1.5654	1.29657	27568.8	136.49	0000000021
1001	0.617941	0.000589904	1.19617	1.29681	82257	136.62	0000013260
1002	0.618532	0.000590467	1.50715	1.29681	29677.7	136.62	0000000019
1003	0.619123	0.000591032	1.15875	1.29681	64393.3	136.63	0000001275
1004	0.619714	0.000591596	1.49717	1.29681	28628.3	136.64	0000000018
1005	0.620306	0.000592162	1.06174	1.29675	84329.5	136.72	0000006033
1006	0.620899	0.000592727	1.45861	1.29675	28100.9	136.72	0000000016
1007	0.621492	0.000593294	1.17123	1.29675	63932.8	136.74	0000001298
1008	0.622086	0.000593861	1.36108	1.29675	24436.7	136.74	0000000011
1009	0.622681	0.000594428	1.25064	1.29694	94549.7	137.33	0000032768
1010	0.623276	0.000594996	1.23749	1.29669	20292.8	137.37	0000000007
1011	0.623871	0.000595565	1.18753	1.29669	64528.1	137.38	0000001305
1012	0.624467	0.000596134	1.03775	1.29669	23887.8	137.39	0000000007
1013	0.625064	0.000596703	1.06581	1.29706	84793.1	137.46	0000006092
1014	0.625661	0.000597274	1.14485	1.29706	22285.2	137.47	0000000007
1015	0.626259	0.000597844	1.19611	1.29706	63340.2	137.48	0000001308
1016	0.626858	0.000598416	1.2661	1.29706	26917	137.48	0000000011
1017	0.627457	0.000598987	1.19919	1.297	83959.1	137.61	0000013372
1018	0.628056	0.00059956	1.19759	1.297	23521.5	137.61	0000000008
1019	0.628656	0.000600133	1.18013	1.297	62837.8	137.62	0000001323
1020	0.629257	0.000600706	1.0876	1.297	8565.6	137.63	0000000002
1021	0.629858	0.00060128	1.07087	1.29718	84807.9	137.70	0000006175
1022	0.63046	0.000601855	1.1453	1.29718	4186.27	137.71	0000000001
1023	0.631063	0.00060243	1.18206	1.29718	62675.2	137.72	0000001340
1024	0.631666	0.000603005	1.07779	1.29718	8643.04	137.72	0000000002
1025	0.632269	0.000603582	1.25301	1.2973	95588	138.31	0000032768
1026	0.633478	0.00120889	1.1788	1.29724	63402.6	138.36	0000001359
1027	0.634083	0.000605314	1.03925	1.29724	7116.68	138.36	0000000002
1028	0.634689	0.000605892	1.0673	1.29712	83888	138.44	0000006218
1029	0.635296	0.000606471	1.13224	1.29712	20208.6	138.44	0000000006
1030	0.635903	0.00060705	1.17504	1.29712	63046.5	138.46	0000001386
1031	0.63651	0.00060763	1.03294	1.29712	12613.5	138.46	0000000003
1032	0.637119	0.000608211	1.17314	1.29742	83697.8	138.58	0000013493
1033	0.637727	0.000608792	1.14717	1.29742	3968.22	138.59	0000000001
1034	0.638337	0.000609374	1.18277	1.29742	62981.3	138.60	0000001390
1035	0.638947	0.000609956	1.16981	1.29742	4267.96	138.60	0000000001
1036	0.639557	0.000610539	1.06106	1.2973	84480.4	138.68	0000006270
1037	0.640168	0.000611122	1.07715	1.2973	8606.37	138.68	0000000002
1038	0.64078	0.000611706	1.19432	1.2973	62174.9	138.70	0000001421
1039	0.641392	0.000612291	1.00799	1.2973	12847	138.70	0000000003
1040	0.642005	0.000612876	1.25234	1.2973	96066.9	139.28	0000032768
1041	0.642619	0.000613462	1.05786	1.2973	15422.7	139.32	0000000004
1042	0.643233	0.000614048	1.20036	1.2973	62551.9	139.34	0000001432
1043	0.643847	0.000614635	1.05632	1.2973	19070.6	139.34	0000000005
1044	0.644463	0.000615222	1.06575	1.29718	84449.2	139.42	0000006365
1045	0.645078	0.00061581	1.15127	1.29718	24539.9	139.42	0000000008
1046	0.645695	0.000616398	1.20762	1.29718	60761.1	139.44	0000001455
1047	0.646312	0.000616987	1.19583	1.29718	25125.8	139.44	0000000009
1048	0.646929	0.000617577	1.19758	1.29724	83343.4	139.57	0000013614
1049	0.647548	0.000618167	1.09654	1.29724	21515.1	139.57	0000000006
1050	0.648166	0.000618758	1.21781	1.29724	61317.9	139.59	0000001466
1051	0.648786	0.000619349	1.18573	1.29724	23625.4	139.59	0000000008
1052	0.649406	0.000619941	1.07186	1.32098	84348.1	139.67	0000006399
1053	0.650026	0.000620533	1.02989	1.32098	16309.9	139.67	0000000004
1054	0.650647	0.000621126	1.22981	1.32098	61409.6	139.69	0000001484
1055	0.651269	0.000621719	1.07118	1.32098	8705.04	139.69	0000000002
1056	0.651891	0.000622314	1.27463	1.33508	94007.3	140.28	0000032768
1057	0.652514	0.000622908	1.20649	1.33502	18180.5	140.32	0000000006
1058	0.653138	0.000623503	1.22741	1.33502	60839.1	140.33	0000001480
1059	0.653762	0.000624099	1.326	1.33502	21466.8	140.33	0000000009
1060	0.654386	0.000624696	1.07603	1.35535	83085.4	140.42	0000006479
1061	0.655012	0.000625292	1.38612	1.35535	24560.5	140.42	0000000012
1062	0.655638	0.00062589	1.20638	1.35535	60466.4	140.44	0000001513
1063	0.656264	0.000626488	1.39851	1.35535	24017.3	140.44	0000000012
1064	0.656891	0.000627087	1.21432	1.35522	81965.6	140.57	0000013721
1065	0.657519	0.000627686	1.33046	1.35522	23508.9	140.57	0000000011
1066	0.658147	0.000628286	1.21447	1.35522	60263	140.59	0000001511
1067	0.658776	0.000628886	1.49665	1.35522	18609.7	140.59	0000000012
1068	0.659406	0.000629487	1.07713	1.33508	83054.6	140.67	0000006499
1069	0.660036	0.000630088	1.29986	1.33508	24827.2	140.67	0000000011
1070	0.660666	0.00063069	1.22838	1.33508	58968.1	140.69	0000001499
1071	0.661298	0.000631293	1.22335	1.33508	24017.3	140.69	0000000010
1072	0.66193	0.000631896	1.28938	1.35547	92462.5	141.29	0000032768
1073	0.662562	0.0006325	1.29471	1.37854	28563.6	141.33	0000000014
1074	0.663195	0.000633105	1.23814	1.37854	59378.6	141.34	0000001505
1075	0.663829	0.000633709	1.37153	1.37854	28537.6	141.35	0000000015
1076	0.664463	0.000634315	1.07717	1.3783	83386.3	141.43	0000006568
1077	0.665098	0.000634921	1.38061	1.3783	28155.8	141.43	0000000015
1078	0.665734	0.000635528	1.23194	1.3783	58745.8	141.45	0000001512
1079	0.66637	0.000636135	1.34889	1.3783	36019.2	141.45	0000000027
1080	0.667006	0.000636743	1.24297	1.40948	80682.6	141.59	0000013826
1081	0.667644	0.000637351	1.25423	1.40948	38408.9	141.59	0000000025
1082	0.668282	0.00063796	1.22764	1.40948	59419.4	141.60	0000001533
1083	0.66892	0.00063857	1.26748	1.40948	34736.8	141.61	0000000029
1084	0.66956	0.00063918	1.09307	1.40955	82528.6	141.69	0000006609
1085	0.670199	0.000639791	1.54802	1.40955	32395.7	141.70	0000000032
1086	0.67084	0.000640402	1.2251	1.40955	58802.9	141.72	0000001551
1087	0.671481	0.000641014	1.6114	1.40955	27027.2	141.72	0000000030
1088	0.672122	0.000641627	1.33157	1.40936	90546.5	142.32	0000032768
1089	0.672765	0.00064224	1.49144	1.37836	31281.9	142.36	0000000033
1090	0.673407	0.000642853	1.2224	1.37836	59297.9	142.37	0000001537
1091	0.674051	0.000643468	1.68666	1.37836	29336.3	142.38	0000000039
1092	0.674695	0.000644083	1.09381	1.40967	82504.6	142.46	0000006665
1093	0.67534	0.000644698	1.63195	1.40967	31539.8	142.47	0000000034
1094	0.675985	0.000645314	1.22512	1.40967	58248.4	142.48	0000001553
1095	0.676631	0.000645931	1.66092	1.40967	27567.6	142.49	0000000034
1096	0.677278	0.000646548	1.24633	1.40961	80531.2	142.62	0000013899
1097	0.677925	0.000647166	1.62223	1.40961	30217.7	142.62	0000000032
1098	0.678572	0.000647784	1.23108	1.40961	58616.4	142.64	0000001555
1099	0.679221	0.000648403	1.54481	1.40961	29651.8	142.64	0000000025
1100	0.67987	0.000649023	1.07073	1.37891	83588.9	142.72	0000006669
1101	0.68052	0.000649643	1.55619	1.37891	31075.4	142.73	0000000027
1102	0.68117	0.000650264	1.21243	1.37891	59382.5	142.74	0000001588
1103	0.681821	0.000650885	1.55228	1.37891	29227.3	142.75	0000000025
1104	0.682472	0.000651507	1.30558	1.37903	92268.2	143.33	0000032768
1105	0.683124	0.000652129	1.64306	1.37903	26421.6	143.37	0000000029
1106	0.683777	0.000652753	1.21643	1.37903	59250.2	143.39	0000001588
1107	0.68443	0.000653376	1.61518	1.37903	29752.9	143.39	0000000031
1108	0.685084	0.000654001	1.07309	1.37903	82887.6	143.48	0000006719
1109	0.685739	0.000654626	1.55282	1.37903	27329.8	143.48	0000000037
1110	0.686394	0.000655251	1.20674	1.37903	59962.8	143.50	0000001599
1111	0.68705	0.000655877	1.52805	1.37903	29866.3	143.50	0000000024
1112	0.687707	0.000656504	1.22223	1.37903	81571.1	143.63	0000013963
1113	0.688364	0.000657131	1.56072	1.37903	26814.7	143.64	0000000023
1114	0.689022	0.000657759	1.20211	1.37903	59265	143.65	0000001621
1115	0.68968	0.000658388	1.43468	1.37903	24554.9	143.66	0000000014
1116	0.690339	0.000659017	1.06923	1.37885	82567.1	143.74	0000006795
1117	0.690999	0.000659647	1.51827	1.37885	21102.9	143.74	0000000015
1118	0.691659	0.000660277	1.19836	1.37885	59443.8	143.76	0000001612
1119	0.69232	0.000660908	1.49913	1.37885	19399.7	143.76	0000000013
1120	0.692981	0.000661539	1.30345	1.3786	91101.4	144.35	0000032768
1121	0.693644	0.000662171	1.48738	1.37854	27777.3	144.40	0000000019
1122	0.694306	0.000662804	1.19727	1.37854	60068.1	144.41	0000001638
1123	0.69497	0.000663437	1.49245	1.37854	29876.2	144.42	0000000022
1124	0.695634	0.000664071	1.06933	1.3786	81409.8	144.50	0000006848
1125	0.696299	0.000664706	1.48189	1.3786	30727.5	144.50	0000000022
1126	0.696964	0.000665341	1.19487	1.3786	58321.4	144.52	0000001621
1127	0.69763	0.000665977	1.56304	1.3786	33837.8	144.53	0000000035
1128	0.698296	0.000666613	1.2189	1.37872	80632.7	144.66	0000014034
1129	0.698964	0.00066725	1.61372	1.37872	26466.6	144.66	0000000035
1130	0.699632	0.000667888	1.18339	1.37872	59159.7	144.68	0000001645
1131	0.7003	0.000668526	1.52681	1.37872	33133.1	144.68	0000000033
1132	0.700969	0.000669165	1.06466	1.37891	81683.2	144.77	0000006896
1133	0.701639	0.000669804	1.56565	1.37891	30660.7	144.77	0000000033
1134	0.70231	0.000670444	1.17523	1.37891	59087.2	144.79	0000001677
1135	0.702981	0.000671085	1.36649	1.37891	31599.7	144.79	0000000018
1136	0.703652	0.000671726	1.30306	1.37878	91048.8	145.39	0000032768
1137	0.704325	0.000672368	1.41069	1.32257	29830.5	145.43	0000000018
1138	0.704998	0.00067301	1.1645	1.32257	60597.7	145.44	0000001670
1139	0.705671	0.000673654	1.46071	1.32257	29708.5	145.45	0000000020
1140	0.706346	0.000674297	1.0641	1.35596	81518.7	145.53	0000006941
1141	0.707021	0.000674942	1.40163	1.35596	27050.5	145.54	0000000015
1142	0.707696	0.000675587	1.17975	1.35596	59868.9	145.55	0000001672
1143	0.708372	0.000676232	1.34052	1.35596	23454.5	145.56	0000000011
1144	0.709049	0.000676878	1.21042	1.35632	80514.7	145.69	0000014099
1145	0.709727	0.000677525	1.23911	1.35632	16493.3	145.69	0000000013
1146	0.710405	0.000678172	1.1798	1.35632	59588.8	145.71	0000001664
1147	0.711084	0.00067882	1.51621	1.35632	25154.2	145.71	0000000019
1148	0.711763	0.000679469	1.06684	1.37903	81394.3	145.80	0000006955
1149	0.712443	0.000680118	1.62747	1.37903	27013.4	145.80	0000000026
1150	0.713124	0.000680768	1.18459	1.37903	59393.4	145.82	0000001664
1151	0.713806	0.000681419	1.62155	1.37903	26177.4	145.83	0000000025
1152	0.714488	0.00068207	1.30079	1.37891	91006.7	146.42	0000032768
1153	0.71517	0.000682722	1.41883	1.37872	23209.8	146.46	0000000026
1154	0.715854	0.000683374	1.17283	1.37872	60592.9	146.48	0000001682
1155	0.716538	0.000684027	1.67268	1.37872	26496	146.48	0000000031
1156	0.717223	0.000684681	1.06518	1.37872	80938.8	146.57	0000006986
1157	0.717908	0.000685335	1.71443	1.37872	27241.4	146.57	0000000037
1158	0.718594	0.00068599	1.18423	1.37872	59432.2	146.59	0000001685
1159	0.71928	0.000686645	1.67467	1.37872	28518.9	146.59	0000000032
1160	0.719968	0.000687301	1.23778	1.40961	79240.2	146.73	0000014167
1161	0.720656	0.000687958	1.66444	1.40961	30969.4	146.74	0000000035
1162	0.721344	0.000688615	1.16965	1.40961	59191.5	146.76	0000001686
1163	0.722034	0.000689273	1.57305	1.40961	28054.1	146.76	0000000025
1164	0.722724	0.000689932	1.06988	1.37848	79356.8	146.85	0000007047
1165	0.723414	0.000690591	1.26878	1.37848	18808.6	146.85	0000000011
1166	0.724105	0.000691251	1.18086	1.37848	58105.9	146.87	0000001654
1167	0.724797	0.000691912	1.17724	1.37848	18613.8	146.87	0000000006
1168	0.72549	0.000692573	1.29903	1.3783	89437.8	147.47	0000032768
1169	0.726183	0.000693235	1.25772	1.32294	16533.6	147.52	0000000006
1170	0.726877	0.000693897	1.17723	1.32294	59372.4	147.53	0000001664
1171	0.727572	0.00069456	1.46883	1.32294	17094	147.54	0000000011
1172	0.728267	0.000695224	1.06054	1.33606	80678.7	147.62	0000007093
1173	0.728963	0.000695888	1.57723	1.33606	18667.7	147.63	0000000015
1174	0.729659	0.000696553	1.18155	1.33606	59101.1	147.64	0000001676
1175	0.730356	0.000697219	1.56799	1.33606	24524.2	147.65	0000000019
1176	0.731054	0.000697885	1.21556	1.37805	79899.8	147.78	0000014184
1177	0.731753	0.000698552	1.42317	1.37805	21724.4	147.79	0000000017
1178	0.732452	0.000699219	1.19561	1.37805	58307.5	147.80	0000001668
1179	0.733152	0.000699887	1.58457	1.37805	24294.2	147.81	0000000020
1180	0.733853	0.000700556	1.08683	1.40894	79232.7	147.90	0000007136
1181	0.734554	0.000701225	1.57788	1.40894	26568.8	147.90	0000000022
1182	0.735256	0.000701896	1.20432	1.40894	58187.5	147.92	0000001666
1183	0.735958	0.000702566	1.43997	1.40894	22953.8	147.92	0000000013
1184	0.736661	0.000703238	1.30117	1.3783	90783.2	148.51	0000032768
1185	0.737365	0.00070391	1.50686	1.35547	18005.6	148.55	0000000012
1186	0.73807	0.000704582	1.19444	1.35547	58932.4	148.57	0000001686
1187	0.738775	0.000705255	1.22754	1.35547	17271.8	148.57	0000000006
1188	0.739481	0.000705929	1.06444	1.35541	80241.6	148.66	0000007256
1189	0.740188	0.000706604	1.15545	1.35541	4283.46	148.66	0000000001
1190	0.740895	0.000707279	1.20894	1.35541	57627.6	148.68	0000001688
1191	0.741603	0.000707955	1.0513	1.35541	8665.29	148.69	0000000002
1192	0.742312	0.000708631	1.21428	1.3786	79023.6	148.82	0000014280
1193	0.743731	0.00141929	1.20952	1.3786	56606.9	148.84	0000001696
1194	0.744442	0.000710665	1.05504	1.3786	7882.83	148.84	0000000002
1195	0.745153	0.000711344	1.08401	1.40936	78548	148.94	0000007286
1196	0.745865	0.000712023	1.09134	1.40936	14796.9	148.94	0000000004
1197	0.746578	0.000712704	1.19967	1.40936	56926.6	148.96	0000001679
1198	0.747291	0.000713385	1.25216	1.40936	18887.4	148.96	0000000007
1199	0.748005	0.000714066	1.30095	1.37823	88688.1	149.56	0000032768
1200	0.74872	0.000714749	1.2629	1.37823	18512.2	149.60	0000000007
1201	0.749435	0.000715432	1.1931	1.37823	57543.8	149.62	0000001669
1202	0.750151	0.000716115	1.36952	1.37823	21231.4	149.63	0000000010
1203	0.750868	0.0007168	1.06195	1.37811	78776.8	149.72	0000007288
1204	0.751586	0.000717485	1.26045	1.37811	18811.8	149.72	0000000007
1205	0.752304	0.00071817	1.2048	1.37811	55712.5	149.74	0000001638
1206	0.753023	0.000718856	1.2737	1.37811	18285.1	149.74	0000000007
1207	0.753742	0.000719543	1.20858	1.37793	78839.3	149.88	0000014325
1208	0.754463	0.000720231	1.03308	1.37793	12227.7	149.88	0000000003
1209	0.755183	0.000720919	1.19884	1.37793	56112.4	149.90	0000001610
1210	0.755905	0.000721608	1.06011	1.37793	6857.96	149.90	0000000002
1211	0.756627	0.000722297	1.06044	1.37793	79144.4	149.99	0000007297
1212	0.75735	0.000722988	1.07261	1.37793	8497.84	150.00	0000000002
1213	0.758074	0.000723679	1.20957	1.37793	55254.2	150.01	0000001575
1214	0.758798	0.00072437	1.18683	1.37793	15742	150.02	0000000005
1215	0.759523	0.000725062	1.31783	1.40881	88545.4	150.62	0000032768
1216	0.760249	0.000725755	1.13438	1.37799	13826.4	150.66	0000000004
1217	0.760976	0.000726448	1.2148	1.37799	55491.6	150.68	0000001541
1218	0.761703	0.000727143	1.34301	1.37799	11243.3	150.68	0000000005
1219	0.762431	0.000727837	1.07023	1.40875	79178.9	150.77	0000007338
1220	0.763159	0.000728533	1.1502	1.40875	16468	150.78	0000000005
1221	0.763888	0.000729229	1.22048	1.40875	55097.9	150.79	0000001538
1222	0.764618	0.000729926	1.25829	1.40875	13888.9	150.80	0000000009
1223	0.765349	0.000730623	1.2265	1.40863	78714.2	150.93	0000014380
1224	0.76608	0.000731321	1.35546	1.40863	22820.5	150.94	0000000011
1225	0.766812	0.00073202	1.23093	1.40863	54336.5	150.95	0000001553
1226	0.767545	0.00073272	1.3145	1.40863	20828.8	150.96	0000000010
1227	0.768278	0.00073342	1.06847	1.40881	79069.1	151.05	0000007311
1228	0.769013	0.000734121	1.33205	1.40881	19391.8	151.05	0000000009
1229	0.769747	0.000734822	1.23687	1.40881	54491.3	151.07	0000001529
1230	0.770483	0.000735524	1.11046	1.40881	16993.4	151.08	0000000005
1231	0.771219	0.000736227	1.31802	1.40857	88204.6	151.68	0000032768
1232	0.771956	0.000736931	1.15142	1.40839	16149.3	151.72	0000000005
1233	0.772694	0.000737635	1.23702	1.40839	54536.6	151.74	0000001537
1234	0.773432	0.00073834	1.35338	1.40839	21276.9	151.74	0000000010
1235	0.774171	0.000739045	1.0638	1.40863	78494.2	151.83	0000007297
1236	0.774911	0.000739751	1.56568	1.40863	25797.4	151.83	0000000021
1237	0.775651	0.000740458	1.23949	1.40863	53738.7	151.85	0000001523
1238	0.776392	0.000741166	1.61421	1.40863	25606.9	151.86	0000000024
1239	0.777134	0.000741874	1.23004	1.45013	77402.6	152.00	0000014383
1240	0.777877	0.000742583	1.49093	1.45013	21797.6	152.00	0000000023
1241	0.77862	0.000743292	1.25068	1.45013	53559.3	152.02	0000001559
1242	0.779364	0.000744003	1.57255	1.45013	25009.3	152.02	0000000021
1243	0.780109	0.000744714	1.06541	1.47571	77649	152.12	0000007290
1244	0.780854	0.000745425	1.56459	1.47571	26381.7	152.12	0000000022
1245	0.7816	0.000746138	1.25508	1.47571	53040.5	152.14	0000001543
1246	0.782347	0.00074685	1.53322	1.47571	25726.1	152.14	0000000020
1247	0.783095	0.000747564	1.36158	1.47552	85548.6	152.75	0000032768
1248	0.783843	0.000748278	1.55878	1.47528	20391.7	152.79	0000000017
1249	0.784592	0.000748993	1.26791	1.47528	52609.3	152.81	0000001533
1250	0.785342	0.000749709	1.34528	1.47528	20214.2	152.82	0000000015
1251	0.786092	0.000750426	1.06535	1.47522	77180.8	152.91	0000007312
1252	0.786843	0.000751143	1.26946	1.47522	22164.4	152.91	0000000009
1253	0.787595	0.00075186	1.2759	1.47522	51883.7	152.93	0000001535
1254	0.788348	0.000752579	1.09304	1.47522	12038.5	152.93	0000000003
1255	0.789101	0.000753298	1.23331	1.47546	76642.7	153.08	0000014419
1256	0.789855	0.000754018	1.20559	1.47546	7946.6	153.08	0000000002
1257	0.79061	0.000754738	1.2973	1.47546	50580.2	153.10	0000001516
1258	0.791365	0.000755459	1.08547	1.47546	12110.3	153.10	0000000003
1259	0.792122	0.000756181	1.06823	1.47522	77126.6	153.20	0000007347
1260	0.792878	0.000756904	1.09633	1.47522	12027.2	153.20	0000000003
1261	0.793636	0.000757627	1.29252	1.47522	50420.7	153.22	0000001496
1262	0.794394	0.000758351	1.00965	1.47522	10587.3	153.22	0000000004
1263	0.795154	0.000759076	1.39144	1.50995	84269.5	153.83	0000032768
1264	0.795913	0.000759801	1.01901	1.4494	15767.2	153.87	0000000004
1265	0.796674	0.000760527	1.27731	1.4494	52137.7	153.89	0000001504
1266	0.797435	0.000761254	1.02227	1.4494	19349.7	153.90	0000000005
1267	0.798197	0.000761981	1.06959	1.47479	76699.9	153.99	0000007362
1268	0.79896	0.000762709	1.00191	1.47479	19856.2	153.99	0000000005
1269	0.799723	0.000763438	1.27078	1.47479	51761.5	154.01	0000001534
1270	0.800487	0.000764168	1.28035	1.47479	3938.03	154.03	0000000001
1271	0.801252	0.000764898	1.22693	1.4491	79567.9	154.17	0000014451
1272	0.802018	0.000765629	1.08569	1.4491	15873.3	154.18	0000000004
1273	0.802784	0.00076636	1.26505	1.4491	52475.7	154.19	0000001519
1274	0.803551	0.000767092	1.25308	1.4491	23412.3	154.20	0000000010
1275	0.804319	0.000767825	1.06356	1.44904	78805.3	154.29	0000007336
1276	0.805088	0.000768559	1.44604	1.44904	25918.6	154.29	0000000016
1277	0.805857	0.000769294	1.27322	1.44904	53201.7	154.31	0000001508
1278	0.806627	0.000770029	1.4104	1.44904	23675.7	154.31	0000000013
1279	0.807398	0.000770764	1.36035	1.47443	87924.5	154.90	0000032768
1280	0.808169	0.000771501	1.46969	1.47449	25119.4	154.95	0000000016
1281	0.808942	0.000772238	1.27352	1.47449	53260.9	154.96	0000001525
1282	0.809715	0.000772976	1.54911	1.47449	25884.5	154.97	0000000020
1283	0.810488	0.000773715	1.06658	1.47455	78761	155.06	0000007391
1284	0.811263	0.000774454	1.5111	1.47455	24356.4	155.06	0000000024
1285	0.812038	0.000775194	1.28318	1.47455	52331.3	155.08	0000001510
1286	0.812814	0.000775935	1.50582	1.47455	24684.5	155.08	0000000019
1287	0.813591	0.000776676	1.25368	1.5094	77005.5	155.23	0000014465
1288	0.814368	0.000777418	1.54069	1.5094	26094.6	155.23	0000000020
1289	0.815146	0.000778161	1.26343	1.5094	52561	155.25	0000001523
1290	0.815925	0.000778905	1.42149	1.5094	23868.3	155.25	0000000014
1291	0.816705	0.000779649	1.06493	1.47443	78563.2	155.34	0000007441
1292	0.817485	0.000780394	1.40576	1.47443	23618.8	155.35	0000000013
1293	0.818266	0.00078114	1.26107	1.47443	52577.9	155.37	0000001521
1294	0.819048	0.000781886	1.01708	1.47443	12557	155.37	0000000003
1295	0.819831	0.000782633	1.35879	1.47406	87801	155.96	0000032768
1296	0.820614	0.000783381	1.20188	1.47406	7858.79	156.01	0000000002
1297	0.821398	0.00078413	1.27757	1.47406	51711.4	156.03	0000001522
1298	0.822183	0.000784879	1.30791	1.47406	3947.08	156.03	0000000001
1299	0.822969	0.000785629	1.05925	1.47418	77437.5	156.13	0000007431
1300	0.824542	0.00157351	1.27208	1.47418	50422.9	156.15	0000001542
1301	0.826119	0.00157652	1.23	1.474	76841.8	156.29	0000014436
1302	0.826908	0.000789389	1.22524	1.474	4088.91	156.29	0000000001
1303	0.827698	0.000790144	1.2681	1.474	49895.3	156.31	0000001553
1304	0.828489	0.000790899	1.00948	1.474	16417.5	156.31	0000000004
1305	0.829281	0.000791655	1.07423	1.50903	76287.3	156.41	0000007473
1306	0.830073	0.000792411	1.17342	1.50903	18273.2	156.41	0000000006
1307	0.830866	0.000793168	1.26209	1.50903	50628.4	156.43	0000001577
1308	0.83166	0.000793926	1.26943	1.50903	19579.1	156.43	0000000009
1309	0.832455	0.000794685	1.38809	1.50903	84761.2	157.04	0000032768
1310	0.83325	0.000795444	1.26338	1.50909	20384	157.08	0000000008
1311	0.834047	0.000796204	1.26428	1.50909	51306	157.10	0000001598
1312	0.834844	0.000796965	1.26511	1.50909	25756.9	157.11	0000000010
1313	0.835641	0.000797726	1.07076	1.50897	76432.9	157.20	0000007502
1314	0.83644	0.000798489	1.25812	1.50897	25963.6	157.21	0000000010
1315	0.837239	0.000799252	1.2603	1.50897	50399.3	157.23	0000001628
1316	0.838039	0.000800015	1.35597	1.50897	27542.5	157.23	0000000013
1317	0.83884	0.00080078	1.24937	1.51093	74126.6	157.38	0000014444
1318	0.839641	0.000801545	1.29241	1.51093	26616.5	157.38	0000000011
1319	0.840444	0.000802311	1.27356	1.51093	49584.8	157.40	0000001650
1320	0.841247	0.000803078	1.30864	1.51093	25821.6	157.40	0000000011
1321	0.842051	0.000803845	1.07077	1.51093	76292.7	157.50	0000007470
1322	0.842855	0.000804613	1.05338	1.51093	18859.1	157.50	0000000005
1323	0.843661	0.000805382	1.27035	1.51093	49662.9	157.52	0000001656
1324	0.844467	0.000806152	1.30219	1.51093	4003.04	157.53	0000000001
1325	0.845274	0.000806922	1.39021	1.51099	84471.5	158.13	0000032768
1326	0.84689	0.00161616	1.26014	1.50922	51441.1	158.20	0000001684
1327	0.848509	0.00161925	1.07189	1.50897	75925.3	158.29	0000007509
1328	0.850131	0.00162234	1.27507	1.50897	49966.9	158.31	0000001715
1329	0.850944	0.000812335	1.28277	1.50897	4014.87	158.32	0000000001
1330	0.851757	0.000813111	1.2455	1.51068	75332	158.46	0000014398
1331	0.852571	0.000813888	1.12901	1.51068	16800.6	158.46	0000000005
1332	0.853385	0.000814666	1.28332	1.51068	49006.2	158.49	0000001709
1333	0.854201	0.000815444	1.35803	1.51068	20579.7	158.49	0000000010
1334	0.855017	0.000816223	1.06771	1.51062	75943.1	158.59	0000007488
1335	0.855834	0.000817003	1.45002	1.51062	22541.9	158.59	0000000013
1336	0.856652	0.000817784	1.29842	1.51062	48287.1	158.61	0000001707
1337	0.857471	0.000818565	1.67634	1.51062	19339.8	158.61	0000000023
1338	0.85829	0.000819347	1.38592	1.51062	84580.5	159.22	0000032768
1339	0.85911	0.00082013	1.74565	1.51062	24569.9	159.26	0000000039
1340	0.859931	0.000820914	1.28822	1.51062	49714.1	159.29	0000001723
1341	0.860753	0.000821698	1.76852	1.51062	24826.4	159.29	0000000046
1342	0.861575	0.000822484	1.07149	1.51062	75402.2	159.39	0000007497
1343	0.862398	0.000823269	1.67768	1.51062	22815.6	159.39	0000000062
1344	0.863222	0.000824056	1.2836	1.51062	48580.5	159.41	0000001773
1345	0.864047	0.000824844	1.85557	1.51062	24413.4	159.42	0000000071
1346	0.864873	0.000825632	1.24472	1.51056	74868.1	159.56	0000014406
1347	0.865699	0.000826421	1.85464	1.51056	25727.8	159.57	0000000075
1348	0.866527	0.00082721	1.28426	1.51056	48707	159.59	0000001761
1349	0.867355	0.000828001	1.86515	1.51056	23854.2	159.59	0000000076
1350	0.868183	0.000828792	1.06739	1.51068	74982.8	159.69	0000007451
1351	0.869013	0.000829584	1.85885	1.51068	25806.3	159.70	0000000078
1352	0.869843	0.000830377	1.30007	1.51068	47912.5	159.72	0000001766
1353	0.870674	0.00083117	1.7995	1.51068	23041.9	159.73	0000000074
1354	0.871506	0.000831964	1.38486	1.51056	84281.5	160.34	0000032768
1355	0.872339	0.000832759	1.85306	1.51056	25116.1	160.38	0000000074
1356	0.873173	0.000833555	1.30882	1.51056	48126	160.40	0000001765
1357	0.874007	0.000834351	1.75067	1.51056	23231.9	160.41	0000000080
1358	0.874842	0.000835149	1.06241	1.51056	74948	160.50	0000007436
1359	0.875678	0.000835947	1.8655	1.51056	25934.8	160.51	0000000084
1360	0.876515	0.000836746	1.33413	1.51056	46353.5	160.53	0000001728
1361	0.877352	0.000837545	1.78042	1.51056	22512.4	160.53	0000000094
1362	0.878191	0.000838345	1.24407	1.5105	74980	160.68	0000014421
1363	0.87903	0.000839146	1.87891	1.5105	25675.7	160.69	0000000092
1364	0.87987	0.000839948	1.34613	1.5105	46067.6	160.71	0000001740
1365	0.880711	0.000840751	1.89034	1.5105	23921.6	160.71	0000000094
1366	0.881552	0.000841554	1.06392	1.51056	74918.6	160.81	0000007396
1367	0.882395	0.000842358	1.88537	1.51056	24765.2	160.81	0000000093
1368	0.883238	0.000843163	1.33923	1.51056	46257	160.84	0000001738
1369	0.884082	0.000843969	1.86959	1.51056	24430.4	160.84	0000000080
1370	0.884926	0.000844775	1.38654	1.5105	84446.3	161.45	0000032768
1371	0.885772	0.000845583	1.81112	1.5105	25738.8	161.49	0000000080
1372	0.886618	0.000846391	1.34324	1.5105	47110.3	161.52	0000001749
1373	0.887466	0.000847199	1.85303	1.5105	24313.7	161.52	0000000070
1374	0.888314	0.000848009	1.0632	1.51068	74656.3	161.62	0000007413
1375	0.889162	0.000848819	1.81289	1.51068	25306.9	161.62	0000000056
1376	0.890012	0.00084963	1.36747	1.51068	44315.5	161.64	0000001763
1377	0.890863	0.000850442	1.81463	1.51068	23869.6	161.65	0000000054
1378	0.891714	0.000851255	1.24362	1.51056	73591.2	161.80	0000014404
1379	0.892566	0.000852068	1.81106	1.51056	25459.6	161.80	0000000056
1380	0.893419	0.000852882	1.38618	1.51056	43669.1	161.82	0000001773
1381	0.894272	0.000853697	1.82997	1.51056	23908.3	161.83	0000000062
1382	0.895127	0.000854513	1.06094	1.51062	73340.1	161.93	0000007408
1383	0.895982	0.00085533	1.85791	1.51062	26190.2	161.93	0000000078
1384	0.896838	0.000856147	1.38222	1.51062	43782.5	161.96	0000001775
1385	0.897695	0.000856965	1.89495	1.51062	23570.6	161.96	0000000097
1386	0.898553	0.000857784	1.44184	1.55145	80404.2	162.58	0000032768
1387	0.899412	0.000858603	1.90025	1.51038	24787.3	162.63	0000000124
1388	0.900271	0.000859424	1.38477	1.51038	45176.4	162.66	0000001787
1389	0.901131	0.000860245	1.9229	1.51038	24974.3	162.66	0000000141
1390	0.901993	0.000861067	1.19033	1.55139	66859.7	162.77	0000007398
1391	0.902854	0.00086189	1.92507	1.55139	26172.3	162.77	0000000156
1392	0.903717	0.000862713	1.21657	1.55139	47046.6	162.80	0000001766
1393	0.904581	0.000863538	1.93402	1.55139	24219	162.80	0000000163
1394	0.905445	0.000864363	1.34016	1.55176	69264.1	162.96	0000014400
1395	0.90631	0.000865189	1.92484	1.55176	26612.1	162.96	0000000157
1396	0.907176	0.000866016	1.22246	1.55176	47197.4	162.99	0000001759
1397	0.908043	0.000866843	1.92165	1.55176	24106.5	162.99	0000000139
1398	0.908911	0.000867671	1.19358	1.55194	67406.7	163.10	0000007391
1399	0.909779	0.000868501	1.89619	1.55194	27201.9	163.10	0000000117
1400	0.910649	0.00086933	1.22992	1.55194	47081.3	163.12	0000001771
1401	0.911519	0.000870161	1.87518	1.55194	25066	163.13	0000000088
1402	0.91239	0.000870993	1.44496	1.55225	81119.2	163.74	0000032768
1403	0.913262	0.000871825	1.83811	1.51019	26865.7	163.79	0000000073
1404	0.914134	0.000872658	1.42039	1.51019	43426.7	163.81	0000001792
1405	0.915008	0.000873492	1.82355	1.51019	24651.1	163.82	0000000059
1406	0.915882	0.000874326	1.0547	1.50989	73597.6	163.92	0000007376
1407	0.916757	0.000875162	1.7959	1.50989	26765.2	163.92	0000000054
1408	0.917633	0.000875998	1.43438	1.50989	42426.3	163.95	0000001824
1409	0.91851	0.000876835	1.81786	1.50989	22382.9	163.95	0000000051
1410	0.919388	0.000877673	1.34052	1.55212	70077	164.10	0000014429
1411	0.920266	0.000878512	1.78767	1.55212	26579.7	164.11	0000000052
1412	0.921146	0.000879351	1.23795	1.55212	46222	164.14	0000001829
1413	0.922026	0.000880191	1.79738	1.55212	22962.5	164.14	0000000059
1414	0.922907	0.000881032	1.18216	1.55212	67254.3	164.25	0000007349
1415	0.923789	0.000881874	1.78075	1.55212	23914.7	164.25	0000000066
1416	0.924671	0.000882717	1.25474	1.55212	45256.8	164.27	0000001820
1417	0.925555	0.00088356	1.85238	1.55212	23876.4	164.28	0000000070
1418	0.926439	0.000884405	1.4433	1.55212	81221.4	164.89	0000032768
1419	0.927325	0.00088525	1.83863	1.55219	25404.6	164.94	0000000068
1420	0.928211	0.000886096	1.25401	1.55219	46222.8	164.96	0000001832
1421	0.929098	0.000886942	1.85145	1.55219	25671.1	164.97	0000000075
1422	0.929985	0.00088779	1.18462	1.55237	66237.2	165.07	0000007323
1423	0.930874	0.000888638	1.847	1.55237	26199.9	165.08	0000000074
1424	0.931764	0.000889487	1.26092	1.55237	44748.3	165.10	0000001877
1425	0.932654	0.000890337	1.86249	1.55237	23645.4	165.11	0000000075
1426	0.933545	0.000891188	1.33533	1.55231	69543.9	165.26	0000014418
1427	0.934437	0.00089204	1.86911	1.55231	25144.8	165.27	0000000082
1428	0.93533	0.000892892	1.25753	1.55231	44996.3	165.29	0000001902
1429	0.936224	0.000893745	1.86547	1.55231	23858.8	165.29	0000000080
1430	0.937118	0.000894599	1.18217	1.55243	65739	165.40	0000007289
1431	0.938014	0.000895454	1.85471	1.55243	25249.4	165.40	0000000075
1432	0.93891	0.00089631	1.24651	1.55243	45271	165.43	0000001895
1433	0.939807	0.000897166	1.85021	1.55243	24443.3	165.43	0000000070
1434	0.940705	0.000898023	1.43949	1.55243	81044.1	166.05	0000032768
1435	0.941604	0.000898882	1.83451	1.55249	26086.8	166.09	0000000067
1436	0.942504	0.00089974	1.24806	1.55249	45754.2	166.12	0000001930
1437	0.943405	0.0009006	1.81169	1.55249	24316.6	166.12	0000000054
1438	0.944306	0.000901461	1.17959	1.55267	65864.6	166.23	0000007320
1439	0.945208	0.000902322	1.64915	1.55267	24690.5	166.23	0000000041
1440	0.946111	0.000903184	1.26313	1.55267	44588	166.26	0000001944
1441	0.947016	0.000904047	1.73103	1.55267	24885.5	166.26	0000000037
1442	0.94792	0.000904911	1.333	1.55255	69256.9	166.42	0000014379
1443	0.948826	0.000905776	1.68939	1.55255	25621.4	166.42	0000000032
1444	0.949733	0.000906641	1.26534	1.55255	44419.4	166.44	0000001954
1445	0.95064	0.000907508	1.63273	1.55255	22335.2	166.45	0000000025
1446	0.951549	0.000908375	1.16978	1.55243	65554.5	166.55	0000007213
1447	0.952458	0.000909243	1.70004	1.55243	21906.4	166.56	0000000029
1448	0.953368	0.000910112	1.27126	1.55243	43638.9	166.58	0000001972
1449	0.954279	0.000910981	1.70442	1.55243	21638.7	166.59	0000000030
1450	0.955191	0.000911852	1.4376	1.55255	80904.8	167.20	0000032768
1451	0.956104	0.000912723	1.75814	1.55267	22574.8	167.25	0000000046
1452	0.957017	0.000913595	1.26156	1.55267	43952.6	167.28	0000001974
1453	0.957932	0.000914468	1.85368	1.55267	20892.2	167.28	0000000062
1454	0.958847	0.000915342	1.16661	1.55261	64114.1	167.39	0000007236
1455	0.959763	0.000916217	1.84758	1.55261	21434.4	167.39	0000000061
1456	0.96068	0.000917092	1.2787	1.55261	42020.4	167.42	0000001974
1457	0.961598	0.000917969	1.84707	1.55261	19939.7	167.42	0000000056
1458	0.962517	0.000918846	1.32946	1.55255	67733.6	167.58	0000014366
1459	0.963437	0.000919724	1.80948	1.55255	22424.3	167.58	0000000050
1460	0.964358	0.000920602	1.27567	1.55255	42514.8	167.61	0000001993
1461	0.965279	0.000921482	1.72046	1.55255	20202.2	167.61	0000000029
1462	0.966201	0.000922363	1.15956	1.55249	63516.8	167.72	0000007200
1463	0.967125	0.000923244	1.61003	1.55249	21744.8	167.72	0000000021
1464	0.968049	0.000924126	1.27539	1.55249	41654.5	167.75	0000001981
1465	0.968974	0.000925009	1.40759	1.55249	18030.7	167.75	0000000010
1466	0.9699	0.000925893	1.43452	1.5528	80679.4	168.38	0000032768
1467	0.970826	0.000926778	1.5576	1.5528	15594.7	168.43	0000000013
1468	0.971754	0.000927663	1.27999	1.5528	42853.7	168.46	0000001979
1469	0.972683	0.00092855	1.47162	1.5528	18503.7	168.46	0000000012
1470	0.973612	0.000929437	1.15912	1.55304	64496.3	168.56	0000007184
1471	0.974542	0.000930325	1.39146	1.55304	18481.4	168.57	0000000010
1472	0.975474	0.000931214	1.28975	1.55304	39470.2	168.59	0000001990
1473	0.976406	0.000932104	1.2576	1.55304	14524.5	168.60	0000000006
1474	0.977339	0.000932995	1.32535	1.55322	68480.7	168.75	0000014367
1475	0.978273	0.000933886	1.00119	1.55322	12184.9	168.76	0000000003
1476	0.979207	0.000934779	1.27742	1.55322	41417.1	168.79	0000001984
1477	0.980143	0.000935672	1.41809	1.55322	17689.8	168.79	0000000010
1478	0.98108	0.000936566	1.15541	1.55334	64382.3	168.89	0000007154
1479	0.982017	0.000937461	1.5649	1.55334	20529.1	168.90	0000000018
1480	0.982955	0.000938357	1.27974	1.55334	41568.9	168.92	0000001989
1481	0.983895	0.000939253	1.73296	1.55334	20374.1	168.93	0000000031
1482	0.984835	0.000940151	1.43569	1.55359	80373.1	169.55	0000032768
1483	0.985776	0.000941049	1.80462	1.55377	24039.3	169.59	0000000053
1484	0.986718	0.000941948	1.27263	1.55377	42686.3	169.62	0000001986
1485	0.987661	0.000942848	1.87243	1.55377	22113.3	169.62	0000000076
1486	0.988604	0.000943749	1.15185	1.55408	64308.4	169.73	0000007152
1487	0.989549	0.000944651	1.90847	1.55408	22476.1	169.73	0000000108
1488	0.990495	0.000945554	1.28356	1.55408	41133.7	169.76	0000001972
1489	0.991441	0.000946457	1.93564	1.55408	20616.6	169.77	0000000153
1490	0.992388	0.000947362	1.33529	1.56262	67934.1	169.93	0000014341
1491	0.993337	0.000948267	1.94739	1.56262	22855.5	169.93	0000000197
1492	0.994286	0.000949173	1.28764	1.56262	41181.1	169.96	0000001953
1493	0.995236	0.00095008	1.95919	1.56262	20577.8	169.97	0000000233
1494	0.996187	0.000950988	1.24194	1.59113	61077.4	170.08	0000007122
1495	0.997139	0.000951896	1.95905	1.59113	22346.6	170.09	0000000255
1496	0.998092	0.000952806	1.20886	1.59113	42639.9	170.11	0000001951
1497	0.999045	0.000953716	1.96679	1.59113	19661.5	170.12	0000000276
1498	1	0.000954628	1.4851	1.59137	79491	170.12	0000032768
