step t dt workloadBalance memoryBalance partSecReal cpuWalltime Nf 
0	0.02	0	1.0342	1.01123	106078	0.09	0000032768
0	0.02	0	1.023	1.01123	106003	0.30	0000032768
1	0.020308	0.000307974	1.03387	1.01123	105978	0.47	0000032768
2	0.0206207	0.000312716	1.02948	1.01123	106731	0.64	0000032768
3	0.0209382	0.000317532	1.02371	1.01099	105697	0.81	0000032768
4	0.0212606	0.000322421	1.02755	1.01099	105626	0.98	0000032768
5	0.021588	0.000327386	1.03358	1.01099	106713	1.15	0000032768
6	0.0219205	0.000332428	1.03269	1.01099	105938	1.31	0000032768
7	0.022258	0.000337546	1.03118	1.01074	106276	1.48	0000032768
8	0.0226007	0.000342744	1.02755	1.01074	106733	1.65	0000032768
9	0.0229488	0.000348022	1.03069	1.01074	106516	1.81	0000032768
10	0.0233022	0.000353381	1.03229	1.01074	106074	1.98	0000032768
11	0.023661	0.000358823	1.02975	1.01074	106725	2.15	0000032768
12	0.0240253	0.000364348	1.0356	1.01074	105005	2.31	0000032768
13	0.0243953	0.000369959	1.03105	1.01074	104782	2.48	0000032768
14	0.0247709	0.000375656	1.03184	1.01074	106260	2.65	0000032768
15	0.0251524	0.00038144	1.02217	1.01074	106528	2.82	0000032768
16	0.0255397	0.000387314	1.02029	1.01074	105585	2.98	0000032768
17	0.025933	0.000393278	1.03172	1.01074	105449	3.15	0000032768
18	0.0263323	0.000399334	1.02062	1.01074	106496	3.32	0000032768
19	0.0267378	0.000405483	1.03862	1.01074	104951	3.49	0000032768
20	0.0271495	0.000411727	1.0262	1.01074	105970	3.66	0000032768
21	0.0275676	0.000418067	1.03036	1.01074	105891	3.83	0000032768
22	0.0279921	0.000424505	1.02444	1.0105	106412	3.99	0000032768
23	0.0284231	0.000431042	1.02593	1.0105	106498	4.16	0000032768
24	0.0288608	0.000437679	1.02398	1.01025	106397	4.33	0000032768
25	0.0293052	0.000444419	1.0327	1.01025	105539	4.50	0000032768
26	0.0297565	0.000451262	1.0291	1.01025	106285	4.66	0000032768
27	0.0302147	0.000458211	1.03276	1.01025	105622	4.83	0000032768
28	0.03068	0.000465267	1.02637	1.01025	106706	5.00	0000032768
29	0.0311524	0.000472431	1.02561	1.01025	106908	5.16	0000032768
30	0.0316321	0.000479706	1.03208	1.01025	106725	5.33	0000032768
31	0.0321192	0.000487093	1.04264	1.01025	102953	5.50	0000032768
32	0.0326138	0.000494594	1.02605	1.01025	107034	5.67	0000032768
33	0.033116	0.00050221	1.02383	1.01025	107180	5.84	0000032768
34	0.0336259	0.000509943	1.02893	1.01099	107747	6.00	0000032768
35	0.0341437	0.000517796	1.02924	1.0105	107757	6.17	0000032768
36	0.0346695	0.000525769	1.03193	1.0105	107772	6.33	0000032768
37	0.0352034	0.000533865	1.03499	1.0105	106251	6.49	0000032768
38	0.0357455	0.000542086	1.02382	1.0105	106617	6.65	0000032768
39	0.0362959	0.000550433	1.0283	1.0105	105515	6.82	0000032768
40	0.0368548	0.000558909	1.03266	1.01001	105908	6.98	0000032768
41	0.0374223	0.000567516	1.03206	1.01001	105832	7.15	0000032768
42	0.0379986	0.000576255	1.03176	1.01001	105201	7.31	0000032768
43	0.0385837	0.000585128	1.02655	1.01001	105879	7.48	0000032768
44	0.0391778	0.000594139	1.02231	1.01001	106576	7.64	0000032768
45	0.0397811	0.000603288	1.02487	1.01001	106622	7.80	0000032768
46	0.0403937	0.000612577	1.02172	1.00977	107069	7.96	0000032768
47	0.0410157	0.00062201	1.03305	1.00977	106344	8.12	0000032768
48	0.0416473	0.000631589	1.0282	1.01001	106104	8.29	0000032768
49	0.0422886	0.000641314	1.02493	1.01001	107044	8.45	0000032768
50	0.0429398	0.00065119	1.02643	1.00977	106773	8.61	0000032768
51	0.043601	0.000661217	1.02434	1.01001	107232	8.78	0000032768
52	0.0442724	0.000671399	1.02338	1.01025	107193	8.94	0000032768
53	0.0449542	0.000681738	1.03563	1.0105	104156	9.10	0000032768
54	0.0456464	0.000692235	1.02475	1.0105	106284	9.27	0000032768
55	0.0463493	0.000702895	1.02923	1.0105	106275	9.43	0000032768
56	0.047063	0.000713719	1.03213	1.0105	106206	9.59	0000032768
57	0.0477877	0.000724709	1.02397	1.01025	106488	9.75	0000032768
58	0.0485236	0.000735869	1.02903	1.01025	106138	9.92	0000032768
59	0.0492708	0.0007472	1.0249	1.01025	105894	10.08	0000032768
60	0.0500295	0.000758706	1.02778	1.01025	107238	10.24	0000032768
61	0.0507999	0.000770389	1.02518	1.0105	106605	10.41	0000032768
62	0.0515821	0.000782252	1.02608	1.01025	105754	10.57	0000032768
63	0.0523764	0.000794298	1.02192	1.01025	107017	10.73	0000032768
64	0.053183	0.000806529	1.0233	1.01025	107296	10.90	0000032768
65	0.0540019	0.000818948	1.02627	1.01025	107087	11.06	0000032768
66	0.0548335	0.000831559	1.02567	1.01025	107791	11.22	0000032768
67	0.0556778	0.000844364	1.03002	1.0105	107428	11.38	0000032768
68	0.0565352	0.000857366	1.0213	1.01025	107240	11.54	0000032768
69	0.0574058	0.000870568	1.0257	1.01025	107110	11.70	0000032768
70	0.0582897	0.000883974	1.02028	1.01025	107557	11.87	0000032768
71	0.0591873	0.000897586	1.03151	1.01001	107723	12.03	0000032768
72	0.0600987	0.000911408	1.02256	1.01001	108408	12.19	0000032768
73	0.0610242	0.000925442	1.02258	1.01025	108450	12.35	0000032768
74	0.0619639	0.000939693	1.02697	1.01001	108124	12.51	0000032768
75	0.062918	0.000954163	1.03096	1.01001	106951	12.67	0000032768
76	0.0638869	0.000968856	1.02893	1.01001	107330	12.84	0000032768
77	0.0648707	0.000983775	1.03936	1.01001	105130	13.00	0000032768
78	0.0658696	0.000998924	1.02861	1.00977	106629	13.16	0000032768
79	0.0668839	0.00101431	1.02691	1.00977	107948	13.32	0000032768
80	0.0679138	0.00102992	1.03505	1.00952	107568	13.48	0000032768
81	0.0689596	0.00104578	1.03273	1.01636	107529	13.65	0000032768
82	0.0700215	0.00106189	1.04417	1.01636	106524	13.81	0000032768
83	0.0710997	0.00107824	1.03798	1.01636	107380	13.98	0000032768
84	0.0721946	0.00109484	1.03236	1.02515	108170	14.14	0000032768
85	0.0733063	0.0011117	1.03684	1.01611	106682	14.30	0000032768
86	0.0744351	0.00112882	1.05276	1.01587	105319	14.47	0000032768
87	0.0755813	0.0011462	1.03862	1.01587	106957	14.63	0000032768
88	0.0767451	0.00116385	1.04204	1.02808	107244	14.79	0000032768
89	0.0779269	0.00118178	1.03699	1.02808	107815	14.95	0000032768
90	0.0791269	0.00119997	1.05208	1.02808	106743	15.12	0000032768
91	0.0803453	0.00121845	1.04249	1.02808	107603	15.28	0000032768
92	0.0815826	0.00123721	1.0342	1.02808	108453	15.44	0000032768
93	0.0828388	0.00125627	1.03297	1.02808	109086	15.60	0000032768
94	0.0841144	0.00127561	1.03594	1.02832	107728	15.77	0000032768
95	0.0854097	0.00129525	1.04796	1.02856	106193	15.93	0000032768
96	0.0867249	0.0013152	1.05073	1.02832	106584	16.09	0000032768
97	0.0880603	0.00133545	1.04835	1.02783	106120	16.25	0000032768
98	0.0894164	0.00135601	1.04577	1.02808	107682	16.41	0000032768
99	0.0907932	0.0013769	1.04645	1.02808	107852	16.57	0000032768
100	0.0921913	0.0013981	1.04274	1.03613	108559	16.72	0000032768
101	0.093611	0.00141963	1.06435	1.03613	105664	16.87	0000032768
102	0.0950525	0.00144149	1.05405	1.03613	107195	17.02	0000032768
103	0.0965161	0.00146368	1.06287	1.03613	106048	17.17	0000032768
104	0.0980024	0.00148622	1.04352	1.03589	108645	17.32	0000032768
105	0.0995115	0.00150911	1.02785	1.03174	110241	17.48	0000032768
106	0.101044	0.00153235	1.03942	1.03198	109120	17.65	0000032768
107	0.1026	0.00155594	1.04436	1.04126	108970	17.80	0000032768
108	0.10418	0.0015799	1.04255	1.04126	109121	17.96	0000032768
109	0.105784	0.00160423	1.04164	1.04102	109552	18.12	0000032768
110	0.106595	0.000811356	1.17117	1.03564	4248.67	18.13	0000000001
111	0.107413	0.000817579	1.04594	1.03564	108885	18.29	0000032768
112	0.108237	0.000823849	1.39756	1.03564	6377.23	18.30	0000000002
113	0.109067	0.000830168	1.03747	1.03564	111126	18.45	0000032768
114	0.109903	0.000836536	1.58905	1.03564	8338.89	18.46	0000000003
115	0.110746	0.000842952	1.04125	1.04077	111266	18.61	0000032768
116	0.11117	0.000423897	1.32094	1.04077	6906.46	18.63	0000000002
117	0.111596	0.00042552	1.8071	1.04077	9648.97	18.63	0000000004
118	0.112023	0.000427149	1.43905	1.04077	6773.05	18.63	0000000002
119	0.112452	0.000428784	1.02919	1.03564	111819	18.78	0000032768
120	0.112882	0.000430425	1.25801	1.03809	7495.8	18.80	0000000002
121	0.113314	0.000432072	1.93445	1.03809	8347.11	18.80	0000000004
122	0.113748	0.000433726	1.3863	1.03809	6749.1	18.80	0000000002
123	0.114183	0.000435386	1.04823	1.03784	110716	18.95	0000032768
124	0.11462	0.000437053	1.64695	1.052	10524.8	18.96	0000000004
125	0.115059	0.000438726	1.69725	1.052	10178.5	18.97	0000000004
126	0.115499	0.000440405	1.66735	1.052	10803.1	18.97	0000000004
127	0.115942	0.000442091	1.04243	1.05176	110714	19.12	0000032768
128	0.116385	0.000443783	1.27408	1.05176	7205.44	19.13	0000000002
129	0.116831	0.000445481	1.74002	1.05176	10176.3	19.13	0000000004
130	0.117278	0.000447187	1.418	1.05176	6494.35	19.14	0000000002
131	0.117727	0.000448898	1.04403	1.052	110159	19.28	0000032768
132	0.118178	0.000450616	1.43602	1.05176	6795.88	19.30	0000000002
133	0.11863	0.000452341	1.74179	1.05176	10026.5	19.30	0000000004
134	0.119084	0.000454073	1.44338	1.05176	6441.47	19.30	0000000002
135	0.11954	0.000455811	1.03607	1.052	110825	19.46	0000032768
136	0.120457	0.000916862	1.88721	1.05225	9303.54	19.47	0000000004
137	0.121381	0.000923894	1.04332	1.05225	110964	19.62	0000032768
138	0.122311	0.000930981	2.04292	1.052	10309.8	19.63	0000000005
139	0.12325	0.000938121	1.04179	1.05225	110537	19.78	0000032768
140	0.124195	0.000945316	1.77887	1.05249	8950.63	19.80	0000000004
141	0.125148	0.000952567	1.04281	1.05249	110457	19.95	0000032768
142	0.126107	0.000959873	2.77006	1.05249	3811.27	19.96	0000000004
143	0.12659	0.000482694	1.4783	1.05249	6499.58	19.96	0000000002
144	0.127075	0.000484541	1.0442	1.05225	110107	20.11	0000032768
145	0.127561	0.000486396	1.35177	1.05249	6848.94	20.13	0000000002
146	0.128049	0.000488258	1.96122	1.05249	10715.1	20.13	0000000005
147	0.128539	0.000490127	1.31326	1.05249	7055.37	20.13	0000000002
148	0.129031	0.000492003	1.04097	1.05249	110547	20.28	0000032768
149	0.129525	0.000493886	1.40067	1.05249	6796.43	20.29	0000000002
150	0.130021	0.000495776	2.17509	1.05249	10430.6	20.30	0000000006
151	0.130519	0.000497674	1.38474	1.05249	6844.81	20.30	0000000002
152	0.131018	0.000499579	1.04149	1.05225	110611	20.45	0000032768
153	0.13152	0.000501491	1.64286	1.05225	8238.32	20.46	0000000003
154	0.132023	0.000503411	2.68614	1.05225	10637.2	20.47	0000000008
155	0.132529	0.000505338	1.78974	1.05225	10230.2	20.47	0000000004
156	0.133036	0.000507272	1.04482	1.05225	110147	20.62	0000032768
157	0.133545	0.000509213	1.505	1.06543	6681.28	20.63	0000000002
158	0.134056	0.000511163	2.7714	1.06543	13116.6	20.63	0000000012
159	0.134569	0.000513119	1.34703	1.06543	3857.19	20.64	0000000001
160	0.135084	0.000515083	1.04357	1.05225	110404	20.79	0000032768
161	0.135601	0.000517055	1.88248	1.06543	9542.17	20.80	0000000004
162	0.13612	0.000519034	2.64388	1.06543	16546.4	20.80	0000000014
163	0.136642	0.00052102	1.77456	1.06543	9827.24	20.81	0000000004
164	0.137165	0.000523015	1.05507	1.06543	108282	20.97	0000032768
165	0.13769	0.000525017	1.87691	1.06519	11270	20.98	0000000005
166	0.138217	0.000527026	3.64273	1.06519	10183.1	20.98	0000000017
167	0.138746	0.000529043	2.1398	1.06519	11727.5	20.99	0000000006
168	0.139277	0.000531068	1.04938	1.06934	110103	21.14	0000032768
169	0.13981	0.000533101	2.07459	1.06934	12719.4	21.16	0000000006
170	0.140345	0.000535142	2.53889	1.06934	18448.4	21.16	0000000015
171	0.140882	0.00053719	2.11536	1.06934	12563.7	21.16	0000000006
172	0.141421	0.000539246	1.04241	1.06934	110290	21.32	0000032768
173	0.141963	0.00054131	1.94498	1.06934	17027.9	21.33	0000000009
174	0.142506	0.000543382	2.56723	1.06934	17475.5	21.33	0000000015
175	0.143052	0.000545462	1.95018	1.06934	18240.5	21.34	0000000010
176	0.143599	0.00054755	1.03381	1.06934	111148	21.49	0000032768
177	0.144149	0.000549646	1.61816	1.06934	17900	21.50	0000000008
178	0.1447	0.00055175	3.09267	1.06934	16201.2	21.50	0000000018
179	0.145254	0.000553862	1.71602	1.06934	17815.8	21.51	0000000008
180	0.14581	0.000555981	1.03796	1.06934	110815	21.66	0000032768
181	0.146368	0.00055811	1.59887	1.06934	17175	21.67	0000000007
182	0.146929	0.000560246	3.02236	1.06934	17809.5	21.68	0000000025
183	0.147491	0.00056239	1.21081	1.06934	18824.4	21.68	0000000006
184	0.148056	0.000564543	1.03199	1.06909	111739	21.83	0000032768
185	0.148622	0.000566704	1.39221	1.06885	13800.3	21.85	0000000005
186	0.149191	0.000568873	3.64485	1.06885	13976.2	21.85	0000000031
187	0.149762	0.00057105	1.6046	1.06885	11721.9	21.85	0000000005
188	0.150335	0.000573236	1.05804	1.07788	107775	22.02	0000032768
189	0.150911	0.00057543	1.89514	1.08203	12173.9	22.03	0000000006
190	0.151489	0.000577633	2.65443	1.08203	23737.9	22.03	0000000038
191	0.152068	0.000579844	1.5093	1.08203	17054.8	22.04	0000000006
192	0.15265	0.000582063	1.05117	1.08228	109169	22.20	0000032768
193	0.153235	0.000584291	2.03782	1.08228	7083.89	22.21	0000000009
194	0.153821	0.000586528	2.59894	1.08228	27418.2	22.22	0000000051
195	0.15441	0.000588773	2.03553	1.08228	25422.7	22.22	0000000016
196	0.155001	0.000591026	1.04302	1.08179	109875	22.39	0000032768
197	0.155594	0.000593288	2.02563	1.08179	25851.1	22.40	0000000016
198	0.15619	0.000595559	2.51701	1.08179	31219.2	22.40	0000000056
199	0.156788	0.000597839	1.72918	1.08179	27850.3	22.41	0000000014
200	0.157388	0.000600127	1.05886	1.08179	108345	22.57	0000032768
201	0.15799	0.000602424	3.06639	1.08179	15348.3	22.58	0000000020
202	0.158595	0.00060473	2.41098	1.08179	32447.7	22.59	0000000066
203	0.159202	0.000607045	2.19562	1.08179	27693.2	22.59	0000000024
204	0.159811	0.000609368	1.0459	1.0813	109272	22.76	0000032768
205	0.160423	0.000611701	1.90583	1.09473	33484.2	22.77	0000000028
206	0.161037	0.000614042	2.6368	1.09473	31051.7	22.77	0000000075
207	0.161654	0.000616393	2.16951	1.09473	29327.9	22.78	0000000025
208	0.162272	0.000618752	1.06288	1.09473	107076	22.95	0000032768
209	0.162893	0.00062112	2.0412	1.09473	33202.2	22.96	0000000031
210	0.163517	0.000623498	2.65624	1.09473	30750.4	22.97	0000000083
211	0.164143	0.000625884	2.02223	1.09473	35115.6	22.97	0000000036
212	0.164771	0.00062828	1.06097	1.09473	108067	23.14	0000032768
213	0.165402	0.000630685	1.75678	1.09473	34034.1	23.15	0000000038
214	0.166035	0.000633099	2.90409	1.09473	26755.8	23.16	0000000100
215	0.16667	0.000635522	1.91603	1.09473	37438.4	23.16	0000000038
216	0.167308	0.000637955	1.05578	1.09473	107221	23.33	0000032768
217	0.167949	0.000640396	1.84816	1.09473	34063.7	23.35	0000000027
218	0.168592	0.000642848	2.54772	1.09473	31422.3	23.35	0000000114
219	0.169237	0.000645308	1.92379	1.09473	34155.3	23.35	0000000029
220	0.169885	0.000647778	1.0535	1.09375	108379	23.53	0000032768
221	0.170535	0.000650258	2.07806	1.09351	31330.3	23.54	0000000031
222	0.171188	0.000652747	2.9036	1.09351	27290.7	23.55	0000000132
223	0.171843	0.000655245	2.15379	1.09351	34167.9	23.55	0000000037
224	0.172501	0.000657753	1.05709	1.0979	108232	23.72	0000032768
225	0.173161	0.000660271	1.84919	1.09766	39631.1	23.73	0000000035
226	0.173824	0.000662798	2.78057	1.09766	28023.7	23.74	0000000156
227	0.174489	0.000665335	1.9438	1.09766	40223.5	23.74	0000000033
228	0.175157	0.000667882	1.05166	1.09839	108328	23.91	0000032768
229	0.175827	0.000670438	2.53703	1.09814	29438.5	23.92	0000000045
230	0.1765	0.000673004	2.42387	1.09814	33282	23.92	0000000176
231	0.177176	0.00067558	2.04847	1.09814	43267.8	23.93	0000000054
232	0.177854	0.000678166	1.06157	1.09741	107450	24.09	0000032768
233	0.178535	0.000680762	2.07315	1.10254	42456.8	24.11	0000000059
234	0.179218	0.000683368	2.81896	1.10254	31840.6	24.11	0000000195
235	0.179904	0.000685983	1.90756	1.10254	46368.1	24.11	0000000055
236	0.180593	0.000688609	1.05075	1.10229	107193	24.29	0000032768
237	0.181284	0.000691245	2.35425	1.11499	37208.2	24.31	0000000055
238	0.181978	0.000693891	2.83195	1.11499	30411.2	24.31	0000000213
239	0.182675	0.000696547	2.39486	1.11499	37659.9	24.31	0000000066
240	0.183374	0.000699213	1.06479	1.11499	107248	24.48	0000032768
241	0.184076	0.000701889	2.33556	1.11475	38918	24.50	0000000067
242	0.18478	0.000704576	2.85188	1.11475	31499.8	24.50	0000000237
243	0.185488	0.000707273	2.19437	1.11475	41392.2	24.51	0000000064
244	0.186197	0.00070998	1.04973	1.11572	108149	24.67	0000032768
245	0.18691	0.000712697	3.10037	1.11548	26230.9	24.69	0000000074
246	0.187626	0.000715425	3.00702	1.11548	29519.1	24.69	0000000277
247	0.188344	0.000718164	2.40441	1.11548	38872.2	24.69	0000000077
248	0.189065	0.000720913	1.0694	1.11499	106098	24.86	0000032768
249	0.189788	0.000723672	2.75798	1.11499	33157	24.87	0000000085
250	0.190515	0.000726442	2.68493	1.11499	34218.7	24.88	0000000316
251	0.191244	0.000729222	2.77007	1.11499	32469.4	24.88	0000000086
252	0.191976	0.000732014	1.07357	1.12695	106372	25.04	0000032768
253	0.192711	0.000734816	2.47665	1.13232	38273.5	25.06	0000000086
254	0.193448	0.000737628	2.61117	1.13232	34818.1	25.06	0000000349
255	0.194189	0.000740451	2.42615	1.13232	34613.6	25.07	0000000098
256	0.194932	0.000743286	1.07242	1.13184	105698	25.23	0000032768
257	0.195678	0.000746131	1.97126	1.12671	49603.9	25.25	0000000102
258	0.196427	0.000748987	2.54848	1.12671	35122	25.25	0000000390
259	0.196803	0.000375568	1.17896	1.12671	4309.3	25.26	0000000001
260	0.197179	0.000376286	2.71781	1.12671	32400.2	25.26	0000000116
261	0.197556	0.000377005	1.51381	1.12671	9570.48	25.26	0000000003
262	0.197934	0.000377726	1.06746	1.125	105737	25.43	0000032768
263	0.198312	0.000378448	1.87596	1.125	11896.2	25.45	0000000005
264	0.198692	0.000379172	1.87735	1.125	53317.8	25.45	0000000129
265	0.199071	0.000379897	2.21863	1.125	11744.6	25.45	0000000006
266	0.199452	0.000380623	2.52038	1.125	36037.4	25.46	0000000437
267	0.199833	0.000381351	1.95035	1.125	13512.5	25.46	0000000006
268	0.200215	0.00038208	1.62112	1.125	60196	25.48	0000000133
269	0.200598	0.000382811	2.11276	1.125	5591.04	25.48	0000000005
270	0.200982	0.000383543	1.08732	1.1416	103277	25.66	0000032768
271	0.201366	0.000384276	1.98499	1.1416	13009.8	25.67	0000000006
272	0.201751	0.000385011	1.59436	1.1416	61128.8	25.67	0000000145
273	0.202137	0.000385747	1.78049	1.1416	12313.6	25.68	0000000005
274	0.202523	0.000386484	2.59054	1.1416	33659	25.68	0000000481
275	0.202911	0.000387223	1.43825	1.1416	9494.87	25.68	0000000003
276	0.203299	0.000387964	1.69568	1.1416	58593.4	25.69	0000000147
277	0.203687	0.000388705	1.34263	1.1416	3042.03	25.69	0000000001
278	0.204077	0.000389449	1.07631	1.14014	104175	25.87	0000032768
279	0.204858	0.000781133	2.62763	1.13989	30498.9	25.88	0000000144
280	0.20525	0.000391687	1.18507	1.13989	4295.98	25.89	0000000001
281	0.205642	0.000392436	2.50607	1.13989	35847.6	25.89	0000000544
282	0.206035	0.000393186	1.22405	1.13989	4037.34	25.89	0000000001
283	0.206429	0.000393938	1.97921	1.13989	46140.8	25.90	0000000160
284	0.206824	0.000394691	1.36295	1.13989	10056.9	25.90	0000000003
285	0.207219	0.000395446	1.06463	1.1272	105554	26.07	0000032768
286	0.207615	0.000396202	1.59374	1.13794	8971.51	26.08	0000000003
287	0.208012	0.000396959	2.03974	1.13794	47273.7	26.09	0000000171
288	0.20841	0.000397718	1.52332	1.13794	9363.76	26.09	0000000003
289	0.208809	0.000398479	2.48856	1.13794	34341.8	26.10	0000000598
290	0.209208	0.000399241	1.24422	1.13794	7699.89	26.10	0000000002
291	0.209608	0.000400004	2.07504	1.13794	47887.2	26.10	0000000189
292	0.210009	0.000400769	1.22906	1.13794	11214.8	26.11	0000000003
293	0.21041	0.000401535	1.07083	1.14233	105380	26.27	0000032768
294	0.210812	0.000402303	1.25496	1.14282	12279.3	26.28	0000000004
295	0.211216	0.000403072	1.93526	1.14282	48386.9	26.29	0000000197
296	0.211619	0.000403843	1.74097	1.14282	14400.7	26.29	0000000008
297	0.212024	0.000404615	2.51934	1.14282	37376.9	26.29	0000000664
298	0.212429	0.000405388	1.53548	1.14282	20448.6	26.30	0000000009
299	0.212836	0.000406163	2.27628	1.14282	40221.9	26.30	0000000206
300	0.213242	0.00040694	1.52446	1.14282	16539.1	26.30	0000000007
301	0.21365	0.000407718	1.072	1.14111	105269	26.47	0000032768
302	0.214059	0.000408498	1.90198	1.14111	16255.9	26.48	0000000008
303	0.214468	0.000409279	2.67273	1.14111	34896	26.49	0000000211
304	0.214878	0.000410061	1.5714	1.14111	19227.8	26.49	0000000008
305	0.215289	0.000410845	2.43226	1.14111	37540.4	26.49	0000000718
306	0.2157	0.000411631	1.73343	1.14111	19741.3	26.50	0000000009
307	0.216113	0.000412418	1.98218	1.14111	51688	26.50	0000000223
308	0.216526	0.000413206	1.98364	1.14111	19032.7	26.50	0000000011
309	0.21694	0.000413996	1.07128	1.13965	105187	26.67	0000032768
310	0.217355	0.000414788	1.92461	1.1394	17432.7	26.68	0000000009
311	0.21777	0.000415581	1.98641	1.1394	45383.2	26.69	0000000233
312	0.218187	0.000416376	1.89729	1.1394	17467.6	26.69	0000000009
313	0.218604	0.000417172	2.43714	1.1394	37018.9	26.69	0000000776
314	0.219022	0.000417969	1.78313	1.1394	13967.5	26.70	0000000006
315	0.219441	0.000418769	1.77134	1.1394	55009.7	26.70	0000000229
316	0.21986	0.000419569	2.14207	1.1394	15337.4	26.70	0000000009
317	0.220281	0.000420371	1.08987	1.15601	103397	26.88	0000032768
318	0.220702	0.000421175	1.90557	1.15625	15453.3	26.89	0000000009
319	0.221124	0.00042198	2.00814	1.15625	47755.2	26.90	0000000241
320	0.221547	0.000422787	1.86481	1.15625	15961.3	26.90	0000000009
321	0.22197	0.000423596	2.43952	1.15625	38166.2	26.90	0000000851
322	0.222395	0.000424406	1.59695	1.15625	18439.6	26.91	0000000010
323	0.22282	0.000425217	1.54906	1.15625	62840.3	26.91	0000000244
324	0.223246	0.00042603	1.8155	1.15625	18880.5	26.91	0000000010
325	0.223673	0.000426845	1.08789	1.15552	103571	27.09	0000032768
326	0.2241	0.000427661	2.00715	1.15552	15851.5	27.11	0000000010
327	0.224529	0.000428478	1.77571	1.15552	54604	27.11	0000000268
328	0.224958	0.000429298	2.85648	1.15552	8743.85	27.11	0000000013
329	0.225388	0.000430118	2.29976	1.15552	38873.9	27.12	0000000948
330	0.225819	0.000430941	2.13457	1.15552	18693.8	27.12	0000000017
331	0.226251	0.000431765	1.90001	1.15552	48832.2	27.13	0000000277
332	0.226684	0.00043259	2.10469	1.15552	17672.8	27.13	0000000013
333	0.227117	0.000433417	1.08444	1.15479	103355	27.30	0000032768
334	0.227551	0.000434246	2.08553	1.15479	18462.6	27.32	0000000014
335	0.227986	0.000435076	1.67985	1.15479	65110.4	27.32	0000000279
336	0.228422	0.000435908	2.09205	1.15479	20513.3	27.33	0000000015
337	0.228859	0.000436742	2.40479	1.15479	37158.5	27.33	0000001043
338	0.229297	0.000437577	1.96152	1.15479	17834.4	27.34	0000000012
339	0.229735	0.000438413	1.72581	1.15479	61054.7	27.34	0000000301
340	0.230174	0.000439252	2.01033	1.15479	18704.2	27.34	0000000013
341	0.230614	0.000440091	1.12952	1.17676	96179.6	27.52	0000032768
342	0.231055	0.000440933	2.15788	1.14697	16123.7	27.53	0000000012
343	0.231497	0.000441776	1.61381	1.14697	64094.2	27.54	0000000313
344	0.23194	0.000442621	1.98041	1.14697	15312.4	27.54	0000000012
345	0.232383	0.000443467	2.00081	1.14697	45357.4	27.55	0000001141
346	0.232827	0.000444315	2.90506	1.14697	10787.5	27.55	0000000013
347	0.233273	0.000445164	1.6537	1.14697	62245.8	27.56	0000000351
348	0.233719	0.000446016	1.97115	1.14697	19776.6	27.56	0000000013
349	0.234165	0.000446868	1.10891	1.17627	96943.6	27.73	0000032768
350	0.234613	0.000447723	1.85488	1.17651	16050.5	27.74	0000000011
351	0.235062	0.000448579	1.42811	1.17651	57167.9	27.75	0000000383
352	0.235511	0.000449436	1.37683	1.17651	18042.7	27.75	0000000007
353	0.235962	0.000450296	2.12486	1.17651	41092.4	27.76	0000001239
354	0.236413	0.000451157	1.51696	1.17651	9625.57	27.76	0000000004
355	0.236865	0.000452019	1.70912	1.17651	59074.3	27.77	0000000379
356	0.237318	0.000452884	2.86965	1.17651	2939.17	27.77	0000000003
357	0.237771	0.00045375	1.12403	1.17798	95198	27.94	0000032768
358	0.238226	0.000454617	1.10804	1.17798	11029.1	27.96	0000000003
359	0.238681	0.000455486	1.70732	1.17798	58033.2	27.96	0000000389
360	0.239138	0.000456357	1.21253	1.17798	10666.7	27.96	0000000003
361	0.239595	0.00045723	1.90106	1.17798	46648.7	27.97	0000001372
362	0.240053	0.000458104	1.428	1.17798	15953	27.97	0000000006
363	0.240512	0.00045898	1.80769	1.17798	53141.9	27.98	0000000414
364	0.240972	0.000459857	1.66045	1.17798	16830.5	27.98	0000000008
365	0.241433	0.000460737	1.11937	1.17822	96087.5	28.16	0000032768
366	0.241894	0.000461618	1.71451	1.17847	15565.5	28.17	0000000010
367	0.242357	0.0004625	1.63855	1.17847	56971.6	28.18	0000000434
368	0.24282	0.000463385	1.8845	1.17847	20779.7	28.18	0000000014
369	0.243284	0.00046427	1.9369	1.17847	45068.1	28.19	0000001498
370	0.24375	0.000465158	1.69038	1.17847	22306.9	28.19	0000000014
371	0.244216	0.000466048	1.77753	1.17847	53459.9	28.20	0000000436
372	0.244683	0.000466939	1.89411	1.17847	20194.1	28.20	0000000014
373	0.24515	0.000467831	1.12201	1.17993	94325.5	28.38	0000032768
374	0.245619	0.000468726	2.00465	1.18823	20772.7	28.40	0000000016
375	0.246089	0.000469622	1.78939	1.18823	58006.5	28.40	0000000426
376	0.246559	0.00047052	2.14535	1.18823	18959.5	28.41	0000000015
377	0.247031	0.00047142	2.2364	1.18823	40589.7	28.41	0000001602
378	0.247503	0.000472321	2.41856	1.18823	13028	28.42	0000000012
379	0.247976	0.000473224	1.74286	1.18823	58759.5	28.42	0000000438
380	0.24845	0.000474129	2.45661	1.18823	14843.2	28.42	0000000014
381	0.248925	0.000475035	1.12204	1.17847	95317.7	28.61	0000032768
382	0.249401	0.000475944	2.65347	1.17847	10182.1	28.62	0000000014
383	0.249878	0.000476854	1.42817	1.17847	69636.4	28.63	0000000462
384	0.250356	0.000477765	2.35125	1.17847	16268.3	28.63	0000000017
385	0.250835	0.000478679	1.84836	1.17847	47812.5	28.64	0000001724
386	0.251314	0.000479594	2.33073	1.17847	15686.8	28.64	0000000016
387	0.251795	0.000480511	1.42978	1.17847	69858.4	28.65	0000000502
388	0.252276	0.00048143	2.42113	1.17847	17146.1	28.65	0000000017
389	0.252759	0.00048235	1.12258	1.17798	96262	28.83	0000032768
390	0.253242	0.000483273	2.19311	1.17822	16851.8	28.84	0000000017
391	0.253726	0.000484197	1.51172	1.17822	62403.8	28.85	0000000520
392	0.254211	0.000485122	1.78593	1.17822	12678.5	28.85	0000000021
393	0.254697	0.00048605	1.78399	1.17822	48068.8	28.86	0000001863
394	0.255184	0.000486979	1.34952	1.17822	13872.7	28.86	0000000019
395	0.255672	0.00048791	1.52991	1.17822	60582.1	28.87	0000000551
396	0.256161	0.000488843	2.3079	1.17822	15699.5	28.87	0000000023
397	0.256651	0.000489778	1.11587	1.17871	94553.9	29.05	0000032768
398	0.257141	0.000490714	2.45878	1.17871	17867.7	29.06	0000000025
399	0.257633	0.000491653	1.49567	1.17871	66995.2	29.07	0000000579
400	0.258126	0.000492593	2.76181	1.17871	17919.3	29.07	0000000026
401	0.258619	0.000493534	1.79457	1.17871	48881.2	29.08	0000001991
402	0.259114	0.000494478	2.48317	1.17871	11443.1	29.08	0000000028
403	0.259609	0.000495424	1.54065	1.17871	60959.3	29.09	0000000598
404	0.260105	0.000496371	2.66887	1.17871	19902.7	29.09	0000000034
405	0.260603	0.00049732	1.12276	1.17822	95026.9	29.27	0000032768
406	0.261101	0.000498271	2.76403	1.17822	15822.6	29.28	0000000038
407	0.2616	0.000499223	1.50535	1.17822	65528.8	29.29	0000000625
408	0.2621	0.000500178	2.58063	1.17822	21269.2	29.29	0000000039
409	0.262602	0.000501134	1.76312	1.17822	50966.1	29.30	0000002102
410	0.263104	0.000502092	2.38685	1.17822	19374.5	29.30	0000000042
411	0.263607	0.000503052	1.56705	1.17798	60318.8	29.32	0000000641
412	0.264111	0.000504014	1.68664	1.17798	15272.1	29.33	0000000038
413	0.264616	0.000504978	1.13317	1.17749	93992.9	29.51	0000032768
414	0.265122	0.000505943	2.29666	1.177	27162.2	29.52	0000000048
415	0.265629	0.000506911	1.47425	1.177	70025	29.53	0000000670
416	0.266136	0.00050788	2.41422	1.177	28117	29.53	0000000052
417	0.266645	0.000508851	1.72611	1.177	52826.6	29.54	0000002244
418	0.267155	0.000509824	2.20885	1.177	31674.6	29.55	0000000058
419	0.267666	0.000510799	1.46105	1.17578	69948.6	29.56	0000000709
420	0.268178	0.000511775	2.09031	1.17578	24461.3	29.57	0000000052
421	0.26869	0.000512754	1.12414	1.17554	95970.7	29.75	0000032768
422	0.269204	0.000513734	2.26437	1.17505	27646.8	29.77	0000000049
423	0.269719	0.000514717	1.37266	1.17505	69760.1	29.77	0000000743
424	0.270235	0.000515701	1.80149	1.17505	25223.1	29.78	0000000060
425	0.270751	0.000516687	1.70844	1.17505	50745.3	29.79	0000002396
426	0.271269	0.000517675	1.99921	1.17505	24323.8	29.79	0000000064
427	0.271788	0.000518664	1.51009	1.17407	66002.7	29.81	0000000768
428	0.272307	0.000519656	1.97921	1.17407	31843.3	29.82	0000000068
429	0.272828	0.00052065	1.1203	1.17334	94917.9	30.00	0000032768
430	0.27335	0.000521645	2.27576	1.17334	31845.2	30.01	0000000071
431	0.273872	0.000522643	1.456	1.17334	70698.7	30.02	0000000796
432	0.274396	0.000523642	2.50641	1.17334	24734.3	30.02	0000000059
433	0.274921	0.000524643	1.69321	1.17456	53760.6	30.04	0000002585
434	0.275446	0.000525646	2.30633	1.17456	26659.4	30.05	0000000055
435	0.275973	0.000526651	1.45402	1.17456	64976.5	30.05	0000000809
436	0.2765	0.000527658	1.873	1.17456	18621.1	30.06	0000000052
437	0.277029	0.000528667	1.11578	1.1748	95529.3	30.24	0000032768
438	0.277559	0.000529678	2.19426	1.17456	19570.8	30.26	0000000045
439	0.27809	0.000530691	1.53816	1.17456	62901	30.26	0000000841
440	0.278621	0.000531705	2.79193	1.17456	20394.3	30.26	0000000039
441	0.279154	0.000532722	1.65461	1.17407	53331.9	30.29	0000002774
442	0.279688	0.00053374	2.75151	1.17407	20140.7	30.29	0000000037
443	0.280222	0.000534761	1.55876	1.17407	65030	30.30	0000000854
444	0.280758	0.000535783	2.33826	1.17407	25501.9	30.30	0000000040
445	0.281295	0.000536808	1.12468	1.17358	95232.9	30.48	0000032768
446	0.281833	0.000537834	2.32723	1.17358	25464.8	30.49	0000000042
447	0.282372	0.000538862	1.61466	1.17358	61178.4	30.50	0000000869
448	0.282912	0.000539893	2.24778	1.17358	26064.9	30.50	0000000043
449	0.283453	0.000540925	1.63758	1.17407	55865	30.53	0000002962
450	0.283995	0.000541959	1.9389	1.17407	30975.5	30.53	0000000042
451	0.284538	0.000542996	1.58411	1.17407	62801	30.53	0000000875
452	0.285082	0.000544034	2.05501	1.17407	29903.1	30.54	0000000043
453	0.285627	0.000545074	1.1196	1.17432	94021.1	30.72	0000032768
454	0.286173	0.000546116	2.05253	1.18799	18463.7	30.73	0000000039
455	0.28672	0.00054716	1.63556	1.18799	57406.9	30.74	0000000901
456	0.287268	0.000548206	2.11305	1.18799	28757	30.74	0000000040
457	0.287817	0.000549255	1.63277	1.17285	54314.4	30.77	0000003166
458	0.288368	0.000550305	2.09982	1.17285	24894.4	30.77	0000000048
459	0.288919	0.000551357	1.6143	1.17285	61720.1	30.78	0000000931
460	0.289471	0.000552411	2.51116	1.17285	25172.4	30.78	0000000041
461	0.290025	0.000553467	1.1271	1.18604	94858.4	30.96	0000032768
462	0.290579	0.000554526	2.05711	1.18628	26872.5	30.97	0000000046
463	0.291135	0.000555586	1.63678	1.18628	57888	30.98	0000000952
464	0.291692	0.000556648	1.94548	1.18628	23583.4	30.98	0000000059
465	0.292249	0.000557712	1.58569	1.17261	55908.9	31.01	0000003353
466	0.292808	0.000558779	1.95488	1.17261	25758	31.01	0000000051
467	0.293368	0.000559847	1.7187	1.17261	54873.3	31.02	0000000966
468	0.293929	0.000560918	1.78953	1.17261	28621.1	31.02	0000000052
469	0.294491	0.00056199	1.11837	1.17163	95296.6	31.20	0000032768
470	0.295054	0.000563065	2.03041	1.18481	34309.5	31.22	0000000055
471	0.295618	0.000564141	1.67646	1.18481	60321.6	31.22	0000001040
472	0.296183	0.00056522	1.95476	1.18481	33199.2	31.23	0000000047
473	0.29675	0.0005663	1.6396	1.18555	54998.7	31.25	0000003526
474	0.297317	0.000567383	1.829	1.18555	28115.5	31.25	0000000050
475	0.297885	0.000568468	1.70172	1.18555	56950	31.26	0000001089
476	0.298455	0.000569555	1.54004	1.18555	19180.5	31.26	0000000047
477	0.299026	0.000570644	1.13171	1.18506	94925.1	31.45	0000032768
478	0.299597	0.000571735	1.67208	1.17139	17420.1	31.47	0000000041
479	0.30017	0.000572828	1.6643	1.17139	57632.6	31.47	0000001152
480	0.300744	0.000573923	1.53095	1.17139	21784.5	31.48	0000000045
481	0.301319	0.000575021	1.57783	1.17065	56047.1	31.51	0000003731
482	0.301895	0.00057612	1.70464	1.17065	35733.3	31.51	0000000044
483	0.302473	0.000577222	1.64279	1.17065	58475.4	31.51	0000001208
484	0.303051	0.000578325	1.86688	1.17065	23864	31.52	0000000041
485	0.30363	0.000579431	1.12719	1.18481	95568	31.70	0000032768
486	0.304211	0.000580539	2.03724	1.18457	32002.2	31.72	0000000048
487	0.304792	0.000581649	1.65018	1.18457	60464.2	31.72	0000001222
488	0.305375	0.000582761	2.16891	1.18457	30525.4	31.73	0000000056
489	0.305959	0.000583875	1.62285	1.17017	56267.2	31.75	0000003932
490	0.306544	0.000584992	2.14011	1.17017	27677	31.76	0000000060
491	0.30713	0.00058611	1.57834	1.17017	59022.3	31.76	0000001252
492	0.307717	0.000587231	1.73482	1.17017	27986.4	31.77	0000000058
493	0.308306	0.000588354	1.11442	1.16968	95334.3	31.95	0000032768
494	0.308895	0.000589479	2.24652	1.16992	26660.7	31.97	0000000053
495	0.309486	0.000590606	1.72406	1.16992	57193	31.97	0000001288
496	0.310078	0.000591735	2.26612	1.16992	27196.6	31.98	0000000049
497	0.31067	0.000592866	1.34631	1.1709	68018.9	32.00	0000004145
498	0.311264	0.000594	2.18398	1.1709	28648.3	32.01	0000000051
499	0.31186	0.000595135	1.56401	1.1709	62244.1	32.01	0000001319
500	0.312456	0.000596273	2.05257	1.1709	32289.7	32.01	0000000054
501	0.313053	0.000597413	1.12943	1.16992	94521.8	32.20	0000032768
502	0.313652	0.000598556	1.98326	1.17041	29622.6	32.22	0000000063
503	0.314252	0.0005997	1.57722	1.17041	60038.7	32.23	0000001333
504	0.314852	0.000600847	2.15974	1.17041	28046.8	32.23	0000000062
505	0.315454	0.000601996	1.34142	1.16943	67305.5	32.26	0000004375
506	0.316058	0.000603147	2.29181	1.16943	27229.9	32.26	0000000073
507	0.316662	0.0006043	1.56269	1.16943	60639.1	32.27	0000001342
508	0.317267	0.000605455	2.3717	1.16943	31029.1	32.27	0000000080
509	0.317874	0.000606613	1.15035	1.16943	91527.5	32.45	0000032768
510	0.318482	0.000607773	2.246	1.16846	31303.2	32.46	0000000078
511	0.319091	0.000608935	1.58432	1.16846	59412.1	32.47	0000001355
512	0.319701	0.000610099	2.08693	1.16846	33232.4	32.47	0000000084
513	0.320312	0.000611266	1.30207	1.16724	67775.4	32.50	0000004584
514	0.320924	0.000612434	2.07199	1.16724	34352.8	32.50	0000000080
515	0.321538	0.000613605	1.55055	1.16724	61144.5	32.51	0000001405
516	0.322153	0.000614778	1.70796	1.16724	28722.5	32.51	0000000083
517	0.322769	0.000615954	1.125	1.16846	94211.3	32.70	0000032768
518	0.323386	0.000617132	1.85534	1.16821	28982.5	32.71	0000000092
519	0.324004	0.000618312	1.53724	1.16821	58803.1	32.72	0000001466
520	0.324624	0.000619494	1.83979	1.16821	35101.1	32.72	0000000089
521	0.325244	0.000620678	1.33714	1.16821	68794.2	32.75	0000004825
522	0.325866	0.000621865	1.98872	1.16821	35974.6	32.75	0000000096
523	0.326489	0.000623054	1.51925	1.16821	63262.5	32.76	0000001526
524	0.327114	0.000624245	2.13825	1.16821	33240.8	32.76	0000000096
525	0.327739	0.000625439	1.1601	1.1665	92100.2	32.95	0000032768
526	0.328366	0.000626635	2.07396	1.16602	26886.3	32.96	0000000093
527	0.328993	0.000627833	1.55169	1.16602	62223.4	32.97	0000001601
528	0.329622	0.000629033	1.8129	1.16602	29525.9	32.98	0000000106
529	0.330253	0.000630236	1.27946	1.20825	69676.6	33.00	0000005038
530	0.330884	0.000631441	2.16897	1.20825	31959	33.01	0000000111
531	0.331517	0.000632648	1.46464	1.20825	62691.2	33.01	0000001651
532	0.332151	0.000633858	1.77272	1.20825	31244.9	33.02	0000000119
533	0.332786	0.00063507	1.16713	1.19434	90929.8	33.20	0000032768
534	0.333422	0.000636284	2.04321	1.20557	34259.9	33.22	0000000130
535	0.33406	0.000637501	1.40255	1.20557	68478.4	33.22	0000001682
536	0.334698	0.000638719	2.37122	1.20557	30212.7	33.23	0000000133
537	0.335338	0.000639941	1.32615	1.20532	68605	33.26	0000005247
538	0.335979	0.000641164	2.0968	1.20532	35961.2	33.26	0000000144
539	0.336622	0.00064239	1.38439	1.20532	69885.4	33.27	0000001751
540	0.337265	0.000643618	2.0849	1.20532	37504.5	33.27	0000000158
541	0.33791	0.000644849	1.13176	1.17139	94096.7	33.45	0000032768
542	0.338556	0.000646082	2.23362	1.17139	34985.7	33.47	0000000155
543	0.339204	0.000647317	1.43849	1.17139	66861.4	33.48	0000001816
544	0.339852	0.000648555	2.44252	1.17139	28203.4	33.48	0000000169
545	0.340502	0.000649795	1.33108	1.20557	67645.3	33.51	0000005485
546	0.341153	0.000651037	2.20514	1.20557	35989.3	33.51	0000000172
547	0.341805	0.000652282	1.40697	1.20557	69044.4	33.52	0000001878
548	0.342459	0.000653529	2.29719	1.20557	35702.2	33.52	0000000160
549	0.343114	0.000654779	1.19235	1.23169	89547.8	33.71	0000032768
550	0.34377	0.000656031	1.82446	1.20654	33338.8	33.73	0000000158
551	0.344427	0.000657285	1.37971	1.20654	67345.4	33.74	0000001908
552	0.345085	0.000658542	1.97427	1.20654	33490.2	33.74	0000000169
553	0.345745	0.000659801	1.30577	1.20605	68780.3	33.77	0000005717
554	0.346406	0.000661062	2.04728	1.20605	34485.3	33.78	0000000157
555	0.347069	0.000662326	1.41066	1.20605	66958.2	33.78	0000001938
556	0.347732	0.000663593	2.08604	1.20605	38130.3	33.79	0000000166
557	0.348397	0.000664862	1.1746	1.20703	90760.8	33.97	0000032768
558	0.349063	0.000666133	2.12345	1.23291	38150.3	33.99	0000000168
559	0.349731	0.000667406	1.42166	1.23291	68132.2	33.99	0000001975
560	0.350399	0.000668682	2.00416	1.23291	38923.4	34.00	0000000159
561	0.351069	0.000669961	1.28954	1.2334	69830.5	34.03	0000005949
562	0.35174	0.000671242	1.79828	1.2334	34804.5	34.03	0000000164
563	0.352413	0.000672525	1.36968	1.2334	67360	34.04	0000002061
564	0.353087	0.000673811	1.89034	1.2334	34678.4	34.04	0000000162
565	0.353762	0.0006751	1.19586	1.23389	89225.5	34.23	0000032768
566	0.354438	0.00067639	2.00137	1.2334	42214.8	34.25	0000000155
567	0.355116	0.000677684	1.34458	1.2334	71893.4	34.26	0000002120
568	0.355795	0.000678979	2.06911	1.2334	39881.1	34.26	0000000166
569	0.356475	0.000680278	1.28679	1.23315	71449.4	34.29	0000006182
570	0.357157	0.000681578	1.98861	1.23315	43282	34.30	0000000189
571	0.35784	0.000682881	1.32401	1.23315	71884.5	34.30	0000002135
572	0.358524	0.000684187	1.83129	1.23315	35292.8	34.31	0000000188
573	0.359209	0.000685495	1.19679	1.23218	90133.4	34.50	0000032768
574	0.359896	0.000686806	2.0643	1.23193	38871.8	34.52	0000000188
575	0.360584	0.000688119	1.32308	1.23193	70434.8	34.52	0000002156
576	0.361274	0.000689435	2.03149	1.23193	41577.6	34.53	0000000179
577	0.361965	0.000690753	1.27621	1.23242	72058.3	34.56	0000006367
578	0.362657	0.000692074	2.00529	1.23242	43951	34.56	0000000186
579	0.36335	0.000693397	1.32356	1.23242	71465	34.57	0000002193
580	0.364045	0.000694723	1.95051	1.23242	43271.4	34.57	0000000184
581	0.364741	0.000696051	1.19769	1.23145	89695.9	34.77	0000032768
582	0.365438	0.000697382	2.06063	1.23193	41448.3	34.78	0000000190
583	0.366137	0.000698715	1.35458	1.23193	69641.2	34.79	0000002240
584	0.366837	0.000700051	2.10935	1.23193	38659.2	34.79	0000000195
585	0.367538	0.00070139	1.30149	1.2312	69643.5	34.82	0000006558
586	0.368241	0.000702731	1.98693	1.2312	41373.4	34.83	0000000211
587	0.368945	0.000704074	1.34087	1.2312	69260.7	34.84	0000002255
588	0.369651	0.00070542	1.87421	1.2312	34642.9	34.84	0000000218
589	0.370357	0.000706769	1.19602	1.23267	89923.1	35.04	0000032768
590	0.371065	0.000708121	2.17928	1.23291	34875.7	35.05	0000000226
591	0.371775	0.000709474	1.32026	1.23291	71480.8	35.06	0000002308
592	0.372486	0.000710831	1.9881	1.23291	42830	35.07	0000000224
593	0.373198	0.00071219	1.28873	1.20654	71434.9	35.09	0000006780
594	0.373911	0.000713552	2.00783	1.20654	41962.4	35.10	0000000231
595	0.374626	0.000714916	1.34493	1.20654	70743.2	35.11	0000002326
596	0.375343	0.000716283	2.01409	1.20654	40179.5	35.11	0000000234
597	0.37606	0.000717653	1.19294	1.23291	88683.1	35.30	0000032768
598	0.376779	0.000719025	1.96156	1.23291	43261	35.32	0000000239
599	0.3775	0.000720399	1.32028	1.23291	71139.8	35.33	0000002411
600	0.378222	0.000721777	1.97325	1.23291	42778.7	35.33	0000000253
601	0.378945	0.000723157	1.2762	1.23291	72373.3	35.36	0000006997
602	0.379669	0.00072454	2.02321	1.23291	42095.7	35.37	0000000249
603	0.380395	0.000725925	1.30989	1.23291	72078.8	35.38	0000002504
604	0.381122	0.000727313	2.0067	1.23291	40882.6	35.38	0000000247
605	0.381851	0.000728703	1.19305	1.23315	88795.6	35.58	0000032768
606	0.382581	0.000730097	1.98815	1.23315	38970.7	35.59	0000000239
607	0.383313	0.000731493	1.27616	1.23315	72287.4	35.60	0000002594
608	0.384046	0.000732891	1.94094	1.23315	39152.9	35.61	0000000251
609	0.38478	0.000734293	1.24372	1.23315	74146.4	35.64	0000007213
610	0.385516	0.000735697	1.92537	1.23315	43493.2	35.64	0000000246
611	0.386253	0.000737103	1.26945	1.23315	73913.6	35.65	0000002627
612	0.386991	0.000738513	1.8521	1.23315	43663.2	35.65	0000000243
613	0.387731	0.000739925	1.17977	1.23389	90293.2	35.84	0000032768
614	0.388472	0.000741339	1.56015	1.23413	45339.6	35.86	0000000270
615	0.389215	0.000742757	1.29083	1.23413	71007.7	35.87	0000002680
616	0.389959	0.000744177	1.79005	1.23413	47306.6	35.87	0000000300
617	0.390705	0.0007456	1.29513	1.23438	70209.3	35.90	0000007425
618	0.391452	0.000747025	1.70524	1.23438	47647.5	35.91	0000000301
619	0.392201	0.000748454	1.31488	1.23438	69688.1	35.92	0000002712
620	0.39295	0.000749885	1.87254	1.23511	42833.5	35.93	0000000297
621	0.393702	0.000751318	1.19385	1.23511	88972.2	36.12	0000032768
622	0.394454	0.000752755	1.76971	1.23535	48233.3	36.14	0000000318
623	0.395209	0.000754194	1.30574	1.23535	71289.8	36.15	0000002797
624	0.395964	0.000755636	1.74555	1.23535	49506.4	36.15	0000000318
625	0.396721	0.000757081	1.26196	1.23535	71496.7	36.18	0000007631
626	0.39748	0.000758529	1.75491	1.23535	43634	36.19	0000000313
627	0.39824	0.000759979	1.29459	1.23535	69454.2	36.20	0000002861
628	0.399001	0.000761432	1.90494	1.24512	43234.1	36.22	0000000332
629	0.399764	0.000762888	1.17466	1.23462	89517.6	36.40	0000032768
630	0.400529	0.000764346	1.82025	1.24536	46978.5	36.43	0000000338
631	0.401294	0.000765808	1.29496	1.24536	71140.5	36.44	0000002928
632	0.402062	0.000767272	1.76456	1.24536	48956.9	36.44	0000000328
633	0.40283	0.000768739	1.26076	1.24561	72139.8	36.48	0000007890
634	0.403601	0.000770209	1.69728	1.24561	46927.3	36.48	0000000319
635	0.404372	0.000771681	1.30139	1.23486	70338	36.50	0000002976
636	0.405145	0.000773157	1.72379	1.23486	47619.3	36.51	0000000345
637	0.40592	0.000774635	1.19591	1.25464	88529.8	36.70	0000032768
638	0.406696	0.000776116	1.66065	1.25488	50441.2	36.72	0000000337
639	0.407474	0.0007776	1.27923	1.25488	72834.7	36.73	0000003016
640	0.408253	0.000779087	1.73601	1.25537	49147.7	36.74	0000000347
641	0.409033	0.000780577	1.22271	1.25488	74150.3	36.78	0000008138
642	0.409816	0.000782069	1.66706	1.25488	45059	36.78	0000000355
643	0.410599	0.000783564	1.25986	1.2561	73188.4	36.81	0000003046
644	0.411384	0.000785063	1.65588	1.2561	49918.2	36.81	0000000350
645	0.412171	0.000786564	1.20479	1.25708	86931.7	37.00	0000032768
646	0.412959	0.000788067	1.69491	1.25708	50851.7	37.02	0000000346
647	0.413748	0.000789574	1.26543	1.25708	73263.5	37.03	0000003091
648	0.414539	0.000791084	1.69007	1.26294	50522.4	37.04	0000000361
649	0.415332	0.000792596	1.20493	1.26294	75654.3	37.08	0000008376
650	0.416126	0.000794112	1.65072	1.26294	46529.2	37.08	0000000340
651	0.416922	0.00079563	1.25839	1.26465	71836.4	37.10	0000003171
652	0.417719	0.000797151	1.80142	1.26465	42158.2	37.11	0000000325
653	0.418518	0.000798676	1.20768	1.26489	88183.6	37.30	0000032768
654	0.419318	0.000800203	1.99867	1.26318	41607	37.31	0000000340
655	0.42012	0.000801733	1.27538	1.26318	72225.9	37.33	0000003233
656	0.420923	0.000803266	1.94391	1.26514	43722.4	37.34	0000000338
657	0.421728	0.000804801	1.13712	1.26318	79951.6	37.38	0000008625
658	0.422534	0.00080634	1.75114	1.26318	43280.1	37.38	0000000366
659	0.423342	0.000807882	1.24009	1.26538	72371.7	37.41	0000003268
660	0.424151	0.000809427	1.84133	1.26538	43322.9	37.41	0000000370
661	0.424962	0.000810974	1.21087	1.26636	88059.7	37.60	0000032768
662	0.425775	0.000812525	1.89359	1.24438	43547.2	37.61	0000000394
663	0.426589	0.000814078	1.27018	1.26587	72814.2	37.64	0000003367
664	0.427404	0.000815635	1.81492	1.26587	44407.8	37.64	0000000410
665	0.428222	0.000817194	1.07087	1.24341	84176.1	37.68	0000008857
666	0.42904	0.000818757	1.81861	1.24341	39000.2	37.68	0000000423
667	0.429861	0.000820322	1.21496	1.2439	74915.7	37.71	0000003414
668	0.430683	0.000821891	1.77197	1.2439	43145.4	37.71	0000000421
669	0.431506	0.000823462	1.21484	1.24463	88306.4	37.89	0000032768
670	0.432331	0.000825037	1.83697	1.24487	44356.8	37.91	0000000441
671	0.433158	0.000826614	1.20975	1.24512	76595.3	37.94	0000003482
672	0.433986	0.000828195	1.94189	1.24512	40812.3	37.94	0000000457
673	0.434816	0.000829778	1.08613	1.24512	84059.1	37.97	0000009077
674	0.435647	0.000831365	1.66498	1.24512	45048.6	37.98	0000000472
675	0.436063	0.000416278	1.23567	1.24512	1755.93	37.98	0000000002
676	0.43648	0.000416676	1.21002	1.24512	74638.4	38.01	0000003534
677	0.437315	0.000834547	1.73727	1.24512	44013.6	38.01	0000000503
678	0.437732	0.000417872	1.71883	1.24512	1995.38	38.02	0000000003
679	0.438151	0.000418271	1.2072	1.24561	89164.2	38.20	0000032768
680	0.438569	0.000418671	1.63311	1.24561	7490.71	38.21	0000000003
681	0.438988	0.000419071	1.75235	1.24561	46892.8	38.22	0000000522
682	0.439408	0.000419471	1.28692	1.24561	3192.36	38.22	0000000001
683	0.439828	0.000419872	1.26106	1.24536	70660.5	38.25	0000003595
684	0.440248	0.000420273	1.40406	1.24536	826.703	38.25	0000000001
685	0.440669	0.000420675	1.67072	1.24536	43572.7	38.26	0000000534
686	0.44109	0.000421077	1.31296	1.24536	4991.32	38.26	0000000002
687	0.441511	0.000421479	1.07926	1.25757	83199.6	38.29	0000009300
688	0.441933	0.000421882	1.63777	1.25757	2620.86	38.30	0000000003
689	0.442355	0.000422285	1.84504	1.25757	41326	38.30	0000000553
690	0.443201	0.000845781	1.25288	1.24536	72174	38.33	0000003675
691	0.444049	0.000847398	1.74593	1.24536	44473.7	38.33	0000000557
692	0.444898	0.000849018	1.21495	1.25781	88453.8	38.51	0000032768
693	0.445748	0.000850641	1.68863	1.25806	47386.9	38.53	0000000575
694	0.446601	0.000852268	1.27215	1.2583	70575.3	38.55	0000003761
695	0.447454	0.000853897	1.60354	1.2583	44509.2	38.56	0000000580
696	0.44831	0.00085553	1.074	1.2583	83860.4	38.59	0000009499
697	0.449167	0.000857166	1.6526	1.2583	44519.4	38.60	0000000594
698	0.450026	0.000858804	1.26172	1.25879	71922.2	38.63	0000003832
699	0.450886	0.000860446	1.78216	1.25879	40442.9	38.63	0000000593
700	0.451748	0.000862092	1.22425	1.25879	87493.2	38.81	0000032768
701	0.452612	0.00086374	1.79613	1.25903	41970.8	38.83	0000000588
702	0.453478	0.000865391	1.30322	1.25952	69415.8	38.85	0000003887
703	0.454345	0.000867046	1.74825	1.25952	40169	38.86	0000000603
704	0.455213	0.000868704	1.10129	1.25903	81991.6	38.90	0000009682
705	0.456084	0.000870365	1.8927	1.25903	38664.7	38.90	0000000601
706	0.456956	0.000872029	1.28419	1.25903	70546	38.93	0000003970
707	0.457829	0.000873696	1.87534	1.25903	39863.3	38.93	0000000617
708	0.458705	0.000875367	1.21319	1.25952	88900.8	39.11	0000032768
709	0.459582	0.00087704	1.95539	1.25732	38735.4	39.13	0000000653
710	0.460021	0.000439149	1.85076	1.25732	952.787	39.13	0000000001
711	0.460461	0.000439568	1.29722	1.25684	68616.7	39.16	0000004020
712	0.460901	0.000439989	1.19171	1.25684	2325.24	39.16	0000000001
713	0.461341	0.000440409	1.94951	1.25684	38593.6	39.17	0000000658
714	0.461782	0.00044083	1.91443	1.25684	786.015	39.17	0000000001
715	0.462223	0.000441251	1.10235	1.2583	82303.7	39.21	0000009907
716	0.463107	0.000883767	1.99531	1.2583	36161.9	39.22	0000000674
717	0.463992	0.000885457	1.29597	1.302	70110.3	39.24	0000004084
718	0.464879	0.00088715	1.91098	1.302	39972.8	39.25	0000000713
719	0.465768	0.000888846	1.47613	1.59106	73854.6	39.46	0000032768
720	0.466213	0.00044506	1.38447	1.59082	1674.03	39.48	0000000001
721	0.466659	0.000445485	1.78603	1.59082	40309.4	39.49	0000000739
722	0.467105	0.000445911	1.7314	1.59082	1542.87	39.49	0000000002
723	0.467551	0.000446337	1.21372	1.58984	73384.5	39.52	0000004129
724	0.467998	0.000446764	1.37146	1.58984	1641.52	39.52	0000000001
725	0.468445	0.000447191	1.83871	1.58984	41223.1	39.53	0000000761
726	0.468893	0.000447618	1.37526	1.58984	2583.45	39.53	0000000001
727	0.469341	0.000448046	1.18964	1.58936	77583.9	39.57	0000010135
728	0.469789	0.000448474	1.44442	1.58936	3204.06	39.57	0000000001
729	0.470238	0.000448902	1.87491	1.58936	40787.4	39.58	0000000755
730	0.471137	0.000899092	1.20779	1.58936	74600.5	39.61	0000004148
731	0.472038	0.000900811	1.84339	1.58936	41444.1	39.61	0000000764
732	0.472489	0.000451051	1.47006	1.58936	3164.88	39.62	0000000001
733	0.472941	0.000451482	1.46838	1.5896	73566.5	39.83	0000032768
734	0.473392	0.000451914	1.34989	1.5896	3085.35	39.85	0000000001
735	0.473845	0.000452345	1.80138	1.5896	41393	39.86	0000000762
736	0.474298	0.000452778	1.46155	1.5896	3123.05	39.86	0000000001
737	0.474751	0.00045321	1.15261	1.58911	78899.1	39.89	0000004188
738	0.475204	0.000453643	1.45888	1.58911	3272.68	39.89	0000000001
739	0.475658	0.000454077	2.04569	1.58911	37205.5	39.89	0000000761
740	0.476113	0.000454511	1.69867	1.58911	7010.92	39.90	0000000003
741	0.476568	0.000454945	1.18004	1.58716	77662.2	39.94	0000010359
742	0.477023	0.00045538	1.58529	1.58716	2569.58	39.94	0000000001
743	0.477479	0.000455815	1.84805	1.58716	39751.8	39.95	0000000799
744	0.477935	0.00045625	1.43592	1.58716	2195.95	39.95	0000000004
745	0.478392	0.000456686	1.19286	1.59644	74056.4	39.98	0000004243
746	0.478849	0.000457123	1.27695	1.59644	6092.05	39.99	0000000009
747	0.479307	0.00045756	1.75586	1.59644	40263.9	39.99	0000000816
748	0.479765	0.000457997	2.56482	1.59644	6597.61	40.00	0000000012
749	0.480223	0.000458434	1.46624	1.59668	74585.7	40.20	0000032768
750	0.480682	0.000458872	2.61108	1.59692	11155	40.22	0000000012
751	0.481141	0.000459311	1.78187	1.59692	41632.9	40.23	0000000833
752	0.481601	0.00045975	2.93854	1.59692	8450.8	40.23	0000000014
753	0.482061	0.000460189	1.12708	1.59741	76105.2	40.26	0000004318
754	0.482522	0.000460629	1.80845	1.59741	8169.73	40.27	0000000016
755	0.482983	0.000461069	1.8475	1.59741	39239.2	40.27	0000000856
756	0.483445	0.00046151	1.81522	1.59741	10105.1	40.28	0000000018
757	0.483906	0.000461951	1.16538	1.60303	77634	40.32	0000010540
758	0.484369	0.000462392	2.72245	1.60303	12149.5	40.32	0000000016
759	0.484832	0.000462834	1.88841	1.60303	39557	40.33	0000000846
760	0.485295	0.000463276	2.83637	1.60303	12977	40.33	0000000017
761	0.485759	0.000463719	1.16198	1.60303	77376.6	40.36	0000004377
762	0.486223	0.000464162	2.77513	1.60303	13175.3	40.36	0000000019
763	0.486687	0.000464605	1.91435	1.60303	37333.1	40.37	0000000861
764	0.487153	0.000465049	1.7611	1.60303	8385.82	40.37	0000000018
765	0.487618	0.000465494	1.48179	1.60205	72830.5	40.59	0000032768
766	0.488084	0.000465938	2.53284	1.60815	13005.3	40.61	0000000014
767	0.48855	0.000466384	1.95314	1.60815	38224.5	40.62	0000000877
768	0.489017	0.000466829	2.64429	1.60815	12609.3	40.62	0000000013
769	0.489484	0.000467275	1.13474	1.60791	79112.2	40.65	0000004420
770	0.489952	0.000467722	2.57383	1.60791	12127.5	40.65	0000000011
771	0.49042	0.000468169	1.92864	1.60791	38943.2	40.66	0000000875
772	0.490889	0.000468616	2.17605	1.60791	11833.8	40.66	0000000008
773	0.491358	0.000469064	1.17572	1.60693	77129.4	40.70	0000010733
774	0.491828	0.000469512	1.34555	1.60693	1099.85	40.70	0000000001
775	0.492297	0.000469961	1.89698	1.60693	38084.5	40.71	0000000875
776	0.492768	0.00047041	1.29416	1.60693	3549.17	40.71	0000000002
777	0.493239	0.000470859	1.11202	1.60547	78918.8	40.74	0000004459
778	0.49371	0.000471309	1.19017	1.60547	4515.81	40.74	0000000002
779	0.494182	0.00047176	1.91242	1.60547	38314.2	40.75	0000000881
780	0.494654	0.00047221	2.78651	1.60547	3253.51	40.75	0000000003
781	0.495127	0.000472662	1.47147	1.60474	74251.8	40.96	0000032768
782	0.4956	0.000473113	1.26764	1.59839	5172.86	40.98	0000000005
783	0.496073	0.000473565	1.92877	1.59839	37832.5	40.99	0000000914
784	0.496547	0.000474018	1.78358	1.59839	9809.31	40.99	0000000005
785	0.497022	0.000474471	1.09616	1.59814	79664	41.02	0000004545
786	0.497497	0.000474924	1.92231	1.59814	1719.45	41.03	0000000003
787	0.497972	0.000475378	1.92987	1.59814	36772	41.04	0000000917
788	0.498448	0.000475832	1.38631	1.59814	5367.99	41.04	0000000005
789	0.498924	0.000476287	1.15875	1.60352	78721.4	41.08	0000010965
790	0.499401	0.000476742	1.73715	1.60352	3238.22	41.08	0000000002
791	0.499878	0.000477198	1.95497	1.60352	37335.2	41.09	0000000918
792	0.500356	0.000477654	1.89687	1.60352	5192.38	41.09	0000000004
793	0.500834	0.00047811	1.10784	1.59741	80040.6	41.12	0000004620
794	0.501313	0.000478567	1.65382	1.59741	4704.44	41.13	0000000003
795	0.501792	0.000479024	1.94999	1.59741	37491.8	41.13	0000000949
796	0.502271	0.000479482	1.85934	1.59741	2425.21	41.14	0000000002
797	0.502751	0.00047994	1.47246	1.59839	73503.7	41.34	0000032768
798	0.503712	0.000961256	1.90546	1.59155	38301	41.37	0000000962
799	0.504194	0.000481317	2.39765	1.59155	1852.01	41.37	0000000003
800	0.504675	0.000481777	1.08912	1.59131	81019.9	41.40	0000004675
801	0.505158	0.000482237	1.43327	1.59131	5636.6	41.41	0000000002
802	0.50564	0.000482698	1.85719	1.59131	38215	41.41	0000000976
803	0.506123	0.000483159	2.11667	1.59131	2147.34	41.42	0000000003
804	0.506607	0.000483621	1.17961	1.58936	77967.7	41.46	0000011170
805	0.507091	0.000484083	1.41626	1.58936	2083.25	41.46	0000000003
806	0.507576	0.000484546	1.87873	1.58936	37239.7	41.47	0000000989
807	0.508061	0.000485009	1.26561	1.58936	3527.45	41.47	0000000003
808	0.508546	0.000485472	1.08715	1.59668	78582.8	41.50	0000004646
809	0.509032	0.000485936	1.3442	1.59668	7674.6	41.51	0000000004
810	0.509518	0.000486401	1.90451	1.59668	38072.6	41.51	0000000992
811	0.510005	0.000486865	1.5379	1.59668	12073.3	41.52	0000000005
812	0.510493	0.000487331	1.46516	1.59082	74325.2	41.73	0000032768
813	0.51098	0.000487796	1.31653	1.60767	5968.01	41.75	0000000002
814	0.511469	0.000488262	1.89683	1.60767	38295.8	41.76	0000000993
815	0.511957	0.000488729	1.31645	1.60767	2239.05	41.76	0000000003
816	0.512447	0.000489196	1.10217	1.59106	79072.5	41.79	0000004731
817	0.513426	0.000979794	1.85912	1.59106	37621.1	41.80	0000000976
818	0.514408	0.000981668	1.19899	1.60669	76606	41.84	0000011342
819	0.515392	0.000983545	1.93787	1.60669	37102.4	41.85	0000000989
820	0.516377	0.000985425	1.12449	1.61255	75320.2	41.88	0000004762
821	0.517364	0.000987309	1.94468	1.61255	37024.6	41.89	0000001000
822	0.518354	0.000989197	1.49686	1.61133	72212.1	42.11	0000032768
823	0.519345	0.000991088	1.96448	1.61011	36485.3	42.14	0000000997
824	0.520338	0.000992983	1.13795	1.60962	75078.9	42.17	0000004831
825	0.521333	0.000994882	2.00204	1.60962	34908.8	42.18	0000000987
826	0.522329	0.000996784	1.19961	1.60547	74952.4	42.23	0000011537
827	0.523328	0.00099869	1.99827	1.60547	33997.3	42.23	0000000971
828	0.524329	0.0010006	1.15085	1.60425	75484.8	42.26	0000004898
829	0.52483	0.000501017	1.71662	1.60425	4205.07	42.27	0000000002
830	0.525331	0.000501496	2.06982	1.60425	33372.5	42.27	0000000964
831	0.525833	0.000501975	1.70206	1.60425	4351.23	42.28	0000000002
832	0.526336	0.000502455	1.49362	1.60352	72550.4	42.49	0000032768
833	0.526839	0.000502935	1.60949	1.60327	2594.37	42.51	0000000004
834	0.527342	0.000503415	1.96878	1.60327	33977.3	42.52	0000000981
835	0.527846	0.000503896	1.58973	1.60327	3035.9	42.52	0000000003
836	0.52835	0.000504378	1.14982	1.60254	73918.9	42.55	0000004990
837	0.528855	0.00050486	1.77276	1.60254	1525.9	42.56	0000000001
838	0.52936	0.000505342	2.06986	1.60254	33520.5	42.57	0000000950
839	0.530373	0.00101213	1.35493	1.45117	68063	42.61	0000011726
840	0.531387	0.00101407	1.82777	1.45117	36954.4	42.62	0000000945
841	0.532403	0.00101601	1.18126	1.46582	73786.7	42.64	0000005038
842	0.532911	0.000508732	1.28717	1.46582	3467.41	42.65	0000000001
843	0.533421	0.000509218	1.86491	1.46582	35709.7	42.66	0000000950
844	0.53444	0.0010199	1.45887	1.50244	74154	42.88	0000032768
845	0.534951	0.000510679	1.27931	1.60278	6120.4	42.90	0000000002
846	0.535462	0.000511167	2.11256	1.60278	32670.6	42.90	0000000968
847	0.535974	0.000511656	1.3183	1.60278	6287.57	42.91	0000000002
848	0.536486	0.000512145	1.14807	1.60352	76303.5	42.94	0000005127
849	0.536999	0.000512634	1.50147	1.60352	8113.9	42.94	0000000003
850	0.537512	0.000513124	2.10253	1.60352	32541	42.95	0000000954
851	0.538025	0.000513614	1.61719	1.60352	5060.63	42.95	0000000002
852	0.53854	0.000514105	1.37173	1.46826	66230.9	43.00	0000011899
853	0.539569	0.00102968	1.85553	1.46826	34758.5	43.00	0000000937
854	0.540085	0.00051558	1.45202	1.46826	2042.72	43.01	0000000001
855	0.540601	0.000516073	1.163	1.6001	75392.6	43.04	0000005181
856	0.541117	0.000516566	1.90964	1.6001	3422.55	43.04	0000000004
857	0.541635	0.000517059	2.08311	1.6001	32388.1	43.05	0000000935
858	0.542152	0.000517553	1.90171	1.6001	6941.94	43.05	0000000006
859	0.54267	0.000518048	1.47194	1.59595	73553.6	43.27	0000032768
860	0.543189	0.000518543	1.43359	1.59595	5832.08	43.29	0000000006
861	0.543708	0.000519039	2.03043	1.59595	33617	43.30	0000000942
862	0.544227	0.000519534	1.80326	1.59595	2576.01	43.30	0000000004
863	0.544747	0.000520031	1.15138	1.59473	75713.6	43.34	0000005301
864	0.545268	0.000520528	1.76436	1.59473	6292.85	43.34	0000000005
865	0.545789	0.000521025	2.11633	1.59473	31879	43.35	0000000937
866	0.54631	0.000521523	1.90272	1.59473	8708.03	43.35	0000000007
867	0.546832	0.000522021	1.42314	1.5481	63527.1	43.40	0000012107
868	0.547355	0.00052252	1.80928	1.5481	12722.8	43.40	0000000011
869	0.547878	0.00052302	1.80134	1.5481	34901.3	43.41	0000000956
870	0.548401	0.000523519	1.21422	1.5481	7905.3	43.41	0000000011
871	0.548925	0.00052402	1.14659	1.59912	74402.4	43.44	0000005287
872	0.54945	0.00052452	2.1888	1.59912	12553.9	43.45	0000000013
873	0.549975	0.000525021	1.98057	1.59912	34776.4	43.45	0000000957
874	0.550501	0.000525523	2.57956	1.59912	10124.6	43.46	0000000013
875	0.551027	0.000526025	1.47578	1.59814	72209.3	43.66	0000032768
876	0.551553	0.000526528	1.43118	1.59741	6503.7	43.68	0000000012
877	0.55208	0.000527031	1.94712	1.59741	33662.7	43.69	0000000949
878	0.552608	0.000527535	2.99785	1.59741	10317.2	43.69	0000000015
879	0.553136	0.000528039	1.15125	1.5979	73566.4	43.73	0000005342
880	0.553664	0.000528543	2.19928	1.5979	8568.73	43.73	0000000013
881	0.554193	0.000529048	1.97573	1.5979	34521.1	43.74	0000000962
882	0.554723	0.000529554	1.85546	1.5979	7759.88	43.74	0000000008
883	0.555253	0.00053006	1.19803	1.59717	75786.9	43.78	0000012260
884	0.555783	0.000530566	2.76158	1.59717	8773.78	43.79	0000000008
885	0.556315	0.000531073	1.96236	1.59717	35146.1	43.79	0000000970
886	0.556846	0.000531581	2.94322	1.59717	8963.5	43.80	0000000009
887	0.557378	0.000532089	1.29721	1.63086	64472.2	43.83	0000005325
888	0.557911	0.000532597	1.99593	1.63086	11400.7	43.83	0000000008
889	0.558444	0.000533106	1.7263	1.63086	38870.2	43.84	0000000969
890	0.558978	0.000533615	1.91693	1.63086	11347.3	43.84	0000000007
891	0.559512	0.000534125	1.45203	1.59375	73879.6	44.07	0000032768
892	0.560046	0.000534636	2.2079	1.61279	13028	44.09	0000000012
893	0.560581	0.000535147	1.75796	1.61279	38665.9	44.10	0000000980
894	0.561117	0.000535658	2.4391	1.61279	13857.3	44.10	0000000015
895	0.561653	0.00053617	1.30855	1.64429	64731.6	44.13	0000005361
896	0.56219	0.000536682	2.09993	1.64429	12723.4	44.13	0000000011
897	0.562727	0.000537195	1.78414	1.64429	37659	44.14	0000000991
898	0.563265	0.000537708	2.09153	1.64429	12909.6	44.15	0000000010
899	0.563803	0.000538222	1.41644	1.65063	61972.3	44.20	0000012405
900	0.564342	0.000538736	1.43761	1.65063	10752.2	44.20	0000000006
901	0.564881	0.000539251	1.73283	1.65063	37578.6	44.21	0000000973
902	0.565421	0.000539766	1.47252	1.65063	2784.26	44.21	0000000004
903	0.565961	0.000540282	1.17184	1.59326	72585.2	44.24	0000005409
904	0.566502	0.000540798	1.93784	1.59326	9018.63	44.25	0000000005
905	0.567043	0.000541315	1.88202	1.59326	36769.4	44.25	0000000975
906	0.567585	0.000541832	2.18936	1.59326	9326.04	44.26	0000000006
907	0.568127	0.00054235	1.45758	1.59253	73677.7	44.47	0000032768
908	0.56867	0.000542868	1.45861	1.59229	4358.47	44.49	0000000005
909	0.569214	0.000543387	1.88327	1.59229	36733.3	44.50	0000000988
910	0.569758	0.000543906	2.06662	1.59229	5327.08	44.50	0000000007
911	0.570302	0.000544426	1.16706	1.59204	73209.1	44.54	0000005492
912	0.570847	0.000544946	3.08628	1.59204	9228.63	44.54	0000000010
913	0.571392	0.000545467	1.91504	1.59204	36530.8	44.55	0000000981
914	0.571938	0.000545988	2.84312	1.59204	8558.27	44.55	0000000008
915	0.572485	0.00054651	1.38624	1.4856	64719.5	44.60	0000012566
916	0.573032	0.000547032	1.27786	1.4856	7354.43	44.60	0000000009
917	0.573579	0.000547555	1.75111	1.4856	37315.5	44.61	0000000993
918	0.574128	0.000548078	1.31824	1.4856	6769.15	44.61	0000000007
919	0.574676	0.000548602	1.361	1.48682	59957.9	44.65	0000005521
920	0.575225	0.000549126	1.50839	1.48682	9998.93	44.65	0000000006
921	0.575775	0.000549651	1.82073	1.48682	36860	44.66	0000000993
922	0.576325	0.000550176	1.83347	1.48682	12305.3	44.66	0000000008
923	0.576876	0.000550702	1.41807	1.5625	75827.1	44.87	0000032768
924	0.577427	0.000551228	1.22001	1.59692	7909.94	44.89	0000000010
925	0.577979	0.000551755	1.84938	1.59692	37137.7	44.90	0000001019
926	0.578531	0.000552282	2.34641	1.59692	9842.78	44.90	0000000009
927	0.579084	0.00055281	1.17538	1.59546	69839.4	44.93	0000005592
928	0.579637	0.000553338	1.54961	1.59546	7984.79	44.94	0000000013
929	0.580191	0.000553867	1.80627	1.59546	36980.9	44.95	0000001011
930	0.580746	0.000554396	1.61051	1.59546	7324.78	44.95	0000000014
931	0.5813	0.000554926	1.18714	1.59619	74679.9	44.99	0000012664
932	0.581856	0.000555456	1.52583	1.59619	12277	45.00	0000000009
933	0.582412	0.000555987	1.82795	1.59619	38129.6	45.00	0000001017
934	0.582968	0.000556518	1.71629	1.59619	7117.8	45.01	0000000005
935	0.583525	0.00055705	1.16364	1.56079	71833.8	45.04	0000005619
936	0.584083	0.000557582	1.69701	1.56079	4789.88	45.04	0000000003
937	0.584641	0.000558115	1.80273	1.56079	38293.1	45.05	0000001023
938	0.5852	0.000558648	1.80844	1.56079	9140.32	45.05	0000000006
939	0.585759	0.000559182	1.46045	1.59375	72737.4	45.27	0000032768
940	0.586319	0.000559716	1.81326	1.59814	5932.57	45.29	0000000007
941	0.586879	0.000560251	1.77848	1.59814	38612.6	45.30	0000001010
942	0.58744	0.000560786	2.45127	1.59814	9785.88	45.30	0000000008
943	0.588001	0.000561322	1.17774	1.59839	69545.9	45.34	0000005714
944	0.588563	0.000561859	1.62919	1.59839	9222.51	45.34	0000000005
945	0.589125	0.000562395	1.81851	1.59839	38306.5	45.35	0000001011
946	0.589688	0.000562933	1.59175	1.59839	9069.31	45.35	0000000004
947	0.590252	0.000563471	1.17875	1.59253	74916	45.40	0000012804
948	0.590816	0.000564009	1.52626	1.59253	10177	45.40	0000000005
949	0.59138	0.000564548	1.79249	1.59253	36924.5	45.41	0000001017
950	0.591945	0.000565087	1.41327	1.59253	9231.91	45.41	0000000005
951	0.592511	0.000565627	1.18066	1.59717	71205.4	45.44	0000005737
952	0.593077	0.000566168	2.91555	1.59717	3210.56	45.44	0000000003
953	0.593644	0.000566709	1.81044	1.59717	39018.6	45.45	0000001033
954	0.594211	0.00056725	1.57817	1.59717	5544.59	45.46	0000000002
955	0.594779	0.000567792	1.45915	1.59644	73482.9	45.68	0000032768
956	0.595347	0.000568335	1.45187	1.59668	3415.67	45.70	0000000002
957	0.595916	0.000568878	1.70031	1.59668	39172.3	45.71	0000001034
958	0.596486	0.000569422	1.60365	1.59668	2354.12	45.71	0000000002
959	0.597055	0.000569966	1.18357	1.59448	70848.1	45.74	0000005812
960	0.597626	0.00057051	1.91775	1.59448	6465.07	45.75	0000000003
961	0.598197	0.000571056	1.73951	1.59448	40432.5	45.75	0000001039
962	0.598769	0.000571601	1.7799	1.59448	6983.24	45.76	0000000003
963	0.599341	0.000572147	1.17503	1.59424	74995.3	45.80	0000012973
964	0.599913	0.000572694	1.54614	1.59424	2554.47	45.80	0000000004
965	0.600487	0.000573241	1.58082	1.59424	41535	45.84	0000001080
966	0.601061	0.000573789	1.59135	1.59424	3312.88	45.84	0000000004
967	0.601635	0.000574337	1.20077	1.61401	68779.4	45.88	0000005874
968	0.60221	0.000574886	1.82338	1.61401	6031.46	45.88	0000000003
969	0.602785	0.000575435	1.60512	1.61401	42537	45.89	0000001102
970	0.603361	0.000575985	2.01626	1.61401	2214.11	45.89	0000000003
971	0.603938	0.000576536	1.49499	1.61377	71152.9	46.10	0000032768
972	0.604515	0.000577087	1.43604	1.61353	4920.13	46.12	0000000006
973	0.605092	0.000577638	1.58446	1.61353	43371.2	46.13	0000001128
974	0.605671	0.00057819	1.62043	1.61353	2994.21	46.14	0000000004
975	0.606249	0.000578742	1.19228	1.61328	69294.5	46.17	0000005916
976	0.606829	0.000579296	1.77855	1.61328	5355.77	46.17	0000000003
977	0.607409	0.000579849	1.57365	1.61328	44888.9	46.18	0000001168
978	0.607989	0.000580403	3.16364	1.61328	8976.79	46.18	0000000010
979	0.60857	0.000580958	1.24458	1.61328	72195	46.23	0000013120
980	0.609151	0.000581513	3.4697	1.61328	11053.6	46.23	0000000020
981	0.609733	0.000582069	1.5797	1.61328	44775	46.24	0000001197
982	0.610316	0.000582625	3.77989	1.61328	10767.2	46.24	0000000024
983	0.610899	0.000583181	1.21385	1.61182	66779	46.28	0000005983
984	0.611483	0.000583739	2.44741	1.61182	9859.77	46.28	0000000032
985	0.612067	0.000584296	1.52715	1.61182	44840	46.29	0000001222
986	0.612652	0.000584855	3.53386	1.61182	11974.4	46.29	0000000028
987	0.613238	0.000585414	1.38583	1.52734	76666.7	46.51	0000032768
988	0.613824	0.000585973	2.77912	1.44385	13647.8	46.52	0000000026
989	0.61441	0.000586533	1.55492	1.44385	44932.4	46.53	0000001243
990	0.614997	0.000587093	3.25479	1.44385	13330.4	46.53	0000000028
991	0.615585	0.000587654	1.18928	1.44263	69342.1	46.57	0000006010
992	0.616173	0.000588216	2.74031	1.44263	13481.9	46.57	0000000019
993	0.616762	0.000588778	1.5469	1.44263	44258.7	46.58	0000001280
994	0.617351	0.000589341	1.3872	1.44263	11245.4	46.58	0000000017
995	0.617941	0.000589904	1.27626	1.44019	68507.2	46.63	0000013261
996	0.618532	0.000590467	2.49558	1.44019	11363.1	46.63	0000000018
997	0.619123	0.000591032	1.58392	1.44019	43580.2	46.64	0000001281
998	0.619714	0.000591596	2.23373	1.44019	15069.2	46.64	0000000016
999	0.620306	0.000592162	1.12335	1.43872	72951.4	46.67	0000006046
1000	0.620899	0.000592727	2.07056	1.43872	13590.9	46.68	0000000016
1001	0.621492	0.000593294	1.57196	1.43872	42830.7	46.69	0000001296
1002	0.622086	0.000593861	1.58011	1.43872	7704.38	46.69	0000000013
1003	0.622681	0.000594428	1.38595	1.52026	76910.2	46.90	0000032768
1004	0.623276	0.000594996	1.42309	1.52026	9145.54	46.92	0000000014
1005	0.623871	0.000595565	1.58831	1.52026	43404.3	46.93	0000001300
1006	0.624467	0.000596134	1.78205	1.52026	13419.9	46.93	0000000008
1007	0.625064	0.000596703	1.12229	1.5188	72645	46.96	0000006097
1008	0.625661	0.000597274	1.79886	1.5188	6152.71	46.97	0000000008
1009	0.626259	0.000597844	1.57593	1.5188	42997.5	46.97	0000001305
1010	0.626858	0.000598416	2.19459	1.5188	7690.08	46.98	0000000010
1011	0.627457	0.000598987	1.23531	1.51782	70951.4	47.02	0000013369
1012	0.628056	0.00059956	1.3337	1.51782	13568.8	47.03	0000000013
1013	0.628656	0.000600133	1.57573	1.51782	42612.1	47.03	0000001317
1014	0.629257	0.000600706	1.67039	1.51782	10455.1	47.04	0000000009
1015	0.629858	0.00060128	1.11703	1.54688	73388	47.07	0000006167
1016	0.63046	0.000601855	2.94795	1.54688	10797.8	47.07	0000000011
1017	0.631063	0.00060243	1.62455	1.54688	42008.6	47.08	0000001338
1018	0.631666	0.000603005	2.87742	1.54688	11244.4	47.08	0000000011
1019	0.632269	0.000603582	1.44286	1.5769	73881	47.29	0000032768
1020	0.632873	0.000604158	2.01712	1.57715	11788.2	47.31	0000000011
1021	0.633478	0.000604736	1.60624	1.57715	42430.9	47.32	0000001355
1022	0.634083	0.000605314	1.31671	1.57715	5126.48	47.33	0000000005
1023	0.634689	0.000605892	1.09404	1.48682	74343.7	47.36	0000006224
1024	0.635296	0.000606471	1.37237	1.48682	5190.06	47.36	0000000004
1025	0.635903	0.00060705	1.48417	1.48682	45501.4	47.37	0000001360
1026	0.63651	0.00060763	1.93012	1.48682	8422.05	47.37	0000000006
1027	0.637119	0.000608211	1.29822	1.48584	69291.1	47.42	0000013494
1028	0.637727	0.000608792	1.41024	1.48584	6288.04	47.42	0000000002
1029	0.638337	0.000609374	1.4911	1.48584	45656	47.43	0000001382
1030	0.638947	0.000609956	1.98191	1.48584	1410.84	47.43	0000000001
1031	0.639557	0.000610539	1.10599	1.44409	74667.9	47.47	0000006268
1032	0.640168	0.000611122	1.6965	1.44409	2334.83	47.47	0000000001
1033	0.64078	0.000611706	1.50914	1.44409	44514.9	47.48	0000001384
1034	0.641392	0.000612291	1.73024	1.44409	2325.88	47.48	0000000001
1035	0.642005	0.000612876	1.40515	1.44604	75584.9	47.70	0000032768
1036	0.643233	0.00122751	1.578	1.44604	42546.8	47.72	0000001407
1037	0.644463	0.00122986	1.15279	1.45947	70434.4	47.76	0000006372
1038	0.645078	0.00061581	1.33387	1.45947	3021.59	47.76	0000000001
1039	0.645695	0.000616398	1.56929	1.45947	42069.4	47.77	0000001428
1040	0.646312	0.000616987	1.26631	1.45947	6062.96	47.77	0000000002
1041	0.646929	0.000617577	1.48891	1.71118	59101.4	47.82	0000013616
1042	0.647548	0.000618167	1.81574	1.71118	792.067	47.83	0000000001
1043	0.648166	0.000618758	1.47111	1.71118	42669.4	47.84	0000001437
1044	0.648786	0.000619349	1.8417	1.71118	1062.1	47.84	0000000001
1045	0.649406	0.000619941	1.21017	1.71021	67741.9	47.88	0000006393
1046	0.650026	0.000620533	1.9547	1.71021	6040.4	47.88	0000000003
1047	0.650647	0.000621126	1.46145	1.71021	44827.1	47.89	0000001442
1048	0.651269	0.000621719	1.64215	1.71021	6886.17	47.89	0000000003
1049	0.651891	0.000622314	1.60113	1.70923	66206.4	48.10	0000032768
1050	0.652514	0.000622908	1.27263	1.70923	2093.63	48.12	0000000003
1051	0.653138	0.000623503	1.45895	1.70923	44351.1	48.13	0000001457
1052	0.653762	0.000624099	1.31898	1.70923	3761.3	48.14	0000000006
1053	0.654386	0.000624696	1.19774	1.65894	67819.8	48.17	0000006479
1054	0.655012	0.000625292	2.16371	1.65894	13628.8	48.18	0000000013
1055	0.655638	0.00062589	1.46908	1.65894	43918.2	48.18	0000001485
1056	0.656264	0.000626488	2.22023	1.65894	13127.8	48.19	0000000013
1057	0.656891	0.000627087	1.39702	1.65894	62495.2	48.24	0000013721
1058	0.657519	0.000627686	1.33937	1.65894	7812.38	48.24	0000000012
1059	0.658147	0.000628286	1.42153	1.65894	44437.1	48.25	0000001486
1060	0.658776	0.000628886	1.60498	1.65894	9691.7	48.26	0000000011
1061	0.659406	0.000629487	1.19507	1.70898	66312.5	48.29	0000006504
1062	0.660036	0.000630088	2.04452	1.70898	13258.7	48.30	0000000012
1063	0.660666	0.00063069	1.43764	1.70898	45526.5	48.31	0000001467
1064	0.661298	0.000631293	1.46911	1.70898	11455.9	48.31	0000000005
1065	0.66193	0.000631896	1.56998	1.65796	67971.7	48.51	0000032768
1066	0.662562	0.0006325	1.62191	1.50757	5755.25	48.54	0000000007
1067	0.663195	0.000633105	1.51511	1.50757	42460.1	48.54	0000001477
1068	0.663829	0.000633709	1.23405	1.50757	3308.42	48.55	0000000003
1069	0.664463	0.000634315	1.19859	1.65918	66561.5	48.58	0000006572
1070	0.665098	0.000634921	1.28324	1.65918	7655.48	48.59	0000000006
1071	0.665734	0.000635528	1.45591	1.65918	43082.6	48.60	0000001494
1072	0.66637	0.000636135	1.54326	1.65918	12428.9	48.60	0000000012
1073	0.667006	0.000636743	1.44099	1.54614	61533.6	48.65	0000013823
1074	0.667644	0.000637351	1.8523	1.54614	17179.9	48.66	0000000014
1075	0.668282	0.00063796	1.53552	1.54614	42483.6	48.67	0000001530
1076	0.66892	0.00063857	1.8504	1.54614	9214.72	48.67	0000000012
1077	0.66956	0.00063918	1.18599	1.66846	66909.2	48.71	0000006601
1078	0.670199	0.000639791	1.27191	1.66846	9235.63	48.71	0000000011
1079	0.67084	0.000640402	1.44023	1.66846	42724.7	48.72	0000001534
1080	0.671481	0.000641014	2.25271	1.66846	12972.9	48.73	0000000017
1081	0.672122	0.000641627	1.50899	1.58887	70314.1	48.94	0000032768
1082	0.672765	0.00064224	2.42102	1.66919	12745.7	48.96	0000000023
1083	0.673407	0.000642853	1.47208	1.66919	43557.8	48.97	0000001513
1084	0.674051	0.000643468	2.79061	1.66919	14101.7	48.97	0000000030
1085	0.674695	0.000644083	1.18603	1.67065	66599	49.01	0000006668
1086	0.67534	0.000644698	2.11473	1.67065	12779.6	49.01	0000000026
1087	0.675985	0.000645314	1.48195	1.67065	41645	49.02	0000001519
1088	0.676631	0.000645931	2.60332	1.67065	13067.6	49.03	0000000027
1089	0.677278	0.000646548	1.39172	1.66016	63721.4	49.08	0000013896
1090	0.677925	0.000647166	2.88003	1.66016	13591.2	49.08	0000000028
1091	0.678572	0.000647784	1.49736	1.66016	42110.9	49.09	0000001544
1092	0.679221	0.000648403	2.9318	1.66016	12685.6	49.10	0000000026
1093	0.67987	0.000649023	1.16774	1.67065	68425.6	49.13	0000006677
1094	0.68052	0.000649643	1.67401	1.67065	11845.3	49.14	0000000028
1095	0.68117	0.000650264	1.50135	1.67065	41356.2	49.15	0000001593
1096	0.681821	0.000650885	2.35876	1.67065	12299.6	49.15	0000000030
1097	0.682472	0.000651507	1.50868	1.58911	70089.4	49.37	0000032768
1098	0.683124	0.000652129	2.06058	1.65918	12386.7	49.40	0000000030
1099	0.683777	0.000652753	1.51267	1.65918	41071.8	49.41	0000001579
1100	0.68443	0.000653376	1.69871	1.65918	11241.4	49.41	0000000032
1101	0.685084	0.000654001	1.20114	1.66016	64220.6	49.45	0000006709
1102	0.685739	0.000654626	2.13624	1.66016	12698.7	49.45	0000000032
1103	0.686394	0.000655251	1.50121	1.66016	41105.1	49.46	0000001598
1104	0.68705	0.000655877	1.91579	1.66016	11742.3	49.47	0000000023
1105	0.687707	0.000656504	1.49384	1.6228	58851.3	49.52	0000013963
1106	0.688364	0.000657131	2.79718	1.6228	12267.9	49.53	0000000022
1107	0.689022	0.000657759	1.52234	1.6228	42312.4	49.54	0000001611
1108	0.68968	0.000658388	3.0279	1.6228	11614.1	49.54	0000000026
1109	0.690339	0.000659017	1.19091	1.66138	67591.1	49.58	0000006793
1110	0.690999	0.000659647	2.61376	1.66138	12724.3	49.58	0000000022
1111	0.691659	0.000660277	1.53263	1.66138	41849.6	49.59	0000001607
1112	0.69232	0.000660908	1.60464	1.66138	11372.6	49.59	0000000022
1113	0.692981	0.000661539	1.56654	1.67627	66435.2	49.79	0000032768
1114	0.693644	0.000662171	1.83863	1.54565	12482.8	49.81	0000000017
1115	0.694306	0.000662804	1.56232	1.54565	42060	49.82	0000001623
1116	0.69497	0.000663437	2.35571	1.54565	15889	49.83	0000000023
1117	0.695634	0.000664071	1.18728	1.68091	66553.9	49.86	0000006849
1118	0.696299	0.000664706	2.44375	1.68091	14728.4	49.87	0000000022
1119	0.696964	0.000665341	1.60669	1.68091	39078.8	49.88	0000001591
1120	0.69763	0.000665977	2.79155	1.68091	10183.9	49.88	0000000021
1121	0.698296	0.000666613	1.42256	1.67969	60967	49.94	0000014036
1122	0.698964	0.00066725	2.03731	1.67969	15294	49.94	0000000017
1123	0.699632	0.000667888	1.58063	1.67969	39491.7	49.95	0000001621
1124	0.7003	0.000668526	1.71113	1.67969	10056.2	49.95	0000000016
1125	0.700969	0.000669165	1.1885	1.6814	67157.8	49.99	0000006895
1126	0.701639	0.000669804	2.14448	1.6814	7707.46	50.00	0000000017
1127	0.70231	0.000670444	1.53277	1.6814	39777.6	50.01	0000001637
1128	0.702981	0.000671085	1.65841	1.6814	13604.4	50.01	0000000017
1129	0.703652	0.000671726	1.62744	1.73511	65252.5	50.23	0000032768
1130	0.704325	0.000672368	2.05883	1.54443	16984	50.25	0000000020
1131	0.704998	0.00067301	1.54289	1.54443	42836.3	50.26	0000001653
1132	0.705671	0.000673654	2.21065	1.54443	13774.5	50.26	0000000016
1133	0.706346	0.000674297	1.24121	1.54224	63763.3	50.30	0000006941
1134	0.707021	0.000674942	1.7272	1.54224	7135.82	50.30	0000000012
1135	0.707696	0.000675587	1.50233	1.54224	41005.5	50.31	0000001658
1136	0.708372	0.000676232	1.87967	1.54224	8532.02	50.31	0000000016
1137	0.709049	0.000676878	1.36441	1.50757	63235.5	50.37	0000014098
1138	0.709727	0.000677525	1.92021	1.50757	11694.5	50.37	0000000016
1139	0.710405	0.000678172	1.52949	1.50757	42117.3	50.38	0000001659
1140	0.711084	0.00067882	2.73334	1.50757	11494.9	50.39	0000000020
1141	0.711763	0.000679469	1.23091	1.50684	65057.9	50.42	0000006956
1142	0.712443	0.000680118	2.86433	1.50684	11639.8	50.43	0000000021
1143	0.713124	0.000680768	1.54745	1.50684	42362.9	50.43	0000001663
1144	0.713806	0.000681419	2.79679	1.50684	11644.7	50.44	0000000020
1145	0.714488	0.00068207	1.42692	1.54248	73132.9	50.65	0000032768
1146	0.71517	0.000682722	1.80453	1.54346	10508.9	50.67	0000000017
1147	0.715854	0.000683374	1.55244	1.54346	41659.3	50.68	0000001687
1148	0.716538	0.000684027	2.12863	1.54346	11499.2	50.68	0000000017
1149	0.717223	0.000684681	1.21258	1.54492	65657.8	50.72	0000006989
1150	0.717908	0.000685335	2.88986	1.54492	12353.5	50.72	0000000023
1151	0.718594	0.00068599	1.58646	1.54492	41199.3	50.73	0000001688
1152	0.71928	0.000686645	3.12584	1.54492	11975.1	50.73	0000000028
1153	0.719968	0.000687301	1.35052	1.54346	64665.9	50.78	0000014165
1154	0.720656	0.000687958	2.01126	1.54346	11234.6	50.79	0000000029
1155	0.721344	0.000688615	1.5587	1.54346	41043.2	50.80	0000001677
1156	0.722034	0.000689273	2.04866	1.54346	12120.7	50.80	0000000021
1157	0.722724	0.000689932	1.22872	1.54272	63001.1	50.84	0000007056
1158	0.723414	0.000690591	2.08098	1.54272	12516	50.84	0000000023
1159	0.724105	0.000691251	1.55083	1.54272	41306.5	50.85	0000001668
1160	0.724797	0.000691912	1.95594	1.54272	9497.04	50.86	0000000021
1161	0.72549	0.000692573	1.41574	1.54272	74428.8	51.07	0000032768
1162	0.726183	0.000693235	1.48119	1.54224	10142.8	51.09	0000000020
1163	0.726877	0.000693897	1.5508	1.54224	40930	51.10	0000001668
1164	0.727572	0.00069456	2.02977	1.54224	10350.8	51.10	0000000025
1165	0.728267	0.000695224	1.25537	1.54126	61236.4	51.14	0000007097
1166	0.728963	0.000695888	2.96799	1.54126	11131.2	51.15	0000000029
1167	0.729659	0.000696553	1.57844	1.54126	41162.8	51.15	0000001680
1168	0.730356	0.000697219	2.5909	1.54126	11416.5	51.16	0000000027
1169	0.731054	0.000697885	1.39092	1.67017	62235.7	51.21	0000014183
1170	0.731753	0.000698552	2.79283	1.67017	12285.1	51.22	0000000028
1171	0.732452	0.000699219	1.57806	1.67017	39748.5	51.23	0000001663
1172	0.733152	0.000699887	2.03468	1.67017	10579	51.23	0000000025
1173	0.733853	0.000700556	1.16129	1.66943	67158.5	51.27	0000007124
1174	0.734554	0.000701225	2.407	1.66943	11422.3	51.27	0000000023
1175	0.735256	0.000701896	1.65077	1.66943	37806.3	51.28	0000001663
1176	0.735958	0.000702566	2.68255	1.66943	11686.4	51.28	0000000019
1177	0.736661	0.000703238	1.4128	1.54102	73872.2	51.49	0000032768
1178	0.737365	0.00070391	1.51632	1.66138	9213.53	51.51	0000000015
1179	0.73807	0.000704582	1.64907	1.66138	38182	51.52	0000001706
1180	0.738775	0.000705255	2.18307	1.66138	9497.5	51.52	0000000011
1181	0.739481	0.000705929	1.16959	1.66382	65766.7	51.57	0000007252
1182	0.740188	0.000706604	2.13742	1.66382	9786.69	51.57	0000000011
1183	0.740895	0.000707279	1.71876	1.66382	36186.4	51.58	0000001692
1184	0.741603	0.000707955	2.16793	1.66382	10112.7	51.59	0000000008
1185	0.742312	0.000708631	1.33891	1.53662	64446.4	51.64	0000014282
1186	0.743021	0.000709308	1.84026	1.53662	9441.33	51.64	0000000006
1187	0.743731	0.000709986	1.65309	1.53662	38768.6	51.65	0000001703
1188	0.744442	0.000710665	2.62348	1.53662	4696.42	51.65	0000000006
1189	0.745153	0.000711344	1.17934	1.6665	65297.6	51.69	0000007282
1190	0.745865	0.000712023	1.57499	1.6665	3629.97	51.70	0000000006
1191	0.746578	0.000712704	1.67085	1.6665	36746.8	51.71	0000001702
1192	0.747291	0.000713385	1.56131	1.6665	5722.55	51.71	0000000005
1193	0.748005	0.000714066	1.55761	1.66528	67123.2	51.92	0000032768
1194	0.74872	0.000714749	1.53067	1.66479	8445.52	51.94	0000000004
1195	0.749435	0.000715432	1.70329	1.66479	36573.9	51.95	0000001669
1196	0.750151	0.000716115	1.71506	1.66479	3327.95	51.95	0000000003
1197	0.750868	0.0007168	1.19949	1.63062	64542.9	51.99	0000007284
1198	0.751586	0.000717485	1.57749	1.63062	1916.36	51.99	0000000004
1199	0.752304	0.00071817	1.68434	1.63062	35794.5	52.00	0000001637
1200	0.753023	0.000718856	1.71947	1.63062	4883.74	52.01	0000000008
1201	0.753742	0.000719543	1.37678	1.66357	62454.2	52.06	0000014323
1202	0.754463	0.000720231	2.37519	1.66357	10037.8	52.07	0000000011
1203	0.755183	0.000720919	1.73109	1.66357	35629.3	52.08	0000001625
1204	0.755905	0.000721608	2.67217	1.66357	10847	52.08	0000000013
1205	0.756627	0.000722297	1.20192	1.66382	63543	52.12	0000007301
1206	0.75735	0.000722988	2.89885	1.66382	10475	52.12	0000000016
1207	0.758074	0.000723679	1.7175	1.66382	34615.1	52.13	0000001607
1208	0.758798	0.00072437	1.38368	1.66382	9225.77	52.13	0000000011
1209	0.759523	0.000725062	1.55326	1.66431	66695.2	52.35	0000032768
1210	0.760249	0.000725755	2.09021	1.66504	9871.28	52.37	0000000007
1211	0.760976	0.000726448	1.74254	1.66504	35242	52.38	0000001573
1212	0.761703	0.000727143	1.89675	1.66504	9913.68	52.38	0000000006
1213	0.762431	0.000727837	1.20039	1.66504	63500.4	52.42	0000007336
1214	0.763159	0.000728533	1.3347	1.66504	3723.65	52.42	0000000004
1215	0.763888	0.000729229	1.72043	1.66504	33799.6	52.43	0000001583
1216	0.764618	0.000729926	1.25387	1.66504	7186.8	52.44	0000000005
1217	0.765349	0.000730623	1.37799	1.66504	62287	52.49	0000014379
1218	0.76608	0.000731321	1.84143	1.66504	11055.4	52.49	0000000007
1219	0.766812	0.00073202	1.77231	1.66504	34039.4	52.50	0000001597
1220	0.767545	0.00073272	1.80333	1.66504	7879.37	52.51	0000000009
1221	0.768278	0.00073342	1.18701	1.66504	64102.3	52.55	0000007308
1222	0.769013	0.000734121	2.04001	1.66504	11346.3	52.55	0000000010
1223	0.769747	0.000734822	1.81343	1.66504	33268.7	52.56	0000001569
1224	0.770483	0.000735524	1.76449	1.66504	7735.22	52.56	0000000013
1225	0.771219	0.000736227	1.52825	1.66455	66974.2	52.77	0000032768
1226	0.771956	0.000736931	1.92587	1.66455	11236.2	52.79	0000000016
1227	0.772694	0.000737635	1.80595	1.66455	33414.2	52.80	0000001577
1228	0.773432	0.00073834	1.88076	1.66455	12036.4	52.81	0000000015
1229	0.774171	0.000739045	1.20042	1.66479	63803.8	52.84	0000007289
1230	0.774911	0.000739751	2.24063	1.66479	11690.2	52.85	0000000016
1231	0.775651	0.000740458	1.85108	1.66479	32472.8	52.86	0000001565
1232	0.776392	0.000741166	2.63483	1.66479	11669.3	52.86	0000000015
1233	0.777134	0.000741874	1.37222	1.66504	61737.9	52.92	0000014388
1234	0.777877	0.000742583	1.34795	1.66504	10403.3	52.92	0000000015
1235	0.77862	0.000743292	1.83425	1.66504	32098	52.93	0000001591
1236	0.779364	0.000744003	2.97619	1.66504	11691.9	52.93	0000000017
1237	0.780109	0.000744714	1.21533	1.66406	62893.4	52.97	0000007302
1238	0.780854	0.000745425	2.54505	1.66406	10733.4	52.97	0000000010
1239	0.7816	0.000746138	1.87352	1.66406	32136	52.98	0000001579
1240	0.782347	0.00074685	2.15566	1.66406	10350.1	52.99	0000000008
1241	0.783095	0.000747564	1.53742	1.66187	67388.1	53.20	0000032768
1242	0.783843	0.000748278	1.27503	1.66211	6536.82	53.22	0000000009
1243	0.784592	0.000748993	1.59115	1.66211	36736.5	53.23	0000001554
1244	0.785342	0.000749709	1.85584	1.66211	12158.2	53.23	0000000008
1245	0.786092	0.000750426	1.21216	1.66089	63029.9	53.27	0000007306
1246	0.786843	0.000751143	1.84592	1.66089	5218.69	53.27	0000000008
1247	0.787595	0.00075186	1.62017	1.66089	35445.4	53.28	0000001541
1248	0.788348	0.000752579	2.00128	1.66089	6549.07	53.29	0000000009
1249	0.789101	0.000753298	1.35522	1.65991	61676.5	53.34	0000014419
1250	0.789855	0.000754018	1.96102	1.65991	6913.91	53.35	0000000010
1251	0.79061	0.000754738	1.58115	1.65991	36702.1	53.36	0000001528
1252	0.791365	0.000755459	1.72622	1.65991	5251.91	53.36	0000000007
1253	0.792122	0.000756181	1.1728	1.65942	64045.2	53.40	0000007345
1254	0.792878	0.000756904	2.41346	1.65942	7491.09	53.40	0000000008
1255	0.793636	0.000757627	1.61367	1.65942	36421.2	53.41	0000001518
1256	0.794394	0.000758351	2.34753	1.65942	7218.62	53.42	0000000006
1257	0.795154	0.000759076	1.53302	1.65894	67654.3	53.62	0000032768
1258	0.795913	0.000759801	2.26613	1.65894	4614.73	53.64	0000000011
1259	0.796674	0.000760527	1.60072	1.65894	35936	53.65	0000001553
1260	0.797435	0.000761254	2.56478	1.65894	6123.96	53.65	0000000013
1261	0.798197	0.000761981	1.18218	1.65723	62900.3	53.69	0000007356
1262	0.79896	0.000762709	2.68852	1.65723	9426.3	53.69	0000000013
1263	0.799723	0.000763438	1.59762	1.65723	36768.3	53.70	0000001554
1264	0.800487	0.000764168	3.0137	1.65723	8709.99	53.72	0000000012
1265	0.801252	0.000764898	1.34857	1.65723	63008.3	53.78	0000014451
1266	0.802018	0.000765629	2.82252	1.65723	8854.4	53.78	0000000011
1267	0.802784	0.00076636	1.55416	1.65723	36329.6	53.79	0000001554
1268	0.803551	0.000767092	1.64932	1.65723	6734.96	53.79	0000000008
1269	0.804319	0.000767825	1.19078	1.65747	61496.3	53.83	0000007341
1270	0.805088	0.000768559	1.72717	1.65747	1230.57	53.84	0000000001
1271	0.805857	0.000769294	1.58763	1.65747	36705.6	53.85	0000001545
1272	0.806627	0.000770029	1.40473	1.65747	3063.88	53.85	0000000001
1273	0.807398	0.000770764	1.52825	1.65723	68194.8	54.06	0000032768
1274	0.808169	0.000771501	1.37106	1.65771	3720.29	54.08	0000000002
1275	0.808942	0.000772238	1.60176	1.65771	35404.1	54.09	0000001554
1276	0.809715	0.000772976	1.44641	1.65771	2279.69	54.10	0000000003
1277	0.810488	0.000773715	1.21331	1.65674	60953.7	54.13	0000007381
1278	0.811263	0.000774454	2.14034	1.65674	10770.4	54.14	0000000007
1279	0.812038	0.000775194	1.59209	1.65674	36182.7	54.15	0000001540
1280	0.812814	0.000775935	2.3	1.65674	10025.4	54.15	0000000007
1281	0.813591	0.000776676	1.34985	1.65601	61825.6	54.21	0000014464
1282	0.814368	0.000777418	1.96938	1.65601	4692.68	54.21	0000000004
1283	0.815146	0.000778161	1.59537	1.65601	34989.7	54.22	0000001506
1284	0.815925	0.000778905	1.61404	1.65601	2091.99	54.23	0000000003
1285	0.816705	0.000779649	1.21012	1.65674	61508.5	54.27	0000007424
1286	0.817485	0.000780394	1.97736	1.65674	3049.3	54.27	0000000002
1287	0.818266	0.00078114	1.55257	1.65674	36688	54.28	0000001515
1288	0.819048	0.000781886	1.54812	1.65674	2934.13	54.28	0000000001
1289	0.819831	0.000782633	1.51134	1.65796	67958.5	54.49	0000032768
1290	0.820614	0.000783381	1.29768	1.65771	2077.32	54.51	0000000003
1291	0.821398	0.00078413	1.54712	1.65771	37001.2	54.52	0000001520
1292	0.822183	0.000784879	1.44552	1.65771	1630.53	54.52	0000000002
1293	0.822969	0.000785629	1.23379	1.65723	60084.4	54.56	0000007416
1294	0.823755	0.00078638	1.42878	1.65723	3249.03	54.56	0000000002
1295	0.824542	0.000787131	1.58654	1.65723	36109.4	54.57	0000001528
1296	0.82533	0.000787883	1.89077	1.65723	7773.07	54.58	0000000006
1297	0.826119	0.000788636	1.21914	1.40747	69236.1	54.63	0000014434
1298	0.826908	0.000789389	2.00959	1.40747	11814	54.63	0000000009
1299	0.827698	0.000790144	1.8871	1.40747	31069.4	54.64	0000001524
1300	0.828489	0.000790899	2.29667	1.40747	8971.51	54.65	0000000008
1301	0.829281	0.000791655	1.19734	1.40601	62801.6	54.68	0000007471
1302	0.830073	0.000792411	1.96297	1.40601	9108.46	54.69	0000000018
1303	0.830866	0.000793168	1.83456	1.40601	31123.6	54.70	0000001552
1304	0.83166	0.000793926	2.52928	1.40601	8014.84	54.70	0000000027
1305	0.832455	0.000794685	1.3264	1.42407	78267.8	54.92	0000032768
1306	0.83325	0.000795444	3.75894	1.40186	9238.83	54.94	0000000033
1307	0.834047	0.000796204	1.83744	1.40186	32058.3	54.95	0000001575
1308	0.834844	0.000796965	3.93114	1.40186	8996.29	54.95	0000000039
1309	0.835641	0.000797726	1.10126	1.61694	67966.6	54.99	0000007490
1310	0.83644	0.000798489	2.43751	1.61694	9744.62	55.00	0000000042
1311	0.837239	0.000799252	1.45401	1.61694	37268.9	55.01	0000001593
1312	0.838039	0.000800015	2.75675	1.61694	8969.29	55.01	0000000043
1313	0.83884	0.00080078	1.32948	1.90454	63249.3	55.07	0000014444
1314	0.839641	0.000801545	3.17065	1.90454	9556.52	55.07	0000000037
1315	0.840444	0.000802311	1.4299	1.90454	39527.4	55.08	0000001649
1316	0.841247	0.000803078	3.16437	1.90454	9545.12	55.09	0000000027
1317	0.842051	0.000803845	1.1658	1.70337	63807.7	55.13	0000007474
1318	0.842855	0.000804613	2.0411	1.70337	8999.28	55.13	0000000020
1319	0.843661	0.000805382	1.47981	1.70337	37475.5	55.14	0000001667
1320	0.844467	0.000806152	2.53731	1.70337	9017.13	55.15	0000000020
1321	0.845274	0.000806922	1.55149	1.70044	65974.5	55.35	0000032768
1322	0.846081	0.000807693	2.17102	1.69995	8592.64	55.37	0000000018
1323	0.84689	0.000808465	1.49596	1.69995	38235.3	55.38	0000001682
1324	0.847699	0.000809237	2.69569	1.69995	9137.43	55.39	0000000014
1325	0.848509	0.00081001	1.20707	1.93091	61615.2	55.43	0000007517
1326	0.84932	0.000810784	1.41252	1.93091	5955.97	55.43	0000000009
1327	0.850131	0.000811559	1.47969	1.93091	37695.4	55.44	0000001697
1328	0.850944	0.000812335	1.90477	1.93091	7489.35	55.45	0000000008
1329	0.851757	0.000813111	1.36792	1.93579	61840.7	55.50	0000014396
1330	0.852571	0.000813888	2.2129	1.93579	8392.57	55.51	0000000008
1331	0.853385	0.000814666	1.47795	1.93579	37303.7	55.52	0000001688
1332	0.854201	0.000815444	1.95208	1.93579	6578.74	55.52	0000000010
1333	0.855017	0.000816223	1.18114	1.92041	62780.7	55.56	0000007472
1334	0.855834	0.000817003	1.76875	1.92041	4940.95	55.57	0000000005
1335	0.856652	0.000817784	1.5284	1.92041	35796.7	55.58	0000001696
1336	0.857471	0.000818565	1.74779	1.92041	4329	55.58	0000000004
1337	0.85829	0.000819347	1.67345	1.92993	61924.9	55.82	0000032768
1338	0.85911	0.00082013	2.12033	1.6687	1281.34	55.84	0000000002
1339	0.859931	0.000820914	1.62864	1.6687	34392.4	55.85	0000001711
1340	0.860753	0.000821698	2.02205	1.6687	1400.14	55.86	0000000002
1341	0.861575	0.000822484	1.22111	1.92847	59707	55.90	0000007481
1342	0.862398	0.000823269	2.07246	1.92847	1920.64	55.90	0000000003
1343	0.863222	0.000824056	1.442	1.92847	37523.2	55.91	0000001744
1344	0.864047	0.000824844	1.51862	1.92847	3426.02	55.92	0000000002
1345	0.864873	0.000825632	1.34113	1.92676	62720.8	55.98	0000014408
1346	0.866527	0.00165363	1.48487	1.92676	37226.7	55.99	0000001751
1347	0.867355	0.000828001	1.58397	1.92676	6554.23	55.99	0000000003
1348	0.868183	0.000828792	1.27871	1.96143	57109.1	56.03	0000007444
1349	0.869013	0.000829584	1.31207	1.96143	6942.75	56.03	0000000005
1350	0.869843	0.000830377	1.5049	1.96143	36086.2	56.05	0000001736
1351	0.870674	0.00083117	1.5176	1.96143	4055.54	56.05	0000000004
1352	0.871506	0.000831964	1.68755	1.96118	61221	56.29	0000032768
1353	0.872339	0.000832759	1.41973	1.96069	2422.12	56.31	0000000003
1354	0.873173	0.000833555	1.51122	1.96069	36343.9	56.33	0000001750
1355	0.874007	0.000834351	1.45132	1.96069	5832.62	56.33	0000000005
1356	0.874842	0.000835149	1.22018	1.96021	59808.9	56.37	0000007425
1357	0.875678	0.000835947	2.29475	1.96021	8976.66	56.37	0000000010
1358	0.876515	0.000836746	1.5618	1.96021	35247.2	56.38	0000001753
1359	0.877352	0.000837545	2.42992	1.96021	7876.52	56.39	0000000018
1360	0.878191	0.000838345	1.37278	1.93701	60607	56.45	0000014425
1361	0.87903	0.000839146	2.29023	1.93701	9611.16	56.45	0000000021
1362	0.87987	0.000839948	1.56268	1.93701	34420.7	56.46	0000001730
1363	0.880711	0.000840751	2.87392	1.93701	10593.5	56.47	0000000031
1364	0.881552	0.000841554	1.28725	1.93628	56169.6	56.51	0000007397
1365	0.882395	0.000842358	2.10432	1.93628	10183.5	56.51	0000000032
1366	0.883238	0.000843163	1.5449	1.93628	35229.2	56.52	0000001755
1367	0.884082	0.000843969	3.24062	1.93628	10331.6	56.53	0000000049
1368	0.884926	0.000844775	1.70439	1.96655	60386.8	56.77	0000032768
1369	0.885772	0.000845583	2.8303	1.89282	12479.9	56.80	0000000060
1370	0.886618	0.000846391	1.57161	1.89282	34361.6	56.81	0000001757
1371	0.887466	0.000847199	3.14023	1.89282	10975.2	56.81	0000000072
1372	0.888314	0.000848009	1.26567	1.91113	58166.1	56.86	0000007407
1373	0.889162	0.000848819	3.55721	1.91113	11147.1	56.86	0000000102
1374	0.890012	0.00084963	1.55715	1.91113	35053.7	56.87	0000001767
1375	0.890863	0.000850442	3.64189	1.91113	10217	56.88	0000000116
1376	0.891714	0.000851255	1.38079	1.94141	60017.2	56.94	0000014400
1377	0.892566	0.000852068	3.34639	1.94141	10733.8	56.94	0000000133
1378	0.893419	0.000852882	1.61723	1.94141	32642.4	56.95	0000001782
1379	0.894272	0.000853697	3.6043	1.94141	9693.09	56.96	0000000151
1380	0.895127	0.000854513	1.30016	1.94849	56201.3	57.00	0000007376
1381	0.895982	0.00085533	3.53476	1.94849	10339.3	57.01	0000000155
1382	0.896838	0.000856147	1.59807	1.94849	33259.8	57.02	0000001804
1383	0.897695	0.000856965	3.89142	1.94849	9400.05	57.02	0000000154
1384	0.898553	0.000857784	1.68559	1.93872	60344.2	57.27	0000032768
1385	0.899412	0.000858603	3.21222	1.93164	12425.6	57.29	0000000164
1386	0.900271	0.000859424	1.71691	1.93164	31757.2	57.30	0000001805
1387	0.901131	0.000860245	3.28147	1.93164	11984.9	57.31	0000000171
1388	0.901993	0.000861067	1.28776	1.9314	56986.8	57.35	0000007398
1389	0.902854	0.00086189	3.31632	1.9314	12299	57.35	0000000172
1390	0.903717	0.000862713	1.74243	1.9314	30113.2	57.37	0000001798
1391	0.904581	0.000863538	3.07875	1.9314	11234.3	57.37	0000000165
1392	0.905445	0.000864363	1.35412	1.93066	61038.6	57.43	0000014398
1393	0.90631	0.000865189	3.32652	1.93066	12161.7	57.44	0000000156
1394	0.907176	0.000866016	1.78133	1.93066	29540.1	57.45	0000001801
1395	0.908043	0.000866843	3.35231	1.93066	11150.6	57.45	0000000143
1396	0.908911	0.000867671	1.27309	1.95361	55965.4	57.50	0000007398
1397	0.909779	0.000868501	2.96539	1.95361	11190.6	57.50	0000000122
1398	0.910649	0.00086933	1.72945	1.95361	29406.5	57.51	0000001784
1399	0.911519	0.000870161	3.0859	1.95361	10218.6	57.52	0000000101
1400	0.91239	0.000870993	1.66919	1.95239	60906.2	57.77	0000032768
1401	0.913262	0.000871825	2.58076	1.95215	10602.1	57.79	0000000077
1402	0.914134	0.000872658	1.67806	1.95215	30714.6	57.80	0000001827
1403	0.915008	0.000873492	2.90603	1.95215	10098.9	57.81	0000000067
1404	0.915882	0.000874326	1.2972	1.95117	55317.3	57.85	0000007403
1405	0.916757	0.000875162	3.2484	1.95117	10486.8	57.85	0000000060
1406	0.917633	0.000875998	1.72142	1.95117	30098.2	57.87	0000001823
1407	0.91851	0.000876835	3.47374	1.95117	9719.64	57.87	0000000056
1408	0.919388	0.000877673	1.35453	1.95044	61383	57.93	0000014424
1409	0.920266	0.000878512	3.35808	1.95044	10628.5	57.93	0000000051
1410	0.921146	0.000879351	1.71798	1.95044	29863.9	57.95	0000001842
1411	0.922026	0.000880191	2.22394	1.95044	9358.37	57.95	0000000046
1412	0.922907	0.000881032	1.17327	1.77197	59926.5	58.00	0000007368
1413	0.923789	0.000881874	2.89891	1.77197	10108.8	58.00	0000000030
1414	0.924671	0.000882717	1.65024	1.77197	30293.6	58.01	0000001831
1415	0.925555	0.00088356	2.54056	1.77197	9673.66	58.02	0000000019
1416	0.926439	0.000884405	1.73733	2.04346	58806.6	58.28	0000032768
1417	0.927325	0.00088525	2.05329	1.95923	9016.75	58.31	0000000011
1418	0.928211	0.000886096	1.72906	1.95923	29752	58.32	0000001856
1419	0.929098	0.000886942	1.90669	1.95923	9422.84	58.33	0000000014
1420	0.929985	0.00088779	1.15672	2.06274	60402.2	58.37	0000007322
1421	0.930874	0.000888638	2.01661	2.06274	9867.62	58.37	0000000013
1422	0.931764	0.000889487	1.63083	2.06274	30180.3	58.39	0000001885
1423	0.932654	0.000890337	1.63054	2.06274	7715.85	58.39	0000000017
1424	0.933545	0.000891188	1.489	1.98877	55403	58.45	0000014416
1425	0.934437	0.00089204	2.61555	1.98877	10765.3	58.46	0000000018
1426	0.93533	0.000892892	1.82162	1.98877	27937	58.47	0000001913
1427	0.936224	0.000893745	2.8046	1.98877	9482.5	58.47	0000000017
1428	0.937118	0.000894599	1.16181	1.9624	60603.6	58.52	0000007303
1429	0.938014	0.000895454	2.87343	1.9624	9717.97	58.52	0000000017
1430	0.93891	0.00089631	1.67446	1.9624	29240.6	58.53	0000001923
1431	0.939807	0.000897166	2.09934	1.9624	9031.86	58.54	0000000010
1432	0.940705	0.000898023	1.76791	1.91943	57934.4	58.78	0000032768
1433	0.941604	0.000898882	2.27629	1.93872	9524.1	58.81	0000000010
1434	0.942504	0.00089974	1.801	1.93872	28492.6	58.82	0000001958
1435	0.943405	0.0009006	1.47007	1.93872	8761.85	58.82	0000000005
1436	0.944306	0.000901461	1.17638	2.12256	58115.5	58.87	0000007314
1437	0.945208	0.000902322	2.19447	2.12256	819.597	58.87	0000000001
1438	0.946111	0.000903184	1.66813	2.12256	29280.4	58.88	0000001973
1439	0.947016	0.000904047	1.87937	2.12256	539.64	58.89	0000000001
1440	0.94792	0.000904911	1.4538	1.90942	56050.4	58.95	0000014391
1441	0.949733	0.00181242	1.6821	1.90942	28406.3	58.96	0000001993
1442	0.95064	0.000907508	1.97161	1.90942	1287.23	58.97	0000000001
1443	0.951549	0.000908375	1.1822	1.92163	58612.2	59.02	0000007207
1444	0.952458	0.000909243	1.74616	1.92163	2514.74	59.02	0000000002
1445	0.953368	0.000910112	1.68118	1.92163	28825.3	59.03	0000001957
1446	0.954279	0.000910981	1.28093	1.92163	6592.71	59.04	0000000003
1447	0.955191	0.000911852	1.75062	1.91968	57562.6	59.27	0000032768
1448	0.956104	0.000912723	1.47869	1.9502	5100.85	59.29	0000000007
1449	0.957017	0.000913595	1.72351	1.9502	28159.8	59.30	0000001959
1450	0.957932	0.000914468	1.91384	1.9502	8208.6	59.31	0000000013
1451	0.958847	0.000915342	1.17119	1.94873	58387.9	59.35	0000007241
1452	0.959763	0.000916217	3.07991	1.94873	8827.75	59.35	0000000019
1453	0.96068	0.000917092	1.72492	1.94873	27712.8	59.37	0000001957
1454	0.961598	0.000917969	3.13372	1.94873	7925.99	59.37	0000000021
1455	0.962517	0.000918846	1.45244	1.93555	55313.9	59.44	0000014358
1456	0.963437	0.000919724	1.72381	1.93555	8843.04	59.44	0000000027
1457	0.964358	0.000920602	1.81367	1.93555	25451	59.46	0000001955
1458	0.965279	0.000921482	2.15714	1.93555	8146.57	59.46	0000000026
1459	0.966201	0.000922363	1.16731	2.00659	58243.8	59.51	0000007200
1460	0.967125	0.000923244	2.66775	2.00659	9347.54	59.51	0000000024
1461	0.968049	0.000924126	1.78073	2.00659	27039.1	59.52	0000001946
1462	0.968974	0.000925009	3.18685	2.00659	8497.27	59.53	0000000023
1463	0.9699	0.000925893	1.71666	1.8728	58639.7	59.76	0000032768
1464	0.970826	0.000926778	2.18249	2.19165	9028.13	59.79	0000000029
1465	0.971754	0.000927663	1.91344	2.19165	25805.9	59.80	0000001929
1466	0.972683	0.00092855	3.52753	2.19165	8437.05	59.81	0000000036
1467	0.973612	0.000929437	1.18388	1.90283	56836.8	59.85	0000007178
1468	0.974542	0.000930325	2.56499	1.90283	9065.58	59.86	0000000043
1469	0.975474	0.000931214	1.79489	1.90283	26090.3	59.87	0000001936
1470	0.976406	0.000932104	2.86972	1.90283	8325.63	59.87	0000000060
1471	0.977339	0.000932995	1.4325	1.91431	55584.8	59.94	0000014362
1472	0.978273	0.000933886	2.83886	1.91431	9473.68	59.94	0000000078
1473	0.979207	0.000934779	1.78259	1.91431	26293.6	59.96	0000001933
1474	0.980143	0.000935672	3.45061	1.91431	9092	59.96	0000000093
1475	0.98108	0.000936566	1.19997	1.90186	55952.1	60.01	0000007167
1476	0.982017	0.000937461	2.83711	1.90186	11363.5	60.01	0000000107
1477	0.982955	0.000938357	1.71841	1.90186	26657	60.03	0000001927
1478	0.983895	0.000939253	2.71773	1.90186	9757.16	60.03	0000000130
1479	0.984835	0.000940151	1.71539	1.88965	59064.9	60.27	0000032768
1480	0.985776	0.000941049	3.15978	2.21875	10634	60.29	0000000156
1481	0.986718	0.000941948	1.84961	2.21875	26432.6	60.31	0000001931
1482	0.987661	0.000942848	3.38328	2.21875	9742.16	60.31	0000000183
1483	0.988604	0.000943749	1.20848	2.23511	55462.5	60.36	0000007159
1484	0.989549	0.000944651	3.24451	2.23511	10192.1	60.37	0000000213
1485	0.990495	0.000945554	1.78628	2.23511	26372.8	60.38	0000001912
1486	0.991441	0.000946457	3.58659	2.23511	9082.46	60.39	0000000239
1487	0.992388	0.000947362	1.49551	1.85962	53480	60.46	0000014340
1488	0.993337	0.000948267	2.24866	1.85962	14367.2	60.47	0000000259
1489	0.994286	0.000949173	1.65308	1.85962	26639.4	60.48	0000001912
1490	0.995236	0.00095008	2.23992	1.85962	12821.2	60.49	0000000275
1491	0.996187	0.000950988	1.31696	1.89404	50428.8	60.54	0000007117
1492	0.997139	0.000951896	2.17584	1.89404	14750.6	60.54	0000000290
1493	0.998092	0.000952806	1.78941	1.89404	25025.5	60.56	0000001925
1494	0.999045	0.000953716	2.29693	1.89404	12764.9	60.56	0000000299
1495	1	0.000954628	1.73864	1.91138	57726.2	60.56	0000032768
