step t dt workloadBalance memoryBalance partSecReal cpuWalltime Nf 
0	0.02	0	1.03382	1.01904	95116.5	0.09	0000032768
0	0.02	0	1.03151	1.01904	101250	0.25	0000032768
1	0.020308	0.000307974	1.03109	1.01807	101163	0.38	0000032768
2	0.0206207	0.000312716	1.03056	1.01855	101208	0.50	0000032768
3	0.0209382	0.000317532	1.03118	1.01855	101148	0.63	0000032768
4	0.0212606	0.000322421	1.02952	1.01855	101333	0.76	0000032768
5	0.021588	0.000327386	1.03659	1.01855	100623	0.88	0000032768
6	0.0219205	0.000332428	1.0604	1.01953	98196.2	1.01	0000032768
7	0.022258	0.000337546	1.06043	1.01953	98302.7	1.14	0000032768
8	0.0226007	0.000342744	1.06302	1.01904	98102.9	1.27	0000032768
9	0.0229488	0.000348022	1.06334	1.01904	98053.8	1.40	0000032768
10	0.0233022	0.000353381	1.0623	1.01904	98158.6	1.52	0000032768
11	0.023661	0.000358823	1.05937	1.01904	98401.7	1.65	0000032768
12	0.0240253	0.000364348	1.06156	1.01904	98216.4	1.78	0000032768
13	0.0243953	0.000369959	1.06083	1.01904	98251.6	1.91	0000032768
14	0.0247709	0.000375656	1.0623	1.01904	98154.4	2.03	0000032768
15	0.0251524	0.00038144	1.06196	1.01904	98167	2.16	0000032768
16	0.0255397	0.000387314	1.06236	1.01904	98138	2.29	0000032768
17	0.025933	0.000393278	1.06223	1.01904	98132	2.42	0000032768
18	0.0263323	0.000399334	1.06019	1.01904	98342.9	2.54	0000032768
19	0.0267378	0.000405483	1.06158	1.01904	98236.3	2.67	0000032768
20	0.0271495	0.000411727	1.06085	1.01904	98175.4	2.80	0000032768
21	0.0275676	0.000418067	1.06218	1.01904	98076.7	2.93	0000032768
22	0.0279921	0.000424505	1.0589	1.01904	97867	3.06	0000032768
23	0.0284231	0.000431042	1.06799	1.01904	97568.1	3.18	0000032768
24	0.0288608	0.000437679	1.06747	1.01904	97625.5	3.31	0000032768
25	0.0293052	0.000444419	1.06893	1.01904	97497.4	3.44	0000032768
26	0.0297565	0.000451262	1.06917	1.01904	97390	3.57	0000032768
27	0.0302147	0.000458211	1.0684	1.01904	97573.5	3.69	0000032768
28	0.03068	0.000465267	1.06863	1.01904	97538.8	3.82	0000032768
29	0.0311524	0.000472431	1.0716	1.01904	97156.9	3.95	0000032768
30	0.0316321	0.000479706	1.06702	1.01904	97640.1	4.07	0000032768
31	0.0321192	0.000487093	1.06838	1.01904	97509.6	4.20	0000032768
32	0.0326138	0.000494594	1.05217	1.01904	98801.6	4.33	0000032768
33	0.033116	0.00050221	1.0618	1.01904	98075.9	4.46	0000032768
34	0.0336259	0.000509943	1.06385	1.02051	97942.3	4.58	0000032768
35	0.0341437	0.000517796	1.06106	1.02002	98180.8	4.71	0000032768
36	0.0346695	0.000525769	1.10389	1.02002	93445.4	4.84	0000032768
37	0.0352034	0.000533865	1.06047	1.02002	98267.9	4.97	0000032768
38	0.0357455	0.000542086	1.06037	1.02002	98203.7	5.10	0000032768
39	0.0362959	0.000550433	1.0622	1.02051	98188.2	5.22	0000032768
40	0.0368548	0.000558909	1.06244	1.02002	98022	5.35	0000032768
41	0.0374223	0.000567516	1.06411	1.02002	97946.6	5.48	0000032768
42	0.0379986	0.000576255	1.06244	1.02148	98145.2	5.60	0000032768
43	0.0385837	0.000585128	1.06893	1.02002	96514.9	5.73	0000032768
44	0.0391778	0.000594139	1.07238	1.02002	96768.3	5.86	0000032768
45	0.0397811	0.000603288	1.06121	1.02002	98143.7	5.98	0000032768
46	0.0403937	0.000612577	1.05914	1.01953	98289.5	6.11	0000032768
47	0.0410157	0.00062201	1.05982	1.01953	98345.7	6.23	0000032768
48	0.0416473	0.000631589	1.06671	1.01953	97680.1	6.36	0000032768
49	0.0422886	0.000641314	1.06707	1.01953	97689.8	6.48	0000032768
50	0.0429398	0.00065119	1.06588	1.02539	97812.5	6.61	0000032768
51	0.043601	0.000661217	1.0684	1.02148	97611.3	6.74	0000032768
52	0.0442724	0.000671399	1.06786	1.02002	97579.5	6.86	0000032768
53	0.0449542	0.000681738	1.06189	1.02002	98151.2	6.99	0000032768
54	0.0456464	0.000692235	1.05879	1.02002	98203.7	7.11	0000032768
55	0.0463493	0.000702895	1.06171	1.02002	98253.9	7.24	0000032768
56	0.047063	0.000713719	1.06298	1.021	98102.7	7.36	0000032768
57	0.0477877	0.000724709	1.0625	1.02539	98127.8	7.49	0000032768
58	0.0485236	0.000735869	1.0623	1.02539	98208.9	7.62	0000032768
59	0.0492708	0.0007472	1.06268	1.02539	98168.7	7.74	0000032768
60	0.0500295	0.000758706	1.06106	1.02637	98479.5	7.87	0000032768
61	0.0507999	0.000770389	1.05792	1.02441	98562.4	7.99	0000032768
62	0.0515821	0.000782252	1.05874	1.0249	98459.6	8.12	0000032768
63	0.0523764	0.000794298	1.05985	1.0249	98360.2	8.24	0000032768
64	0.053183	0.000806529	1.05782	1.0249	98679.2	8.37	0000032768
65	0.0540019	0.000818948	1.05749	1.0249	98738.9	8.50	0000032768
66	0.0548335	0.000831559	1.06051	1.0376	98703.9	8.62	0000032768
67	0.0556778	0.000844364	1.05801	1.02539	98968.7	8.75	0000032768
68	0.0565352	0.000857366	1.05657	1.02539	98945.6	8.87	0000032768
69	0.0574058	0.000870568	1.05706	1.02539	99120.4	8.99	0000032768
70	0.0582897	0.000883974	1.05754	1.03857	99124.8	9.12	0000032768
71	0.0591873	0.000897586	1.04748	1.03857	99153	9.24	0000032768
72	0.0600987	0.000911408	1.08566	1.05078	96485.3	9.37	0000032768
73	0.0610242	0.000925442	1.08493	1.05078	96643.7	9.50	0000032768
74	0.0619639	0.000939693	1.05595	1.03906	99474.5	9.62	0000032768
75	0.062918	0.000954163	1.054	1.03857	99785.7	9.75	0000032768
76	0.0638869	0.000968856	1.0535	1.03857	99879.1	9.87	0000032768
77	0.0648707	0.000983775	1.05286	1.03857	100075	10.00	0000032768
78	0.0658696	0.000998924	1.08221	1.0498	97313.5	10.13	0000032768
79	0.0668839	0.00101431	1.05333	1.03857	100219	10.25	0000032768
80	0.0679138	0.00102992	1.05327	1.03857	100220	10.38	0000032768
81	0.0689596	0.00104578	1.05302	1.03906	100285	10.50	0000032768
82	0.0700215	0.00106189	1.04944	1.03857	100735	10.63	0000032768
83	0.0710997	0.00107824	1.05219	1.03857	100678	10.75	0000032768
84	0.0721946	0.00109484	1.07938	1.04346	98297	10.87	0000032768
85	0.0733063	0.0011117	1.07558	1.04346	98587.5	11.00	0000032768
86	0.0744351	0.00112882	1.04911	1.03857	101150	11.12	0000032768
87	0.0755813	0.0011462	1.07963	1.04932	98442.7	11.25	0000032768
88	0.0767451	0.00116385	1.07959	1.04932	98559	11.38	0000032768
89	0.0779269	0.00118178	1.08058	1.04932	98630.9	11.50	0000032768
90	0.0791269	0.00119997	1.07786	1.04932	98987.8	11.63	0000032768
91	0.0803453	0.00121845	1.07771	1.04932	99058.4	11.76	0000032768
92	0.0815826	0.00123721	1.0792	1.04932	98706	11.88	0000032768
93	0.0828388	0.00125627	1.07684	1.04932	99334.3	12.01	0000032768
94	0.0841144	0.00127561	1.05765	1.03809	101337	12.13	0000032768
95	0.0854097	0.00129525	1.07528	1.04834	99656.1	12.26	0000032768
96	0.0867249	0.0013152	1.07193	1.04834	100066	12.38	0000032768
97	0.0880603	0.00133545	1.07195	1.04785	100164	12.51	0000032768
98	0.0894164	0.00135601	1.07346	1.04785	100117	12.64	0000032768
99	0.0907932	0.0013769	1.06935	1.04834	100580	12.76	0000032768
100	0.0921913	0.0013981	1.06965	1.04834	100483	12.89	0000032768
101	0.093611	0.00141963	1.07088	1.04834	100616	13.01	0000032768
102	0.0950525	0.00144149	1.06878	1.04834	100891	13.14	0000032768
103	0.0965161	0.00146368	1.07046	1.04834	100966	13.27	0000032768
104	0.0980024	0.00148622	1.06952	1.04834	101152	13.39	0000032768
105	0.0995115	0.00150911	1.06848	1.04834	101279	13.52	0000032768
106	0.101044	0.00153235	1.0677	1.04883	101338	13.64	0000032768
107	0.1026	0.00155594	1.06813	1.04883	101494	13.77	0000032768
108	0.10418	0.0015799	1.06702	1.04883	101462	13.90	0000032768
109	0.105784	0.00160423	1.0942	1.0791	99130.2	14.02	0000032768
110	0.106595	0.000811356	1.50506	1.0791	2298.98	14.04	0000000001
111	0.107413	0.000817579	1.09378	1.0791	99363.4	14.17	0000032768
112	0.108237	0.000823849	1.71845	1.04297	3991.82	14.19	0000000002
113	0.109067	0.000830168	1.0596	1.04297	102725	14.31	0000032768
114	0.109903	0.000836536	2.12638	1.04297	5148.27	14.33	0000000003
115	0.110746	0.000842952	1.06084	1.04297	102726	14.45	0000032768
116	0.11117	0.000423897	1.65027	1.04297	4590.02	14.47	0000000002
117	0.111596	0.00042552	2.25027	1.04297	6191.03	14.48	0000000004
118	0.112023	0.000427149	1.53361	1.04297	5321.87	14.48	0000000002
119	0.112452	0.000428784	1.06134	1.04297	102756	14.61	0000032768
120	0.112882	0.000430425	1.66261	1.04297	4324.06	14.63	0000000002
121	0.113314	0.000432072	2.18399	1.04297	6277.46	14.63	0000000004
122	0.113748	0.000433726	1.33007	1.04297	5602.37	14.63	0000000002
123	0.114183	0.000435386	1.06093	1.04297	102926	14.76	0000032768
124	0.11462	0.000437053	1.8931	1.04297	6406.81	14.78	0000000004
125	0.115059	0.000438726	1.83648	1.04297	7233.8	14.78	0000000004
126	0.115499	0.000440405	2.47856	1.04297	5766.88	14.79	0000000004
127	0.115942	0.000442091	1.05903	1.04297	103191	14.91	0000032768
128	0.116385	0.000443783	1.56382	1.04297	4179.62	14.93	0000000002
129	0.116831	0.000445481	2.22315	1.04297	6156.57	14.94	0000000004
130	0.117278	0.000447187	1.69886	1.04297	4968.8	14.94	0000000002
131	0.117727	0.000448898	1.05971	1.04297	103144	15.06	0000032768
132	0.118178	0.000450616	1.68783	1.06006	3939.74	15.08	0000000002
133	0.11863	0.000452341	2.19035	1.06006	6416.67	15.09	0000000004
134	0.119084	0.000454073	1.76716	1.06006	4227.83	15.09	0000000002
135	0.11954	0.000455811	1.05717	1.04248	103392	15.22	0000032768
136	0.120457	0.000916862	2.35206	1.06006	5816.93	15.24	0000000004
137	0.121381	0.000923894	1.08593	1.07617	100631	15.36	0000032768
138	0.122311	0.000930981	2.77981	1.07568	5615.76	15.38	0000000005
139	0.12325	0.000938121	1.08396	1.0752	100899	15.51	0000032768
140	0.124195	0.000945316	2.39031	1.0752	4783.86	15.53	0000000004
141	0.125148	0.000952567	1.08333	1.0752	101088	15.66	0000032768
142	0.126107	0.000959873	2.4046	1.0752	5074.7	15.68	0000000004
143	0.12659	0.000482694	1.51229	1.0752	4566.38	15.68	0000000002
144	0.127075	0.000484541	1.08165	1.0752	101284	15.81	0000032768
145	0.127561	0.000486396	1.9332	1.0752	3054.82	15.83	0000000002
146	0.128049	0.000488258	2.38614	1.0752	6311.6	15.83	0000000005
147	0.128539	0.000490127	1.54959	1.0752	4740.77	15.83	0000000002
148	0.129031	0.000492003	1.08044	1.0752	101401	15.96	0000032768
149	0.129525	0.000493886	1.77019	1.06689	4358.13	15.98	0000000002
150	0.130021	0.000495776	2.99719	1.06689	6342.82	15.98	0000000006
151	0.130519	0.000497674	1.43704	1.06689	5241.53	15.99	0000000002
152	0.131018	0.000499579	1.06832	1.06641	102564	16.11	0000032768
153	0.13152	0.000501491	1.98708	1.06592	4636.73	16.13	0000000003
154	0.132023	0.000503411	3.81441	1.06592	6023.88	16.14	0000000008
155	0.132529	0.000505338	1.92298	1.06592	6290.89	16.14	0000000004
156	0.133036	0.000507272	1.06571	1.07129	102776	16.26	0000032768
157	0.133545	0.000509213	1.66001	1.07129	4322.72	16.28	0000000002
158	0.134056	0.000511163	4.19387	1.07129	7223.28	16.29	0000000012
159	0.134569	0.000513119	1.50566	1.07129	2722.96	16.29	0000000001
160	0.135084	0.000515083	1.09245	1.09814	100288	16.42	0000032768
161	0.135601	0.000517055	2.09315	1.09766	5505.76	16.44	0000000004
162	0.13612	0.000519034	3.94163	1.09766	8699.72	16.44	0000000014
163	0.136642	0.00052102	2.29838	1.09766	5998.66	16.45	0000000004
164	0.137165	0.000523015	1.09757	1.09717	99873.9	16.57	0000032768
165	0.13769	0.000525017	2.81573	1.09668	5944.46	16.59	0000000005
166	0.138217	0.000527026	4.13442	1.09668	9373.21	16.60	0000000017
167	0.138746	0.000529043	3.01688	1.09668	6636.7	16.60	0000000006
168	0.139277	0.000531068	1.09471	1.09326	99919.7	16.73	0000032768
169	0.13981	0.000533101	2.61321	1.09326	6786.1	16.75	0000000006
170	0.140345	0.000535142	3.59562	1.09326	10009.2	16.75	0000000015
171	0.140882	0.00053719	2.7329	1.09326	7275.62	16.76	0000000006
172	0.141421	0.000539246	1.09269	1.09375	100305	16.88	0000032768
173	0.141963	0.00054131	2.71541	1.09033	9110.93	16.90	0000000009
174	0.142506	0.000543382	3.82515	1.09033	9589.91	16.91	0000000015
175	0.143052	0.000545462	2.89823	1.09033	10743.4	16.91	0000000010
176	0.143599	0.00054755	1.08853	1.09326	100648	17.04	0000032768
177	0.144149	0.000549646	2.10542	1.09326	10842.9	17.06	0000000008
178	0.1447	0.00055175	4.51654	1.09326	8521.57	17.06	0000000018
179	0.145254	0.000553862	2.20896	1.09326	11152.3	17.07	0000000008
180	0.14581	0.000555981	1.08535	1.0918	100873	17.19	0000032768
181	0.146368	0.00055811	2.06537	1.08838	10054	17.21	0000000007
182	0.146929	0.000560246	4.68878	1.08838	9800.42	17.22	0000000025
183	0.147491	0.00056239	1.65534	1.08838	12025.4	17.22	0000000006
184	0.148056	0.000564543	1.08225	1.09033	101018	17.35	0000032768
185	0.148622	0.000566704	1.63758	1.08936	8847.18	17.37	0000000005
186	0.149191	0.000568873	4.80296	1.08936	10669.3	17.37	0000000031
187	0.149762	0.00057105	2.33557	1.08936	6661.12	17.38	0000000005
188	0.150335	0.000573236	1.07892	1.08936	101208	17.50	0000032768
189	0.150911	0.00057543	2.41643	1.10352	7046.75	17.52	0000000006
190	0.151489	0.000577633	4.58065	1.10352	12712.4	17.53	0000000038
191	0.152068	0.000579844	2.0798	1.10352	9014.21	17.53	0000000006
192	0.15265	0.000582063	1.08541	1.10156	100677	17.66	0000032768
193	0.153235	0.000584291	2.27206	1.10107	11221.7	17.68	0000000009
194	0.153821	0.000586528	4.22616	1.10107	15129.9	17.68	0000000051
195	0.15441	0.000588773	3.0134	1.10107	14800.3	17.69	0000000016
196	0.155001	0.000591026	1.07664	1.10059	101050	17.81	0000032768
197	0.155594	0.000593288	2.91486	1.10596	13297.5	17.83	0000000016
198	0.15619	0.000595559	4.03785	1.10596	16767.9	17.84	0000000056
199	0.156788	0.000597839	2.65828	1.10596	15308.2	17.84	0000000014
200	0.157388	0.000600127	1.0713	1.09863	101590	17.97	0000032768
201	0.15799	0.000602424	3.37613	1.104	13898.5	17.99	0000000020
202	0.158595	0.00060473	3.82765	1.104	18217.1	17.99	0000000066
203	0.159202	0.000607045	3.03474	1.104	16991.8	18.00	0000000024
204	0.159811	0.000609368	1.07893	1.104	100769	18.12	0000032768
205	0.160423	0.000611701	2.51726	1.10303	20609.1	18.14	0000000028
206	0.161037	0.000614042	4.19028	1.10303	17300.8	18.15	0000000075
207	0.161654	0.000616393	2.96483	1.10303	18665.4	18.15	0000000025
208	0.162272	0.000618752	1.07972	1.10156	100683	18.28	0000032768
209	0.162893	0.00062112	2.84259	1.12207	19157	18.30	0000000031
210	0.163517	0.000623498	4.05662	1.12207	18216.5	18.31	0000000083
211	0.164143	0.000625884	2.52883	1.12207	23783.3	18.31	0000000036
212	0.164771	0.00062828	1.09371	1.12158	99366.5	18.44	0000032768
213	0.165402	0.000630685	2.55038	1.12109	23135.5	18.46	0000000038
214	0.166035	0.000633099	4.04073	1.12109	19076.2	18.46	0000000100
215	0.16667	0.000635522	2.31575	1.12109	26752.1	18.47	0000000038
216	0.167308	0.000637955	1.09032	1.12451	99326.1	18.59	0000032768
217	0.167949	0.000640396	2.1729	1.12305	23414.4	18.61	0000000027
218	0.168592	0.000642848	4.40043	1.12305	17859.8	18.62	0000000114
219	0.169237	0.000645308	2.45282	1.12305	22559.5	18.62	0000000029
220	0.169885	0.000647778	1.08054	1.11523	100342	18.75	0000032768
221	0.170535	0.000650258	2.94471	1.10938	18607.8	18.77	0000000031
222	0.171188	0.000652747	4.56965	1.10938	17543.7	18.78	0000000132
223	0.171843	0.000655245	2.92383	1.10938	21990.9	18.79	0000000037
224	0.172501	0.000657753	1.09341	1.13623	98908.4	18.91	0000032768
225	0.173161	0.000660271	2.66055	1.13623	22087.9	18.93	0000000035
226	0.173824	0.000662798	4.41194	1.13623	17412.5	18.94	0000000156
227	0.174489	0.000665335	3.04855	1.13623	22590.6	18.94	0000000033
228	0.175157	0.000667882	1.09525	1.13525	98888.8	19.07	0000032768
229	0.175827	0.000670438	2.99678	1.14355	24032.9	19.09	0000000045
230	0.1765	0.000673004	4.829	1.14355	17027.9	19.10	0000000176
231	0.177176	0.00067558	2.8359	1.14355	26366.4	19.11	0000000054
232	0.177854	0.000678166	1.10757	1.15479	97705.7	19.23	0000032768
233	0.178535	0.000680762	2.97594	1.12939	26017.6	19.25	0000000059
234	0.179218	0.000683368	4.9716	1.12939	16482.6	19.26	0000000195
235	0.179904	0.000685983	2.26629	1.12939	30203.3	19.27	0000000055
236	0.180593	0.000688609	1.08873	1.12988	99164	19.40	0000032768
237	0.181284	0.000691245	3.45603	1.13281	21793.8	19.42	0000000055
238	0.181978	0.000693891	5.32017	1.13281	15502.7	19.42	0000000213
239	0.182675	0.000696547	3.69964	1.13281	21738.2	19.43	0000000066
240	0.183374	0.000699213	1.1199	1.17139	96476.3	19.56	0000032768
241	0.184076	0.000701889	3.45981	1.15381	22653.5	19.58	0000000067
242	0.18478	0.000704576	5.30421	1.15381	15835.7	19.58	0000000237
243	0.185488	0.000707273	3.51598	1.15381	22653	19.59	0000000064
244	0.186197	0.00070998	1.09889	1.15186	98111.8	19.72	0000032768
245	0.18691	0.000712697	3.98827	1.17822	19893.9	19.74	0000000074
246	0.187626	0.000715425	5.14983	1.17822	16363.9	19.74	0000000277
247	0.188344	0.000718164	3.59851	1.17822	19329.6	19.75	0000000077
248	0.189065	0.000720913	1.10227	1.15625	97506.2	19.89	0000032768
249	0.189788	0.000723672	4.17601	1.17188	19204.5	19.91	0000000085
250	0.190515	0.000726442	4.61129	1.17188	17835.4	19.92	0000000316
251	0.191244	0.000729222	4.31427	1.17188	19187.2	19.92	0000000086
252	0.191976	0.000732014	1.12731	1.17822	95497.8	20.05	0000032768
253	0.192711	0.000734816	4.24102	1.17578	19341.7	20.07	0000000086
254	0.193448	0.000737628	4.58312	1.17578	18610	20.08	0000000349
255	0.194189	0.000740451	4.15777	1.17578	21392.6	20.08	0000000098
256	0.194932	0.000743286	1.1191	1.17285	96315.2	20.21	0000032768
257	0.195678	0.000746131	3.13908	1.17285	26792.6	20.23	0000000102
258	0.196427	0.000748987	4.58629	1.17285	18368.7	20.23	0000000390
259	0.196803	0.000375568	1.33826	1.17285	2809.37	20.24	0000000001
260	0.197179	0.000376286	3.57751	1.17285	24274.7	20.24	0000000116
261	0.197556	0.000377005	1.97141	1.17285	5728.34	20.25	0000000003
262	0.197934	0.000377726	1.11597	1.16602	96466.5	20.37	0000032768
263	0.198312	0.000378448	2.40762	1.17236	6912.8	20.39	0000000005
264	0.198692	0.000379172	3.16523	1.17236	27514.4	20.40	0000000129
265	0.199071	0.000379897	2.85853	1.17236	7812.01	20.40	0000000006
266	0.199452	0.000380623	4.60898	1.17236	18374.8	20.41	0000000437
267	0.199833	0.000381351	2.85318	1.17236	7992.16	20.41	0000000006
268	0.200215	0.00038208	2.68469	1.17236	29372.4	20.44	0000000133
269	0.200598	0.000382811	2.29725	1.17236	7370.8	20.45	0000000005
270	0.200982	0.000383543	1.11076	1.16943	96827	20.57	0000032768
271	0.201366	0.000384276	2.75488	1.19141	7151.71	20.59	0000000006
272	0.201751	0.000385011	2.71654	1.19141	31187.3	20.60	0000000145
273	0.202137	0.000385747	2.53474	1.19141	7347.06	20.60	0000000005
274	0.202523	0.000386484	4.36841	1.19141	18904.7	20.61	0000000481
275	0.202911	0.000387223	1.95404	1.19141	5943.32	20.61	0000000003
276	0.203299	0.000387964	2.79405	1.19141	31520.8	20.62	0000000147
277	0.203687	0.000388705	1.39228	1.19141	2808.11	20.62	0000000001
278	0.204077	0.000389449	1.13388	1.18994	94848.3	20.75	0000032768
279	0.204858	0.000781133	3.44641	1.19922	24858.3	20.77	0000000144
280	0.20525	0.000391687	1.45911	1.19922	2657.31	20.77	0000000001
281	0.205642	0.000392436	4.23358	1.19922	19489.2	20.78	0000000544
282	0.206035	0.000393186	1.51554	1.19922	2585.74	20.79	0000000001
283	0.206429	0.000393938	3.41786	1.19922	26606.6	20.79	0000000160
284	0.206824	0.000394691	1.64839	1.19922	6780.7	20.80	0000000003
285	0.207219	0.000395446	1.13734	1.19873	94115	20.92	0000032768
286	0.207615	0.000396202	1.82533	1.19873	5580.69	20.94	0000000003
287	0.208012	0.000396959	3.4843	1.19873	25405.5	20.95	0000000171
288	0.20841	0.000397718	2.07404	1.19873	5944.08	20.95	0000000003
289	0.208809	0.000398479	4.24852	1.19873	20368.4	20.96	0000000598
290	0.209208	0.000399241	1.31991	1.19873	5741.58	20.96	0000000002
291	0.209608	0.000400004	3.30152	1.19873	27657.5	20.97	0000000189
292	0.210009	0.000400769	1.4972	1.19873	7737.06	20.98	0000000003
293	0.21041	0.000401535	1.12732	1.19629	94830.8	21.10	0000032768
294	0.210812	0.000402303	1.36672	1.19629	8466.83	21.12	0000000004
295	0.211216	0.000403072	2.9764	1.19629	29139.4	21.13	0000000197
296	0.211619	0.000403843	1.8872	1.19629	11965.2	21.13	0000000008
297	0.212024	0.000404615	4.12816	1.19629	21093.2	21.14	0000000664
298	0.212429	0.000405388	2.11667	1.19629	12116.3	21.14	0000000009
299	0.212836	0.000406163	3.0639	1.19629	29718.7	21.15	0000000206
300	0.213242	0.00040694	1.97664	1.19629	11027.9	21.15	0000000007
301	0.21365	0.000407718	1.15098	1.22314	92881.7	21.28	0000032768
302	0.214059	0.000408498	2.66799	1.17969	8681.91	21.30	0000000008
303	0.214468	0.000409279	3.17626	1.17969	28437.8	21.31	0000000211
304	0.214878	0.000410061	2.18856	1.17969	11555.9	21.31	0000000008
305	0.215289	0.000410845	3.9559	1.17969	22121.2	21.32	0000000718
306	0.2157	0.000411631	2.36871	1.17969	11587.9	21.32	0000000009
307	0.216113	0.000412418	3.11197	1.17969	30155.3	21.33	0000000223
308	0.216526	0.000413206	2.84173	1.17969	11320	21.33	0000000011
309	0.21694	0.000413996	1.13008	1.17676	94540.8	21.46	0000032768
310	0.217355	0.000414788	3.03796	1.23242	9461.57	21.48	0000000009
311	0.21777	0.000415581	2.86162	1.23242	31545.5	21.48	0000000233
312	0.218187	0.000416376	2.77728	1.23242	9820.18	21.49	0000000009
313	0.218604	0.000417172	4.01573	1.23242	22147.3	21.50	0000000776
314	0.219022	0.000417969	2.08621	1.23242	8862.52	21.50	0000000006
315	0.219441	0.000418769	2.98532	1.23242	31334.1	21.51	0000000229
316	0.21986	0.000419569	2.84913	1.23242	9567.79	21.51	0000000009
317	0.220281	0.000420371	1.14282	1.21924	93414.5	21.64	0000032768
318	0.220702	0.000421175	2.69492	1.23145	9428.43	21.66	0000000009
319	0.221124	0.00042198	2.81969	1.23145	33143.1	21.66	0000000241
320	0.221547	0.000422787	2.66904	1.23145	9541.82	21.67	0000000009
321	0.22197	0.000423596	3.9714	1.23145	21860.2	21.68	0000000851
322	0.222395	0.000424406	2.47111	1.23145	9145.72	21.68	0000000010
323	0.22282	0.000425217	2.75381	1.23145	34107.7	21.69	0000000244
324	0.223246	0.00042603	2.34534	1.23145	11402.2	21.69	0000000010
325	0.223673	0.000426845	1.16218	1.229	91704.6	21.82	0000032768
326	0.2241	0.000427661	2.52175	1.23828	10150.9	21.84	0000000010
327	0.224529	0.000428478	2.66353	1.23828	35426.3	21.84	0000000268
328	0.224958	0.000429298	2.91513	1.23828	11036.1	21.85	0000000013
329	0.225388	0.000430118	3.81375	1.23828	23113.5	21.86	0000000948
330	0.225819	0.000430941	2.90914	1.23828	12839.4	21.86	0000000017
331	0.226251	0.000431765	2.85005	1.23828	34499.1	21.87	0000000277
332	0.226684	0.00043259	3.02289	1.23828	8918.87	21.87	0000000013
333	0.227117	0.000433417	1.17852	1.23926	90468.4	22.00	0000032768
334	0.227551	0.000434246	3.16932	1.18701	9743.33	22.02	0000000014
335	0.227986	0.000435076	2.64074	1.18701	37004.5	22.02	0000000279
336	0.228422	0.000435908	3.25746	1.18701	11167.9	22.03	0000000015
337	0.228859	0.000436742	3.53814	1.18701	24167.4	22.04	0000001043
338	0.229297	0.000437577	3.36703	1.18701	9779.89	22.04	0000000012
339	0.229735	0.000438413	2.77644	1.18701	35446.3	22.05	0000000301
340	0.230174	0.000439252	3.31971	1.18701	9522.64	22.05	0000000013
341	0.230614	0.000440091	1.14766	1.20117	92780.4	22.18	0000032768
342	0.231055	0.000440933	3.31583	1.22412	8006.06	22.20	0000000012
343	0.231497	0.000441776	2.76636	1.22412	35784.5	22.21	0000000313
344	0.23194	0.000442621	3.64155	1.22412	8502.53	22.21	0000000012
345	0.232383	0.000443467	3.57958	1.22412	24427	22.22	0000001141
346	0.232827	0.000444315	3.82563	1.22412	9021.06	22.22	0000000013
347	0.233273	0.000445164	2.95646	1.22412	33651.7	22.23	0000000351
348	0.233719	0.000446016	3.02424	1.22412	10700.4	22.23	0000000013
349	0.234165	0.000446868	1.15302	1.22412	92288	22.36	0000032768
350	0.234613	0.000447723	2.27994	1.22314	10540	22.38	0000000011
351	0.235062	0.000448579	2.7231	1.22314	35484.4	22.39	0000000383
352	0.235511	0.000449436	1.877	1.22314	11537.1	22.39	0000000007
353	0.235962	0.000450296	3.49854	1.22314	24742.1	22.40	0000001239
354	0.236413	0.000451157	2.10228	1.22314	6031.65	22.40	0000000004
355	0.236865	0.000452019	3.01311	1.22314	32824.6	22.41	0000000379
356	0.237318	0.000452884	1.59684	1.22314	6052.29	22.42	0000000003
357	0.237771	0.00045375	1.16799	1.229	91145.4	22.54	0000032768
358	0.238226	0.000454617	1.45426	1.24414	6612.82	22.56	0000000003
359	0.238681	0.000455486	2.86276	1.24414	33450.1	22.57	0000000389
360	0.239138	0.000456357	1.3001	1.24414	8439.1	22.57	0000000003
361	0.239595	0.00045723	3.46726	1.24414	24936.5	22.58	0000001372
362	0.240053	0.000458104	1.80013	1.24414	10496.9	22.59	0000000006
363	0.240512	0.00045898	3.00116	1.24414	31998.3	22.59	0000000414
364	0.240972	0.000459857	2.82632	1.24414	7402.58	22.60	0000000008
365	0.241433	0.000460737	1.18751	1.24951	89436.1	22.73	0000032768
366	0.241894	0.000461618	2.63923	1.24902	9217.61	22.75	0000000010
367	0.242357	0.0004625	2.77087	1.24902	34192.7	22.75	0000000434
368	0.24282	0.000463385	2.86365	1.24902	12043.7	22.76	0000000014
369	0.243284	0.00046427	3.39971	1.24902	25408	22.77	0000001498
370	0.24375	0.000465158	2.64753	1.24902	13330.3	22.77	0000000014
371	0.244216	0.000466048	2.94452	1.24902	32365.3	22.78	0000000436
372	0.244683	0.000466939	2.60029	1.24902	12740.4	22.78	0000000014
373	0.24515	0.000467831	1.21254	1.27393	87430.7	22.91	0000032768
374	0.245619	0.000468726	3.29651	1.22607	10145.4	22.93	0000000016
375	0.246089	0.000469622	2.64571	1.22607	36338.7	22.94	0000000426
376	0.246559	0.00047052	3.01584	1.22607	11656.1	22.94	0000000015
377	0.247031	0.00047142	3.31835	1.22607	25831.1	22.95	0000001602
378	0.247503	0.000472321	3.35684	1.22607	8793.22	22.96	0000000012
379	0.247976	0.000473224	2.69688	1.22607	35985	22.96	0000000438
380	0.24845	0.000474129	3.85628	1.22607	8427.97	22.97	0000000014
381	0.248925	0.000475035	1.15805	1.22949	91732.7	23.10	0000032768
382	0.249401	0.000475944	3.35193	1.2749	8952.78	23.12	0000000014
383	0.249878	0.000476854	2.2609	1.2749	41248.8	23.12	0000000462
384	0.250356	0.000477765	3.54935	1.2749	9172.77	23.13	0000000017
385	0.250835	0.000478679	3.05593	1.2749	28504.9	23.14	0000001724
386	0.251314	0.000479594	3.61276	1.2749	9993.9	23.14	0000000016
387	0.251795	0.000480511	2.34464	1.2749	40029.3	23.15	0000000502
388	0.252276	0.00048143	3.83811	1.2749	10142.5	23.15	0000000017
389	0.252759	0.00048235	1.21895	1.27393	87216.1	23.28	0000032768
390	0.253242	0.000483273	3.67567	1.2749	9885.74	23.30	0000000017
391	0.253726	0.000484197	2.35592	1.2749	39781.8	23.31	0000000520
392	0.254211	0.000485122	3.56276	1.2749	11178.8	23.31	0000000021
393	0.254697	0.00048605	3.01545	1.2749	29035.1	23.32	0000001863
394	0.255184	0.000486979	3.77078	1.2749	10145.5	23.33	0000000019
395	0.255672	0.00048791	2.50267	1.2749	38588.2	23.33	0000000551
396	0.256161	0.000488843	4.337	1.2749	9841.17	23.34	0000000023
397	0.256651	0.000489778	1.238	1.28467	85677.7	23.46	0000032768
398	0.257141	0.000490714	4.38255	1.28467	9412.71	23.48	0000000025
399	0.257633	0.000491653	2.35537	1.28467	41235.2	23.49	0000000579
400	0.258126	0.000492593	4.50517	1.28467	9872.06	23.49	0000000026
401	0.258619	0.000493534	2.88711	1.28467	30128.6	23.51	0000001991
402	0.259114	0.000494478	4.5361	1.28467	9917.43	23.51	0000000028
403	0.259609	0.000495424	2.34556	1.28467	40943.9	23.52	0000000598
404	0.260105	0.000496371	4.69729	1.28467	11276.8	23.52	0000000034
405	0.260603	0.00049732	1.2498	1.29053	84849.9	23.65	0000032768
406	0.261101	0.000498271	4.26156	1.28955	12182	23.67	0000000038
407	0.2616	0.000499223	2.32613	1.28955	42454.9	23.67	0000000625
408	0.2621	0.000500178	4.34362	1.28955	12715.1	23.68	0000000039
409	0.262602	0.000501134	2.83932	1.28955	30864.9	23.69	0000002102
410	0.263104	0.000502092	4.56868	1.28955	12628.4	23.70	0000000042
411	0.263607	0.000503052	2.43178	1.2876	40603.2	23.72	0000000641
412	0.264111	0.000504014	4.28489	1.2876	13035.5	23.72	0000000038
413	0.264616	0.000504978	1.24694	1.28662	84961.2	23.85	0000032768
414	0.265122	0.000505943	3.80301	1.28662	15170.3	23.87	0000000048
415	0.265629	0.000506911	2.3127	1.28662	43195.2	23.88	0000000670
416	0.266136	0.00050788	3.90073	1.28662	15663.5	23.88	0000000052
417	0.266645	0.000508851	2.83454	1.28662	31102.1	23.89	0000002244
418	0.267155	0.000509824	3.56613	1.28662	18543.9	23.90	0000000058
419	0.267666	0.000510799	2.2294	1.29053	45293.9	23.92	0000000709
420	0.268178	0.000511775	3.72478	1.29053	16714.8	23.93	0000000052
421	0.26869	0.000512754	1.24683	1.29102	84856.8	24.05	0000032768
422	0.269204	0.000513734	3.70062	1.21289	16277.6	24.07	0000000049
423	0.269719	0.000514717	2.00041	1.21289	49821.7	24.08	0000000743
424	0.270235	0.000515701	3.73597	1.21289	17686.3	24.09	0000000060
425	0.270751	0.000516687	2.54474	1.21289	34326.7	24.10	0000002396
426	0.271269	0.000517675	3.61728	1.21289	18718.1	24.10	0000000064
427	0.271788	0.000518664	2.14496	1.23145	45703	24.12	0000000768
428	0.272307	0.000519656	3.33269	1.23145	21035.2	24.13	0000000068
429	0.272828	0.00052065	1.18707	1.23193	88939	24.25	0000032768
430	0.27335	0.000521645	3.5653	1.23193	18481.9	24.28	0000000071
431	0.273872	0.000522643	2.08706	1.23193	46565.2	24.28	0000000796
432	0.274396	0.000523642	3.68364	1.23193	16878.4	24.29	0000000059
433	0.274921	0.000524643	2.48012	1.23242	35296.3	24.31	0000002585
434	0.275446	0.000525646	3.75517	1.23242	15918	24.32	0000000055
435	0.275973	0.000526651	2.13306	1.23242	45317.9	24.33	0000000809
436	0.2765	0.000527658	3.78397	1.23242	16165.3	24.33	0000000052
437	0.277029	0.000528667	1.16077	1.23438	90985	24.46	0000032768
438	0.277559	0.000529678	4.07305	1.23486	12805.7	24.48	0000000045
439	0.27809	0.000530691	2.17634	1.23486	44533.2	24.48	0000000841
440	0.278621	0.000531705	4.37618	1.23486	11253.1	24.49	0000000039
441	0.279154	0.000532722	2.33043	1.2373	37593.8	24.52	0000002774
442	0.279688	0.00053374	4.31028	1.2373	11496.2	24.52	0000000037
443	0.280222	0.000534761	2.19445	1.2373	44284.9	24.53	0000000854
444	0.280758	0.000535783	3.47353	1.2373	15036.7	24.53	0000000040
445	0.281295	0.000536808	1.19016	1.23633	88588.2	24.66	0000032768
446	0.281833	0.000537834	3.38004	1.25391	14526.2	24.68	0000000042
447	0.282372	0.000538862	2.22435	1.25391	42478.5	24.69	0000000869
448	0.282912	0.000539893	3.53369	1.25391	15421.9	24.69	0000000043
449	0.283453	0.000540925	2.19715	1.28271	39842.6	24.72	0000002962
450	0.283995	0.000541959	2.92935	1.28271	18845.4	24.72	0000000042
451	0.284538	0.000542996	2.1222	1.28271	45447.7	24.73	0000000875
452	0.285082	0.000544034	3.20854	1.28271	18032.7	24.73	0000000043
453	0.285627	0.000545074	1.20395	1.23828	87655	24.86	0000032768
454	0.286173	0.000546116	3.02953	1.28271	17239.1	24.88	0000000039
455	0.28672	0.00054716	2.09597	1.28271	45247.8	24.89	0000000901
456	0.287268	0.000548206	3.20505	1.28271	17683.2	24.89	0000000040
457	0.287817	0.000549255	2.09971	1.28223	41382.2	24.92	0000003166
458	0.288368	0.000550305	3.18532	1.28223	19188	24.93	0000000048
459	0.288919	0.000551357	2.06545	1.28223	45835.8	24.93	0000000931
460	0.289471	0.000552411	3.69224	1.28223	14424.8	24.94	0000000041
461	0.290025	0.000553467	1.22989	1.2583	85715	25.07	0000032768
462	0.290579	0.000554526	3.27168	1.3457	18128.1	25.09	0000000046
463	0.291135	0.000555586	2.26265	1.3457	41461.4	25.09	0000000952
464	0.291692	0.000556648	3.42471	1.3457	19966.8	25.10	0000000059
465	0.292249	0.000557712	2.24357	1.34619	38661.8	25.13	0000003353
466	0.292808	0.000558779	3.45561	1.34619	17926.2	25.13	0000000051
467	0.293368	0.000559847	2.33814	1.34619	40109.9	25.14	0000000966
468	0.293929	0.000560918	3.40955	1.34619	19342	25.14	0000000052
469	0.294491	0.00056199	1.22925	1.28076	85611.9	25.28	0000032768
470	0.295054	0.000563065	3.28579	1.28076	19430.9	25.30	0000000055
471	0.295618	0.000564141	2.14135	1.28076	44018	25.31	0000001040
472	0.296183	0.00056522	3.17106	1.28076	19292.8	25.31	0000000047
473	0.29675	0.0005663	2.05182	1.29004	42180.1	25.34	0000003526
474	0.297317	0.000567383	3.04277	1.29004	20050.7	25.34	0000000050
475	0.297885	0.000568468	2.09356	1.29004	45532.5	25.35	0000001089
476	0.298455	0.000569555	2.87674	1.29004	21098.3	25.36	0000000047
477	0.299026	0.000570644	1.30133	1.34863	80984	25.49	0000032768
478	0.299597	0.000571735	2.87626	1.34717	18465.8	25.51	0000000041
479	0.30017	0.000572828	2.21132	1.34717	43489.2	25.52	0000001152
480	0.300744	0.000573923	3.0341	1.34717	18517.1	25.52	0000000045
481	0.301319	0.000575021	1.97647	1.2998	44045.3	25.55	0000003731
482	0.301895	0.00057612	2.60618	1.2998	20201.3	25.55	0000000044
483	0.302473	0.000577222	2.05866	1.2998	46426.8	25.56	0000001208
484	0.303051	0.000578325	3.00968	1.2998	18970.9	25.57	0000000041
485	0.30363	0.000579431	1.24623	1.30078	84354.5	25.70	0000032768
486	0.304211	0.000580539	2.75517	1.30176	18149.3	25.72	0000000048
487	0.304792	0.000581649	2.11069	1.30176	45875.4	25.73	0000001222
488	0.305375	0.000582761	3.09107	1.30176	20263.5	25.74	0000000056
489	0.305959	0.000583875	1.91305	1.30566	45231.1	25.76	0000003932
490	0.306544	0.000584992	3.47891	1.30566	17239.3	25.77	0000000060
491	0.30713	0.00058611	2.06619	1.30566	45814.3	25.78	0000001252
492	0.307717	0.000587231	3.39245	1.30566	17619.7	25.78	0000000058
493	0.308306	0.000588354	1.26832	1.30713	82740.2	25.92	0000032768
494	0.308895	0.000589479	3.7888	1.38672	14710.6	25.94	0000000053
495	0.309486	0.000590606	2.04282	1.38672	46463.8	25.94	0000001288
496	0.310078	0.000591735	3.7689	1.38672	15110.4	25.95	0000000049
497	0.31067	0.000592866	1.76501	1.38525	49442.6	25.98	0000004145
498	0.311264	0.000594	3.73692	1.38525	15218.6	25.98	0000000051
499	0.31186	0.000595135	2.07318	1.38525	45192.6	25.99	0000001319
500	0.312456	0.000596273	3.59347	1.38525	16900.4	26.00	0000000054
501	0.313053	0.000597413	1.28156	1.40771	81878.7	26.13	0000032768
502	0.313652	0.000598556	3.66205	1.40918	17473.1	26.16	0000000063
503	0.314252	0.0005997	2.13662	1.40918	43241.8	26.16	0000001333
504	0.314852	0.000600847	4.04784	1.40918	16181.4	26.17	0000000062
505	0.315454	0.000601996	1.69716	1.40625	51348.6	26.20	0000004375
506	0.316058	0.000603147	3.93022	1.40625	16768	26.20	0000000073
507	0.316662	0.0006043	2.11363	1.40625	43540.8	26.21	0000001342
508	0.317267	0.000605455	3.52728	1.40625	20153.2	26.22	0000000080
509	0.317874	0.000606613	1.30249	1.32764	80511.8	26.36	0000032768
510	0.318482	0.000607773	3.44441	1.35352	18692	26.38	0000000078
511	0.319091	0.000608935	2.2183	1.35352	40970.5	26.39	0000001355
512	0.319701	0.000610099	3.27286	1.35352	21125.7	26.39	0000000084
513	0.320312	0.000611266	1.76409	1.3335	49255	26.42	0000004584
514	0.320924	0.000612434	3.17777	1.3335	21370.4	26.43	0000000080
515	0.321538	0.000613605	2.22169	1.3335	40901.6	26.43	0000001405
516	0.322153	0.000614778	3.17877	1.3335	22344.1	26.44	0000000083
517	0.322769	0.000615954	1.30816	1.44629	80327.4	26.58	0000032768
518	0.323386	0.000617132	3.1899	1.32129	20146.1	26.60	0000000092
519	0.324004	0.000618312	2.19159	1.32129	41648.2	26.61	0000001466
520	0.324624	0.000619494	3.18985	1.32129	21711.2	26.61	0000000089
521	0.325244	0.000620678	1.47024	1.43506	59653.9	26.64	0000004825
522	0.325866	0.000621865	3.28168	1.43506	21152.1	26.65	0000000096
523	0.326489	0.000623054	1.96983	1.43506	47005.5	26.66	0000001526
524	0.327114	0.000624245	3.45236	1.43506	20475.5	26.66	0000000096
525	0.327739	0.000625439	1.34249	1.38574	78182.2	26.80	0000032768
526	0.328366	0.000626635	3.20127	1.33887	20891	26.82	0000000093
527	0.328993	0.000627833	2.19829	1.33887	41588	26.83	0000001601
528	0.329622	0.000629033	3.56939	1.33887	19576	26.83	0000000106
529	0.330253	0.000630236	1.42513	1.47656	61792.8	26.86	0000005038
530	0.330884	0.000631441	3.45123	1.47656	20362.8	26.87	0000000111
531	0.331517	0.000632648	1.96631	1.47656	47400.1	26.87	0000001651
532	0.332151	0.000633858	3.56858	1.47656	19961	26.88	0000000119
533	0.332786	0.00063507	1.34503	1.47607	78173.2	27.02	0000032768
534	0.333422	0.000636284	3.45925	1.47559	21150.3	27.04	0000000130
535	0.33406	0.000637501	1.97582	1.47559	47263.8	27.05	0000001682
536	0.334698	0.000638719	3.45609	1.47559	21137.5	27.06	0000000133
537	0.335338	0.000639941	1.39635	1.51074	63087.1	27.09	0000005247
538	0.335979	0.000641164	3.30636	1.51074	23106.1	27.09	0000000144
539	0.336622	0.00064239	1.93722	1.51074	48578.7	27.10	0000001751
540	0.337265	0.000643618	3.36796	1.51074	22371.5	27.10	0000000157
541	0.33791	0.000644849	1.3864	1.50977	75707.4	27.24	0000032768
542	0.338556	0.000646082	3.27034	1.55615	23071.3	27.27	0000000155
543	0.339204	0.000647317	1.79375	1.55615	51264.9	27.27	0000001816
544	0.339852	0.000648555	3.58888	1.55615	21881.5	27.28	0000000170
545	0.340502	0.000649795	1.49291	1.44043	58703.9	27.31	0000005485
546	0.341153	0.000651037	3.253	1.44043	24406.2	27.32	0000000172
547	0.341805	0.000652282	1.78665	1.44043	51638.9	27.32	0000001879
548	0.342459	0.000653529	3.51304	1.44043	23047.4	27.33	0000000160
549	0.343114	0.000654779	1.36702	1.39502	76602.6	27.47	0000032768
550	0.34377	0.000656031	3.41496	1.61426	23317.6	27.49	0000000158
551	0.344427	0.000657285	1.67058	1.61426	56137.6	27.50	0000001908
552	0.345085	0.000658542	3.26402	1.61426	24667.1	27.51	0000000169
553	0.345745	0.000659801	1.42288	1.41064	60898.5	27.54	0000005717
554	0.346406	0.000661062	3.04516	1.41064	25303.2	27.54	0000000157
555	0.347069	0.000662326	1.78591	1.41064	50511.3	27.55	0000001938
556	0.347732	0.000663593	3.00581	1.41064	21890	27.56	0000000166
557	0.348397	0.000664862	1.32841	1.3623	78842.4	27.70	0000032768
558	0.349063	0.000666133	3.45848	1.35986	22634.7	27.72	0000000168
559	0.349731	0.000667406	1.72929	1.35986	52623.8	27.73	0000001975
560	0.350399	0.000668682	3.63185	1.35986	21428.9	27.74	0000000159
561	0.351069	0.000669961	1.36813	1.3667	63990.9	27.77	0000005949
562	0.35174	0.000671242	3.52902	1.3667	22754.3	27.77	0000000164
563	0.352413	0.000672525	1.68872	1.3667	53866.5	27.78	0000002061
564	0.353087	0.000673811	3.59606	1.3667	22225.2	27.79	0000000162
565	0.353762	0.0006751	1.53821	1.74023	68236.8	27.93	0000032768
566	0.354438	0.00067639	3.45479	1.34668	23269.5	27.96	0000000155
567	0.355116	0.000677684	1.67972	1.34668	54378.9	27.96	0000002119
568	0.355795	0.000678979	3.60687	1.34668	22825.7	27.97	0000000165
569	0.356475	0.000680278	1.35589	1.64893	64729.7	28.00	0000006182
570	0.357157	0.000681578	3.20688	1.64893	26462.2	28.00	0000000189
571	0.35784	0.000682881	1.59347	1.64893	57608.7	28.01	0000002135
572	0.358524	0.000684187	3.46598	1.64893	24096.5	28.02	0000000189
573	0.359209	0.000685495	1.64867	1.85645	63739.6	28.18	0000032768
574	0.359896	0.000686806	3.42007	1.65723	23644.8	28.20	0000000188
575	0.360584	0.000688119	1.5716	1.65723	58274.2	28.21	0000002156
576	0.361274	0.000689435	3.3321	1.65723	24313.8	28.22	0000000179
577	0.361965	0.000690753	1.35586	1.66553	64768.5	28.25	0000006367
578	0.362657	0.000692074	3.29383	1.66553	25011.7	28.25	0000000186
579	0.36335	0.000693397	1.60215	1.66553	56438.8	28.26	0000002193
580	0.364045	0.000694723	3.23221	1.66553	24460.8	28.27	0000000184
581	0.364741	0.000696051	1.49324	1.68604	70218.3	28.41	0000032768
582	0.365438	0.000697382	3.01994	1.36328	26457.3	28.43	0000000190
583	0.366137	0.000698715	1.62676	1.36328	55210.1	28.44	0000002240
584	0.366837	0.000700051	3.06366	1.36328	26204.2	28.45	0000000196
585	0.367538	0.00070139	1.32697	1.36279	66078.4	28.48	0000006558
586	0.368241	0.000702731	2.70621	1.36279	28190.2	28.48	0000000211
587	0.368945	0.000704074	1.67755	1.36279	53071.7	28.49	0000002255
588	0.369651	0.00070542	2.8881	1.36279	27207.3	28.50	0000000217
589	0.370357	0.000706769	1.50087	1.70312	69969	28.64	0000032768
590	0.371065	0.000708121	2.92193	1.71045	26686	28.66	0000000226
591	0.371775	0.000709474	1.48761	1.71045	60859.9	28.67	0000002308
592	0.372486	0.000710831	2.95271	1.71045	27391.4	28.68	0000000225
593	0.373198	0.00071219	1.32184	1.70166	66519.1	28.71	0000006779
594	0.373911	0.000713552	2.85732	1.70166	28361.8	28.71	0000000231
595	0.374626	0.000714916	1.49484	1.70166	60301.5	28.72	0000002326
596	0.375343	0.000716283	2.66192	1.70166	29608.7	28.73	0000000234
597	0.37606	0.000717653	1.6678	1.88477	63124	28.88	0000032768
598	0.376779	0.000719025	2.62855	1.83643	30236.7	28.91	0000000239
599	0.3775	0.000720399	1.61222	1.83643	56009.8	28.92	0000002411
600	0.378222	0.000721777	2.78543	1.83643	28817.2	28.92	0000000253
601	0.378945	0.000723157	1.40286	1.88232	62955.9	28.96	0000006997
602	0.379669	0.00072454	2.69343	1.88232	29800.8	28.96	0000000248
603	0.380395	0.000725925	1.55707	1.88232	57879	28.97	0000002504
604	0.381122	0.000727313	2.87461	1.88232	26995.3	28.98	0000000246
605	0.381851	0.000728703	1.6838	1.90088	62519.4	29.13	0000032768
606	0.382581	0.000730097	3.00057	1.51367	24536.2	29.16	0000000237
607	0.383313	0.000731493	1.47518	1.51367	60543.8	29.17	0000002594
608	0.384046	0.000732891	3.14422	1.51367	24947	29.17	0000000250
609	0.38478	0.000734293	1.33195	1.89844	66346.1	29.20	0000007213
610	0.385516	0.000735697	2.84776	1.89844	27858.9	29.21	0000000246
611	0.386253	0.000737103	1.50388	1.89844	59379	29.22	0000002627
612	0.386991	0.000738513	2.57174	1.89844	31291.9	29.22	0000000244
613	0.387731	0.000739925	1.37637	1.55322	75867.2	29.37	0000032768
614	0.388472	0.000741339	2.57409	1.51025	30756.7	29.39	0000000271
615	0.389215	0.000742757	1.49153	1.51025	59277.7	29.40	0000002680
616	0.389959	0.000744177	2.66628	1.51025	30029	29.41	0000000300
617	0.390705	0.0007456	1.38789	1.84961	63462	29.44	0000007425
618	0.391452	0.000747025	2.51743	1.84961	30739.4	29.45	0000000301
619	0.392201	0.000748454	1.5538	1.84961	56722.5	29.46	0000002712
620	0.39295	0.000749885	2.45951	1.94043	32839.2	29.48	0000000297
621	0.393702	0.000751318	1.37656	1.55225	75912.9	29.62	0000032768
622	0.394454	0.000752755	2.63252	1.55273	30360.5	29.64	0000000318
623	0.395209	0.000754194	1.56376	1.55273	56661.8	29.65	0000002797
624	0.395964	0.000755636	2.5779	1.55273	31071	29.66	0000000318
625	0.396721	0.000757081	1.40017	1.93652	63135.5	29.69	0000007631
626	0.39748	0.000758529	2.40522	1.93652	34148.4	29.70	0000000313
627	0.39824	0.000759979	1.67667	1.93652	53439.9	29.71	0000002861
628	0.399001	0.000761432	2.38645	1.93408	34471.6	29.73	0000000331
629	0.399764	0.000762888	1.3888	1.57617	74684.8	29.87	0000032768
630	0.400529	0.000764346	2.54524	1.54932	32044.9	29.92	0000000337
631	0.401294	0.000765808	1.60152	1.54932	55331.9	29.93	0000002928
632	0.402062	0.000767272	2.64655	1.54932	30836.7	29.93	0000000328
633	0.40283	0.000768739	1.37061	1.55029	64182.3	29.96	0000007890
634	0.403601	0.000770209	2.62942	1.55029	30761.2	29.97	0000000319
635	0.404372	0.000771681	1.58151	1.55078	56162.8	30.00	0000002976
636	0.405145	0.000773157	2.56432	1.55078	31064.7	30.00	0000000346
637	0.40592	0.000774635	1.66689	1.89014	63197.2	30.15	0000032768
638	0.406696	0.000776116	2.26029	1.9082	34656.7	30.18	0000000338
639	0.407474	0.0007776	1.60064	1.9082	55262	30.18	0000003016
640	0.408253	0.000779087	2.37073	1.87549	32518.8	30.21	0000000347
641	0.409033	0.000780577	1.33614	1.95654	65819.3	30.24	0000008138
642	0.409816	0.000782069	2.32156	1.95654	33986	30.25	0000000354
643	0.410599	0.000783564	1.58522	1.854	55338.2	30.28	0000003046
644	0.411384	0.000785063	2.28344	1.854	35465.4	30.29	0000000350
645	0.412171	0.000786564	1.65647	1.88379	63487.2	30.43	0000032768
646	0.412959	0.000788067	2.14409	1.86279	36048.3	30.46	0000000346
647	0.413748	0.000789574	1.60449	1.86279	54778.4	30.47	0000003091
648	0.414539	0.000791084	2.21033	1.8623	36882.5	30.49	0000000361
649	0.415332	0.000792596	1.35374	1.86279	65027.3	30.53	0000008376
650	0.416126	0.000794112	2.23879	1.86279	35113.8	30.53	0000000340
651	0.416922	0.00079563	1.58001	1.75146	55344.1	30.56	0000003172
652	0.417719	0.000797151	2.36058	1.75146	33677.3	30.57	0000000324
653	0.418518	0.000798676	1.66077	1.84863	63251	30.71	0000032768
654	0.419318	0.000800203	2.59259	1.95898	30014.9	30.74	0000000340
655	0.42012	0.000801733	1.60634	1.95898	54148.4	30.75	0000003232
656	0.420923	0.000803266	2.61809	1.78809	28621.2	30.77	0000000336
657	0.421728	0.000804801	1.30923	1.87012	66674.3	30.81	0000008625
658	0.422534	0.00080634	2.62481	1.87012	29217.1	30.81	0000000367
659	0.423342	0.000807882	1.72281	1.91846	50940.7	30.85	0000003268
660	0.424151	0.000809427	2.66046	1.91846	29292.2	30.85	0000000370
661	0.424962	0.000810974	1.71776	1.95605	61215.6	31.01	0000032768
662	0.425775	0.000812525	2.62572	1.95459	29230.1	31.03	0000000396
663	0.426589	0.000814078	1.73994	1.95459	50702.3	31.06	0000003368
664	0.427404	0.000815635	2.58553	1.95459	29921.5	31.07	0000000410
665	0.428222	0.000817194	1.36439	1.95264	64724.8	31.10	0000008857
666	0.42904	0.000818757	2.74685	1.95264	28110.4	31.11	0000000424
667	0.429861	0.000820322	1.53749	1.9502	57122.6	31.14	0000003414
668	0.430683	0.000821891	2.78714	1.9502	26909.9	31.15	0000000421
669	0.431506	0.000823462	1.713	1.94824	61410	31.30	0000032768
670	0.432331	0.000825037	2.77685	1.97021	27330.3	31.32	0000000442
671	0.433158	0.000826614	1.38087	1.82422	62312.3	31.35	0000003483
672	0.433986	0.000828195	2.52138	1.82422	29053.2	31.36	0000000463
673	0.434816	0.000829778	1.35627	1.95654	65367.4	31.40	0000009077
674	0.435647	0.000831365	2.66089	1.95654	28269.8	31.40	0000000471
675	0.436063	0.000416278	1.61064	1.95654	4245.2	31.41	0000000002
676	0.43648	0.000416676	1.55602	1.95801	55953.3	31.44	0000003535
677	0.437315	0.000834547	2.73405	1.95801	27908.1	31.44	0000000501
678	0.437732	0.000417872	1.62202	1.95801	5607.9	31.45	0000000003
679	0.438151	0.000418271	1.69775	1.85107	61857.3	31.60	0000032768
680	0.438569	0.000418671	1.64572	1.8457	5173.27	31.63	0000000003
681	0.438988	0.000419071	2.49609	1.8457	30217.1	31.63	0000000526
682	0.439408	0.000419471	1.75467	1.8457	2075.1	31.64	0000000001
683	0.439828	0.000419872	1.36225	1.84814	62703.9	31.67	0000003595
684	0.440248	0.000420273	1.71359	1.84814	1930.86	31.67	0000000001
685	0.440669	0.000420675	2.50739	1.84814	30067.3	31.68	0000000537
686	0.44109	0.000421077	1.60479	1.84814	4328.1	31.68	0000000002
687	0.441511	0.000421479	1.42225	1.96729	61979.5	31.72	0000009300
688	0.441933	0.000421882	1.72839	1.96729	3436.52	31.72	0000000002
689	0.442355	0.000422285	2.78342	1.96729	26993.4	31.73	0000000550
690	0.443201	0.000845781	1.52198	1.96729	57192.8	31.76	0000003675
691	0.444049	0.000847398	2.73964	1.96729	27557.3	31.77	0000000557
692	0.444898	0.000849018	1.6635	1.875	62980.5	31.92	0000032768
693	0.445748	0.000850641	2.33838	1.86865	31000.9	31.94	0000000574
694	0.446601	0.000852268	1.437	1.8584	59536.9	31.97	0000003762
695	0.447454	0.000853897	2.40386	1.8584	30002.2	31.98	0000000582
696	0.44831	0.00085553	1.43051	2.00146	61743.5	32.02	0000009499
697	0.449167	0.000857166	2.52222	2.00146	28968.7	32.02	0000000593
698	0.450026	0.000858804	1.50351	2.00146	57585.2	32.05	0000003831
699	0.450886	0.000860446	2.70995	2.00146	26896.1	32.06	0000000590
700	0.451748	0.000862092	1.67931	1.82129	62547.2	32.20	0000032768
701	0.452612	0.00086374	2.53657	1.77002	27820.3	32.23	0000000592
702	0.453478	0.000865391	1.44752	1.84131	59086.1	32.26	0000003887
703	0.454345	0.000867046	2.52245	1.84131	27640.5	32.27	0000000601
704	0.455213	0.000868704	1.49171	1.74951	58962.9	32.30	0000009682
705	0.456084	0.000870365	2.68425	1.74951	26465.2	32.31	0000000600
706	0.456956	0.000872029	1.45154	1.75098	58557.6	32.34	0000003970
707	0.457829	0.000873696	2.58439	1.75098	26960.4	32.35	0000000617
708	0.458705	0.000875367	1.61144	1.74609	65206.9	32.49	0000032768
709	0.459582	0.00087704	2.67993	1.81494	25988	32.52	0000000651
710	0.460021	0.000439149	1.74751	1.81494	1593.21	32.52	0000000001
711	0.460461	0.000439568	1.43385	1.81543	59172.8	32.55	0000004020
712	0.460901	0.000439989	1.83325	1.81543	1846.65	32.56	0000000001
713	0.461341	0.000440409	2.5982	1.81543	27006.5	32.57	0000000663
714	0.461782	0.00044083	1.65908	1.81543	4010.78	32.57	0000000002
715	0.462223	0.000441251	1.48266	1.78467	59028.3	32.61	0000009907
716	0.463107	0.000883767	2.58368	1.78467	26459.2	32.61	0000000680
717	0.463992	0.000885457	1.48492	1.89014	56981.7	32.65	0000004083
718	0.464879	0.00088715	2.63014	1.89014	26084.7	32.65	0000000716
719	0.465324	0.000444211	1.69391	1.89014	2048.04	32.66	0000000001
720	0.465768	0.000444635	1.65093	1.79883	63596.2	32.80	0000032768
721	0.466213	0.00044506	1.6794	1.75537	1792.42	32.83	0000000001
722	0.466659	0.000445485	2.61366	1.75537	26757.4	32.83	0000000741
723	0.467551	0.000892248	1.43261	1.95166	59191.4	32.87	0000004128
724	0.468445	0.000893954	2.36814	1.95166	28993.8	32.87	0000000764
725	0.469341	0.000895664	1.46135	1.87842	59736.3	32.91	0000010135
726	0.470238	0.000897376	2.71738	1.87842	25202.7	32.92	0000000756
727	0.471137	0.000899092	1.5672	1.85889	53594.8	32.95	0000004148
728	0.472038	0.000900811	2.6754	1.85889	25636.2	32.96	0000000761
729	0.472941	0.000902533	1.59244	1.70215	65622.5	33.10	0000032768
730	0.473845	0.000904259	2.54321	1.97217	27140.1	33.13	0000000761
731	0.474298	0.000452778	1.92777	1.97217	1748.25	33.13	0000000001
732	0.474751	0.00045321	1.4529	1.88867	57941.8	33.17	0000004188
733	0.475658	0.00090772	2.58534	1.88867	26350.3	33.17	0000000761
734	0.476568	0.000909456	1.37189	1.95117	63797.2	33.21	0000010358
735	0.477479	0.000911195	2.53967	1.95117	26929.1	33.22	0000000800
736	0.477935	0.00045625	2.07579	1.95117	5355.15	33.22	0000000004
737	0.478392	0.000456686	1.46205	1.96533	57567.8	33.25	0000004243
738	0.478849	0.000457123	2.44764	1.96533	9049.71	33.26	0000000010
739	0.479307	0.00045756	2.5076	1.96533	27392.7	33.27	0000000819
740	0.479765	0.000457997	2.51278	1.96533	10079.3	33.27	0000000012
741	0.480223	0.000458434	1.79372	1.9624	58537	33.42	0000032768
742	0.480682	0.000458872	2.66959	1.98291	8683.77	33.45	0000000012
743	0.481141	0.000459311	2.58376	1.98291	26501.2	33.46	0000000830
744	0.481601	0.00045975	3.24824	1.98291	8289.86	33.46	0000000015
745	0.482061	0.000460189	1.56528	1.97656	53601.8	33.49	0000004317
746	0.482522	0.000460629	3.45269	1.97656	8318.91	33.50	0000000016
747	0.482983	0.000461069	2.47869	1.97656	27374.7	33.51	0000000856
748	0.483445	0.00046151	3.43601	1.97656	8584.64	33.51	0000000018
749	0.483906	0.000461951	1.4399	1.98438	60386.2	33.55	0000010540
750	0.484369	0.000462392	3.80217	1.98438	7687.58	33.55	0000000017
751	0.484832	0.000462834	2.61745	1.98438	25446.8	33.56	0000000851
752	0.485295	0.000463276	3.82605	1.98438	7735.09	33.57	0000000017
753	0.485759	0.000463719	1.44331	1.98242	57639.9	33.60	0000004377
754	0.486223	0.000464162	3.36749	1.98242	9108.06	33.60	0000000019
755	0.486687	0.000464605	2.61075	1.98242	25207.9	33.61	0000000857
756	0.487153	0.000465049	3.20389	1.98242	9230.22	33.62	0000000017
757	0.487618	0.000465494	1.809	1.98193	57905.6	33.77	0000032768
758	0.488084	0.000465938	2.49903	2	10469	33.79	0000000014
759	0.48855	0.000466384	2.49762	2	26386.9	33.80	0000000876
760	0.489017	0.000466829	2.49897	2	9496.64	33.81	0000000011
761	0.489484	0.000467275	1.46299	1.99072	57075	33.84	0000004420
762	0.489952	0.000467722	2.69341	1.99072	8390.39	33.84	0000000011
763	0.49042	0.000468169	2.55792	1.99072	25696	33.85	0000000870
764	0.490889	0.000468616	2.06409	1.99072	9535.8	33.85	0000000008
765	0.491358	0.000469064	1.41089	1.99512	61679.1	33.89	0000010733
766	0.491828	0.000469512	1.97264	1.99512	1636.25	33.90	0000000001
767	0.492297	0.000469961	2.55054	1.99512	25486.4	33.91	0000000872
768	0.492768	0.00047041	1.79614	1.99512	3450.56	33.91	0000000002
769	0.493239	0.000470859	1.50857	2.0127	55453	33.94	0000004459
770	0.49371	0.000471309	1.59757	2.0127	3898.57	33.95	0000000002
771	0.494182	0.00047176	2.65074	2.0127	24858.1	33.96	0000000883
772	0.494654	0.00047221	1.61706	2.0127	5393.82	33.96	0000000003
773	0.495127	0.000472662	1.76824	2.01123	59131.4	34.12	0000032768
774	0.4956	0.000473113	1.98132	2.00977	6192.41	34.14	0000000005
775	0.496073	0.000473565	2.72207	2.00977	24400.5	34.15	0000000908
776	0.496547	0.000474018	1.81864	2.00977	7178.79	34.16	0000000005
777	0.497022	0.000474471	1.51496	1.98926	54959.5	34.19	0000004547
778	0.497497	0.000474924	1.78382	1.98926	5014.17	34.19	0000000003
779	0.497972	0.000475378	2.70627	1.98926	24300.7	34.20	0000000916
780	0.498448	0.000475832	1.90266	1.98926	6426.24	34.21	0000000004
781	0.498924	0.000476287	1.39072	1.9917	62703.4	34.25	0000010964
782	0.499401	0.000476742	1.8615	1.9917	3197.01	34.25	0000000002
783	0.499878	0.000477198	2.74668	1.9917	23624.5	34.26	0000000917
784	0.500356	0.000477654	1.84858	1.9917	5439.28	34.26	0000000004
785	0.500834	0.00047811	1.49584	2.03613	55544.3	34.30	0000004621
786	0.501313	0.000478567	1.79168	2.03613	2760.6	34.30	0000000002
787	0.501792	0.000479024	2.67205	2.03613	24107.1	34.31	0000000947
788	0.502271	0.000479482	2.07512	2.03613	2864.02	34.32	0000000002
789	0.502751	0.00047994	1.79409	2.0376	58163.4	34.47	0000032768
790	0.503231	0.000480399	2.32855	2.03711	2658.61	34.50	0000000002
791	0.503712	0.000480858	2.6741	2.03711	24678.2	34.51	0000000966
792	0.504194	0.000481317	2.54519	2.03711	4835.4	34.51	0000000004
793	0.504675	0.000481777	1.53642	2.03564	53935.5	34.55	0000004675
794	0.505158	0.000482237	1.74086	2.03564	3527.49	34.55	0000000002
795	0.50564	0.000482698	2.72673	2.03564	23868.6	34.56	0000000981
796	0.506123	0.000483159	1.96043	2.03564	5630.25	34.56	0000000004
797	0.506607	0.000483621	1.42783	1.97021	60979.2	34.60	0000011170
798	0.507091	0.000484083	1.79552	1.97021	4668.24	34.61	0000000003
799	0.507576	0.000484546	2.7039	1.97021	23906.9	34.62	0000000987
800	0.508061	0.000485009	1.98596	1.97021	4583.01	34.62	0000000003
801	0.508546	0.000485472	1.56069	1.96973	52984.9	34.65	0000004646
802	0.509032	0.000485936	1.96193	1.96973	5954.51	34.66	0000000004
803	0.509518	0.000486401	2.75359	1.96973	23414.6	34.67	0000000998
804	0.510005	0.000486865	2.21127	1.96973	6167.48	34.67	0000000005
805	0.510493	0.000487331	1.71379	1.96973	60740.3	34.83	0000032768
806	0.51098	0.000487796	1.57243	1.96973	3884.16	34.85	0000000002
807	0.511469	0.000488262	2.77267	1.96973	23428.3	34.86	0000001000
808	0.511957	0.000488729	1.64186	1.96973	5283.33	34.87	0000000003
809	0.512447	0.000489196	1.59936	1.96777	51446.3	34.90	0000004732
810	0.513426	0.000979794	2.73269	1.96777	23607	34.91	0000000981
811	0.514408	0.000981668	1.4395	1.99658	59773.2	34.95	0000011343
812	0.515392	0.000983545	2.83776	1.99658	22054.1	34.95	0000000993
813	0.516377	0.000985425	1.6443	2.0249	49772.4	34.99	0000004765
814	0.517364	0.000987309	2.86397	2.0249	21882.8	35.00	0000000999
815	0.518354	0.000989197	1.77408	2.021	58544.3	35.15	0000032768
816	0.519345	0.000991088	2.83844	2.01953	22245.9	35.18	0000001001
817	0.520338	0.000992983	1.68141	2.01807	48551.1	35.22	0000004833
818	0.521333	0.000994882	2.82881	2.01807	22024.3	35.23	0000000988
819	0.522329	0.000996784	1.43304	2.0166	60043.3	35.27	0000011537
820	0.523328	0.00099869	3.07274	2.0166	19972.6	35.28	0000000974
821	0.524329	0.0010006	1.41853	2.00781	57778.8	35.31	0000004897
822	0.52483	0.000501017	2.00691	2.00781	2952.29	35.31	0000000002
823	0.525331	0.000501496	2.66375	2.00781	23462.7	35.32	0000000975
824	0.525833	0.000501975	2.30057	2.00781	5147.1	35.33	0000000004
825	0.526336	0.000502455	1.82123	2.01611	57141	35.49	0000032768
826	0.526839	0.000502935	2.13981	2.01562	4824.49	35.51	0000000004
827	0.527342	0.000503415	2.6913	2.01562	23503.9	35.52	0000000987
828	0.527846	0.000503896	2.08404	2.01562	4317.49	35.53	0000000004
829	0.52835	0.000504378	1.42848	2.01367	57307.8	35.56	0000004991
830	0.528855	0.00050486	1.80603	2.01367	4798.59	35.56	0000000003
831	0.52936	0.000505342	2.81223	2.01367	22057.4	35.57	0000000957
832	0.529866	0.000505825	1.82358	2.01367	3854.57	35.58	0000000002
833	0.530373	0.000506308	1.44413	2.00928	59330.7	35.62	0000011726
834	0.530879	0.000506792	1.64899	2.00928	4295.68	35.62	0000000002
835	0.531387	0.000507276	2.69876	2.00928	22598.1	35.63	0000000952
836	0.531894	0.000507761	1.94464	2.00928	5724.23	35.64	0000000004
837	0.532403	0.000508246	1.64481	1.98242	49689.4	35.67	0000005036
838	0.532911	0.000508732	1.98077	1.98242	5686.21	35.67	0000000004
839	0.533421	0.000509218	2.67229	1.98242	22750.1	35.68	0000000955
840	0.53393	0.000509705	1.58729	1.98242	4165.83	35.69	0000000002
841	0.53444	0.000510192	1.75557	2.0083	58974.5	35.84	0000032768
842	0.534951	0.000510679	1.457	2.0083	1899.23	35.87	0000000001
843	0.535462	0.000511167	2.62833	2.0083	23419.6	35.88	0000000979
844	0.535974	0.000511656	1.72265	2.0083	1911.84	35.88	0000000001
845	0.536486	0.000512145	1.60688	2.00879	50787.3	35.92	0000005125
846	0.536999	0.000512634	1.55608	2.00879	3933.54	35.92	0000000002
847	0.537512	0.000513124	2.66326	2.00879	22937	35.93	0000000966
848	0.538025	0.000513614	3.00927	2.00879	6058.47	35.93	0000000007
849	0.53854	0.000514105	1.4421	2.0459	59271.3	35.97	0000011899
850	0.539054	0.000514596	4.44311	2.0459	4291.04	35.98	0000000008
851	0.539569	0.000515088	2.78862	2.0459	21262.5	35.99	0000000941
852	0.540085	0.00051558	3.29177	2.0459	5284.3	36.00	0000000006
853	0.540601	0.000516073	1.61658	2.00244	50296.2	36.03	0000005181
854	0.541117	0.000516566	4.09231	2.00244	5922.49	36.03	0000000011
855	0.541635	0.000517059	2.72759	2.00244	22047.7	36.04	0000000944
856	0.542152	0.000517553	5.18779	2.00244	5633.01	36.05	0000000013
857	0.54267	0.000518048	1.82087	2.01172	56844.3	36.20	0000032768
858	0.543189	0.000518543	4.87297	2.01221	5542.13	36.22	0000000012
859	0.543708	0.000519039	2.48444	2.01221	24869.1	36.23	0000000942
860	0.544227	0.000519534	3.91106	2.01221	6261.96	36.23	0000000010
861	0.544747	0.000520031	1.58248	2.00977	51693.2	36.27	0000005301
862	0.545268	0.000520528	2.73282	2.00977	8889.2	36.27	0000000011
863	0.545789	0.000521025	2.49365	2.00977	24253.8	36.28	0000000944
864	0.54631	0.000521523	2.55949	2.00977	7827.3	36.29	0000000008
865	0.546832	0.000522021	1.42844	2.00879	60385	36.33	0000012108
866	0.547355	0.00052252	3.05953	2.00879	7275.67	36.34	0000000011
867	0.547878	0.00052302	2.49263	2.00879	24169	36.34	0000000960
868	0.548401	0.000523519	3.40837	2.00879	6139.15	36.35	0000000009
869	0.548925	0.00052402	1.58438	2.01172	51286.4	36.38	0000005287
870	0.54945	0.00052452	3.5513	2.01172	5556.71	36.39	0000000009
871	0.549975	0.000525021	2.36536	2.01172	26185.7	36.40	0000000962
872	0.550501	0.000525523	3.93197	2.01172	5568.57	36.40	0000000010
873	0.551027	0.000526025	1.80911	2.01465	57362.6	36.55	0000032768
874	0.551553	0.000526528	3.84934	1.95508	5346.75	36.58	0000000012
875	0.55208	0.000527031	2.30644	1.95508	26272.1	36.58	0000000964
876	0.552608	0.000527535	4.13864	1.95508	6078.42	36.59	0000000014
877	0.553136	0.000528039	1.6017	2.00928	50328.4	36.62	0000005343
878	0.553664	0.000528543	4.02943	2.00928	5761.19	36.63	0000000013
879	0.554193	0.000529048	2.31967	2.00928	26709.1	36.64	0000000972
880	0.554723	0.000529554	3.67446	2.00928	5487.43	36.64	0000000009
881	0.555253	0.00053006	1.42658	1.98389	60324.8	36.68	0000012261
882	0.555783	0.000530566	3.45008	1.98389	5298.74	36.69	0000000008
883	0.556315	0.000531073	2.32215	1.98389	26695	36.70	0000000981
884	0.556846	0.000531581	3.49448	1.98389	5345.42	36.70	0000000008
885	0.557378	0.000532089	1.6036	2.00244	49995.8	36.74	0000005327
886	0.557911	0.000532597	3.7258	2.00244	5497.3	36.74	0000000009
887	0.558444	0.000533106	2.32253	2.00244	26638.5	36.75	0000000982
888	0.558978	0.000533615	3.5052	2.00244	5415.01	36.75	0000000008
889	0.559512	0.000534125	1.80386	2.0083	57331.9	36.91	0000032768
890	0.560046	0.000534636	3.77605	2.02686	5998.29	36.94	0000000011
891	0.560581	0.000535147	2.28204	2.02686	27376.7	36.95	0000000991
892	0.561117	0.000535658	4.00456	2.02686	6258.58	36.95	0000000014
893	0.561653	0.00053617	1.6401	1.72803	48689.7	36.99	0000005361
894	0.56219	0.000536682	4.3471	1.72803	5664.9	36.99	0000000013
895	0.562727	0.000537195	2.30621	1.72803	26776.9	37.00	0000000999
896	0.563265	0.000537708	3.9079	1.72803	5688.59	37.01	0000000010
897	0.563803	0.000538222	1.37268	2.10986	62099	37.05	0000012405
898	0.564342	0.000538736	2.82954	2.10986	4905.68	37.05	0000000006
899	0.564881	0.000539251	2.6233	2.10986	24035.1	37.06	0000000988
900	0.565421	0.000539766	2.4776	2.10986	4655.06	37.07	0000000004
901	0.565961	0.000540282	1.63329	1.90918	48675	37.10	0000005411
902	0.566502	0.000540798	2.45446	1.90918	4353.35	37.11	0000000004
903	0.567043	0.000541315	2.27941	1.90918	27371.9	37.12	0000000988
904	0.567585	0.000541832	2.31355	1.90918	4031.04	37.12	0000000003
905	0.568127	0.00054235	1.72947	1.90527	59811	37.27	0000032768
906	0.56867	0.000542868	2.39171	1.91357	4200.48	37.29	0000000004
907	0.569214	0.000543387	2.22364	1.91357	28297.9	37.30	0000000996
908	0.569758	0.000543906	3.45976	1.91357	5608.27	37.31	0000000008
909	0.570302	0.000544426	1.63724	1.91357	48570.8	37.34	0000005488
910	0.570847	0.000544946	3.51135	1.91357	6516.13	37.35	0000000012
911	0.571392	0.000545467	2.25395	1.91357	27835.8	37.36	0000001000
912	0.571938	0.000545988	3.85786	1.91357	5493.76	37.36	0000000011
913	0.572485	0.00054651	1.41275	2.01611	60489.6	37.40	0000012565
914	0.573032	0.000547032	3.47425	2.01611	5397.13	37.41	0000000009
915	0.573579	0.000547555	2.16144	2.01611	29291	37.42	0000001002
916	0.574128	0.000548078	3.06999	2.01611	6727.58	37.42	0000000009
917	0.574676	0.000548602	1.62794	1.96973	48311.8	37.46	0000005518
918	0.575225	0.000549126	2.837	1.96973	5340.51	37.46	0000000006
919	0.575775	0.000549651	2.50229	1.96973	25512.7	37.47	0000001003
920	0.576325	0.000550176	2.45307	1.96973	6562.48	37.47	0000000006
921	0.576876	0.000550702	1.74822	1.97266	58656.6	37.62	0000032768
922	0.577427	0.000551228	2.1285	1.91016	6077.8	37.65	0000000006
923	0.577979	0.000551755	2.14658	1.91016	29854.6	37.66	0000001027
924	0.578531	0.000552282	2.0379	1.91016	10075.8	37.66	0000000008
925	0.579084	0.00055281	1.70424	1.92334	46046.3	37.70	0000005592
926	0.579637	0.000553338	2.04627	1.92334	11477.4	37.71	0000000010
927	0.580191	0.000553867	2.17488	1.92334	29280.6	37.71	0000001011
928	0.580746	0.000554396	2.92872	1.92334	9309.87	37.72	0000000013
929	0.5813	0.000554926	1.68197	1.93604	50754.3	37.76	0000012667
930	0.581856	0.000555456	4.33002	1.93604	6445.29	37.77	0000000015
931	0.582412	0.000555987	2.14649	1.93604	29897.8	37.78	0000001012
932	0.582968	0.000556518	5.79732	1.93604	5501.37	37.78	0000000015
933	0.583525	0.00055705	1.73483	1.70508	45128.8	37.82	0000005622
934	0.584083	0.000557582	5.52241	1.70508	5062.6	37.82	0000000016
935	0.584641	0.000558115	2.15822	1.70508	29139.1	37.83	0000001018
936	0.5852	0.000558648	6.55802	1.70508	5023.74	37.84	0000000017
937	0.585759	0.000559182	1.75355	1.98145	58704.9	37.99	0000032768
938	0.586319	0.000559716	5.37595	1.96094	5438.15	38.01	0000000017
939	0.586879	0.000560251	2.09421	1.96094	30289.7	38.02	0000001013
940	0.58744	0.000560786	5.1269	1.96094	5093.83	38.03	0000000012
941	0.588001	0.000561322	1.56408	1.96143	49983.8	38.06	0000005712
942	0.588563	0.000561859	4.16536	1.96143	5064.83	38.06	0000000009
943	0.589125	0.000562395	2.05676	1.96143	30776.3	38.07	0000001005
944	0.589688	0.000562933	3.65552	1.96143	4238.63	38.08	0000000006
945	0.590252	0.000563471	1.41757	1.97998	60165.4	38.12	0000012805
946	0.590816	0.000564009	1.71996	1.97998	5074.15	38.13	0000000003
947	0.59138	0.000564548	2.19314	1.97998	28986.4	38.13	0000001014
948	0.591945	0.000565087	1.76849	1.97998	5243.29	38.14	0000000003
949	0.592511	0.000565627	1.52921	1.97852	50964.8	38.17	0000005740
950	0.593077	0.000566168	2.04807	1.97852	5006.01	38.18	0000000004
951	0.593644	0.000566709	2.46585	1.97852	26269.6	38.19	0000001043
952	0.594211	0.00056725	1.9026	1.97852	4869.24	38.19	0000000003
953	0.594779	0.000567792	1.62712	1.75879	63085.7	38.34	0000032768
954	0.595347	0.000568335	1.91837	2.01709	4934.86	38.36	0000000004
955	0.595916	0.000568878	2.20523	2.01709	29379.1	38.37	0000001037
956	0.596486	0.000569422	2.15957	2.01709	5599.98	38.38	0000000004
957	0.597055	0.000569966	1.57675	1.78125	49466.2	38.41	0000005806
958	0.597626	0.00057051	2.45019	1.78125	5529.99	38.42	0000000005
959	0.598197	0.000571056	2.08945	1.78125	30187.2	38.43	0000001041
960	0.598769	0.000571601	2.43089	1.78125	6667.14	38.43	0000000006
961	0.599341	0.000572147	1.52803	1.82178	55503.8	38.48	0000012973
962	0.599913	0.000572694	2.30283	1.82178	8099.92	38.48	0000000008
963	0.600487	0.000573241	2.33103	1.82178	27407.9	38.51	0000001067
964	0.601061	0.000573789	2.87354	1.82178	6660.89	38.52	0000000008
965	0.601635	0.000574337	1.68146	1.98975	46307.9	38.55	0000005873
966	0.60221	0.000574886	3.10131	1.98975	5809.32	38.56	0000000007
967	0.602785	0.000575435	2.02492	1.98975	31559.3	38.56	0000001086
968	0.603361	0.000575985	2.67969	1.98975	6649.14	38.57	0000000007
969	0.603938	0.000576536	1.74587	1.9707	58838.1	38.72	0000032768
970	0.604515	0.000577087	2.87767	1.95264	6643.13	38.74	0000000009
971	0.605092	0.000577638	1.9248	1.95264	33516	38.75	0000001120
972	0.605671	0.00057819	1.96687	1.95264	5697.1	38.76	0000000004
973	0.606249	0.000578742	1.64181	1.8208	47243.5	38.79	0000005916
974	0.606829	0.000579296	3.41198	1.8208	5393.24	38.80	0000000007
975	0.607409	0.000579849	1.92823	1.8208	33209.8	38.81	0000001154
976	0.607989	0.000580403	2.3802	1.8208	9724.19	38.81	0000000011
977	0.60857	0.000580958	1.68932	1.78076	50143.8	38.86	0000013121
978	0.609151	0.000581513	3.69861	1.78076	7598.85	38.86	0000000015
979	0.609733	0.000582069	1.88671	1.78076	34202.2	38.87	0000001184
980	0.610316	0.000582625	4.05866	1.78076	8204.69	38.88	0000000022
981	0.610899	0.000583181	1.67272	1.77979	46017.2	38.91	0000005978
982	0.611483	0.000583739	5.14026	1.77979	7050.65	38.92	0000000028
983	0.612067	0.000584296	2.13911	1.77979	30109.6	38.92	0000001225
984	0.612652	0.000584855	5.4001	1.77979	6465.13	38.93	0000000025
985	0.613238	0.000585414	1.72632	1.92969	59123.1	39.08	0000032768
986	0.613824	0.000585973	5.42421	1.81641	5658.86	39.10	0000000022
987	0.61441	0.000586533	2.06499	1.81641	31526.9	39.11	0000001252
988	0.614997	0.000587093	5.8631	1.81641	5434.63	39.12	0000000019
989	0.615585	0.000587654	1.69119	1.81494	45326.3	39.15	0000006002
990	0.616173	0.000588216	4.77264	1.81494	5627.83	39.16	0000000015
991	0.616762	0.000588778	2.05672	1.81494	31596.7	39.17	0000001274
992	0.617351	0.000589341	4.89289	1.81494	5472.89	39.17	0000000014
993	0.617941	0.000589904	1.7259	1.81592	49059.8	39.22	0000013261
994	0.618532	0.000590467	3.78841	1.81592	6743.24	39.22	0000000013
995	0.619123	0.000591032	1.84447	1.81592	34545.6	39.23	0000001276
996	0.619714	0.000591596	4.3169	1.81592	6891.72	39.24	0000000014
997	0.620306	0.000592162	1.65195	1.77295	46691.9	39.27	0000006038
998	0.620899	0.000592727	3.89826	1.77295	7443.6	39.28	0000000017
999	0.621492	0.000593294	1.82504	1.77295	34719.6	39.29	0000001305
1000	0.622086	0.000593861	2.66443	1.77295	11464.7	39.29	0000000016
1001	0.622681	0.000594428	1.68722	1.81201	60646.1	39.44	0000032768
1002	0.623276	0.000594996	2.29005	1.74609	14619.1	39.47	0000000021
1003	0.623871	0.000595565	1.8459	1.74609	34981.1	39.48	0000001306
1004	0.624467	0.000596134	2.69951	1.74609	11178.2	39.48	0000000017
1005	0.625064	0.000596703	1.85401	1.74365	41314.2	39.52	0000006093
1006	0.625661	0.000597274	2.67051	1.74365	7654.34	39.52	0000000010
1007	0.626259	0.000597844	1.89242	1.74365	33614.3	39.53	0000001303
1008	0.626858	0.000598416	2.89091	1.74365	7369.59	39.54	0000000010
1009	0.627457	0.000598987	1.66614	1.75244	50892.9	39.58	0000013370
1010	0.628056	0.00059956	2.50155	1.75244	4521.04	39.59	0000000004
1011	0.628656	0.000600133	2.00602	1.75244	31443.7	39.59	0000001316
1012	0.629257	0.000600706	1.74757	1.75244	8899.54	39.60	0000000006
1013	0.629858	0.00060128	1.54035	1.80566	49996.7	39.64	0000006171
1014	0.63046	0.000601855	1.5214	1.80566	9534.71	39.64	0000000006
1015	0.631063	0.00060243	2.07584	1.80566	30367.9	39.65	0000001341
1016	0.631666	0.000603005	2.44839	1.80566	5128.73	39.66	0000000004
1017	0.632269	0.000603582	1.69089	1.74219	60400.5	39.80	0000032768
1018	0.632873	0.000604158	2.6735	1.74121	3881.38	39.83	0000000004
1019	0.633478	0.000604736	2.02756	1.74121	31551.6	39.83	0000001359
1020	0.634083	0.000605314	2.07424	1.74121	5521.08	39.84	0000000004
1021	0.634689	0.000605892	1.68395	1.74023	46209.2	39.88	0000006227
1022	0.635296	0.000606471	1.72169	1.74023	5470.94	39.88	0000000003
1023	0.635903	0.00060705	2.07304	1.74023	30710.8	39.89	0000001375
1024	0.637119	0.00121584	1.62829	1.73389	52198.1	39.93	0000013494
1025	0.637727	0.000608792	1.70902	1.73389	1773.1	39.94	0000000001
1026	0.638337	0.000609374	2.14463	1.73389	29753.5	39.95	0000001388
1027	0.638947	0.000609956	1.60997	1.73389	2293.58	39.95	0000000001
1028	0.639557	0.000610539	1.57293	1.80371	48901	39.99	0000006271
1029	0.64078	0.00122283	2.16881	1.80371	29285.2	40.00	0000001398
1030	0.642005	0.00122517	1.67093	1.8042	61206	40.15	0000032768
1031	0.643233	0.00122751	2.19964	1.82275	28546.3	40.18	0000001433
1032	0.644463	0.00122986	1.54282	1.84521	49679.7	40.21	0000006368
1033	0.645695	0.00123221	2.30889	1.84521	27235.1	40.22	0000001433
1034	0.646312	0.000616987	1.76722	1.84521	3629.61	40.23	0000000002
1035	0.646929	0.000617577	1.62625	1.83301	52033.4	40.27	0000013615
1036	0.647548	0.000618167	1.78374	1.83301	1758.38	40.28	0000000001
1037	0.648166	0.000618758	1.97695	1.83301	31346.2	40.28	0000001448
1038	0.648786	0.000619349	1.80443	1.83301	3782.61	40.29	0000000002
1039	0.649406	0.000619941	1.55373	1.81836	49489.5	40.33	0000006396
1040	0.650026	0.000620533	1.80475	1.81836	1786.63	40.33	0000000001
1041	0.650647	0.000621126	1.92024	1.81836	32288.4	40.34	0000001442
1042	0.651269	0.000621719	1.76903	1.81836	1796.39	40.34	0000000001
1043	0.651891	0.000622314	1.63653	1.83398	62422	40.50	0000032768
1044	0.652514	0.000622908	1.57569	1.79883	1892.56	40.53	0000000001
1045	0.653138	0.000623503	1.91597	1.79883	31982.7	40.54	0000001458
1046	0.653762	0.000624099	1.51308	1.79883	4097.02	40.54	0000000002
1047	0.654386	0.000624696	1.64265	1.82666	46636.7	40.58	0000006480
1048	0.655012	0.000625292	2.14584	1.82666	4989.92	40.59	0000000004
1049	0.655638	0.00062589	1.97909	1.82666	31176	40.59	0000001474
1050	0.656264	0.000626488	3.2784	1.82666	5391.36	40.60	0000000008
1051	0.656891	0.000627087	1.58821	1.83643	53226.6	40.64	0000013721
1052	0.657519	0.000627686	3.90787	1.83643	5027.47	40.65	0000000010
1053	0.658147	0.000628286	2.03757	1.83643	30213.6	40.66	0000001484
1054	0.658776	0.000628886	4.1648	1.83643	5247.25	40.66	0000000011
1055	0.659406	0.000629487	1.62567	1.83545	47075.9	40.70	0000006502
1056	0.660036	0.000630088	4.25034	1.83545	5298.07	40.71	0000000012
1057	0.660666	0.00063069	2.06109	1.83545	29711.5	40.71	0000001470
1058	0.661298	0.000631293	3.77931	1.83545	5636.27	40.72	0000000010
1059	0.66193	0.000631896	1.77626	1.98535	57271.7	40.87	0000032768
1060	0.662562	0.0006325	2.78154	1.8501	5970.22	40.90	0000000008
1061	0.663195	0.000633105	2.08435	1.8501	29293.2	40.91	0000001462
1062	0.663829	0.000633709	3.32146	1.8501	5536.18	40.91	0000000008
1063	0.664463	0.000634315	1.62688	1.8374	46928.7	40.95	0000006575
1064	0.665098	0.000634921	3.26347	1.8374	6029.12	40.96	0000000011
1065	0.665734	0.000635528	2.10204	1.8374	28830.5	40.97	0000001481
1066	0.66637	0.000636135	3.80563	1.8374	6496.48	40.97	0000000015
1067	0.667006	0.000636743	1.6499	1.82178	50954.2	41.02	0000013821
1068	0.667644	0.000637351	3.69393	1.82178	6693.08	41.02	0000000015
1069	0.668282	0.00063796	2.03844	1.82178	29616.8	41.03	0000001508
1070	0.66892	0.00063857	4.76875	1.82178	5647.6	41.04	0000000017
1071	0.66956	0.00063918	1.61952	1.81934	46858.1	41.07	0000006609
1072	0.670199	0.000639791	4.82529	1.81934	6020.01	41.08	0000000022
1073	0.67084	0.000640402	2.1048	1.81934	28485	41.09	0000001509
1074	0.671481	0.000641014	5.46877	1.81934	5847.41	41.10	0000000030
1075	0.672122	0.000641627	1.69509	1.80762	59975	41.25	0000032768
1076	0.672765	0.00064224	4.89114	1.83057	6666.35	41.27	0000000031
1077	0.673407	0.000642853	2.07541	1.83057	28936.4	41.28	0000001500
1078	0.674051	0.000643468	5.057	1.83057	6593.79	41.29	0000000034
1079	0.674695	0.000644083	1.64237	1.83008	45952.2	41.32	0000006667
1080	0.67534	0.000644698	5.33241	1.83008	6183.92	41.33	0000000035
1081	0.675985	0.000645314	2.09994	1.83008	27902.8	41.34	0000001520
1082	0.676631	0.000645931	5.70913	1.83008	6009.05	41.34	0000000035
1083	0.677278	0.000646548	1.64208	1.85645	51057.3	41.39	0000013899
1084	0.677925	0.000647166	5.08442	1.85645	5978.1	41.40	0000000024
1085	0.678572	0.000647784	2.18421	1.85645	26991.4	41.41	0000001540
1086	0.679221	0.000648403	4.73096	1.85645	5775.94	41.41	0000000020
1087	0.67987	0.000649023	1.52517	1.92969	49490.2	41.45	0000006680
1088	0.68052	0.000649643	4.44691	1.92969	5576.87	41.45	0000000017
1089	0.68117	0.000650264	2.03048	1.92969	29158.4	41.46	0000001578
1090	0.681821	0.000650885	5.3047	1.92969	5323.58	41.47	0000000023
1091	0.682472	0.000651507	1.66949	1.78076	60735.6	41.62	0000032768
1092	0.683124	0.000652129	5.65575	1.73242	5384.62	41.65	0000000028
1093	0.683777	0.000652753	2.4266	1.73242	25028.5	41.65	0000001581
1094	0.68443	0.000653376	5.91072	1.73242	5434.69	41.66	0000000031
1095	0.685084	0.000654001	1.52232	1.90723	49500.1	41.70	0000006717
1096	0.685739	0.000654626	5.54371	1.90723	5617.17	41.70	0000000033
1097	0.686394	0.000655251	2.03997	1.90723	29292.6	41.71	0000001580
1098	0.68705	0.000655877	6.11543	1.90723	5463.53	41.72	0000000040
1099	0.687707	0.000656504	1.54644	1.8623	54205.4	41.76	0000013964
1100	0.688364	0.000657131	6.36783	1.8623	5511.4	41.77	0000000037
1101	0.689022	0.000657759	2.49971	1.8623	23706.4	41.78	0000001596
1102	0.68968	0.000658388	6.36193	1.8623	5409.63	41.78	0000000036
1103	0.690339	0.000659017	1.82117	1.86182	41538.8	41.82	0000006801
1104	0.690999	0.000659647	6.0753	1.86182	5652.39	41.83	0000000037
1105	0.691659	0.000660277	2.44671	1.86182	24259.2	41.84	0000001596
1106	0.69232	0.000660908	6.23571	1.86182	5328.44	41.84	0000000039
1107	0.692981	0.000661539	1.75771	1.89844	57650.8	41.99	0000032768
1108	0.693644	0.000662171	5.80271	1.88525	5513.08	42.02	0000000034
1109	0.694306	0.000662804	2.38417	1.88525	25164.5	42.03	0000001612
1110	0.69497	0.000663437	5.85805	1.88525	5610.04	42.03	0000000035
1111	0.695634	0.000664071	1.48896	1.96631	50161.5	42.07	0000006852
1112	0.696299	0.000664706	5.61357	1.96631	5915.23	42.08	0000000037
1113	0.696964	0.000665341	2.06025	1.96631	28655.9	42.08	0000001591
1114	0.69763	0.000665977	5.2426	1.96631	5473.45	42.09	0000000025
1115	0.698296	0.000666613	1.44231	2.00195	57535.6	42.13	0000014035
1116	0.698964	0.00066725	4.45697	2.00195	5780.02	42.14	0000000019
1117	0.699632	0.000667888	2.03928	2.00195	28789.1	42.15	0000001621
1118	0.7003	0.000668526	4.13674	2.00195	5395.94	42.15	0000000014
1119	0.700969	0.000669165	1.69278	1.90234	43895.6	42.19	0000006890
1120	0.701639	0.000669804	2.64062	1.90234	6052.93	42.20	0000000007
1121	0.70231	0.000670444	2.09357	1.90234	28093	42.21	0000001661
1122	0.702981	0.000671085	2.58242	1.90234	6413.55	42.21	0000000007
1123	0.703652	0.000671726	1.76946	1.92041	56998.1	42.37	0000032768
1124	0.704325	0.000672368	1.98801	1.91699	4712.98	42.39	0000000004
1125	0.704998	0.00067301	2.17588	1.91699	27650.9	42.40	0000001663
1126	0.705671	0.000673654	1.78379	1.91699	3435.67	42.41	0000000002
1127	0.706346	0.000674297	1.73361	1.88281	43124.2	42.45	0000006939
1128	0.707021	0.000674942	1.9719	1.88281	4305.4	42.45	0000000003
1129	0.707696	0.000675587	2.27372	1.88281	26405.4	42.46	0000001671
1130	0.708372	0.000676232	1.99423	1.88281	5679.75	42.47	0000000004
1131	0.709049	0.000676878	1.68534	1.90576	49217.6	42.51	0000014097
1132	0.709727	0.000677525	2.68446	1.90576	8279.07	42.52	0000000013
1133	0.710405	0.000678172	2.21962	1.90576	26623.8	42.53	0000001655
1134	0.711084	0.00067882	3.38672	1.90576	8254.52	42.53	0000000018
1135	0.711763	0.000679469	1.64291	1.8999	45431.7	42.57	0000006947
1136	0.712443	0.000680118	3.95173	1.8999	8551.85	42.58	0000000028
1137	0.713124	0.000680768	2.26001	1.8999	26360.8	42.59	0000001639
1138	0.713806	0.000681419	3.17501	1.8999	10821.7	42.59	0000000027
1139	0.714488	0.00068207	1.7516	1.93506	57574.6	42.75	0000032768
1140	0.71517	0.000682722	3.69057	1.9126	7797.79	42.77	0000000021
1141	0.715854	0.000683374	2.74006	1.9126	22108.3	42.78	0000001659
1142	0.716538	0.000684027	3.95077	1.9126	8477.98	42.79	0000000025
1143	0.717223	0.000684681	1.66405	1.91895	44475.5	42.83	0000006992
1144	0.717908	0.000685335	3.03109	1.91895	11882.1	42.83	0000000029
1145	0.718594	0.00068599	2.28368	1.91895	26034.8	42.84	0000001695
1146	0.71928	0.000686645	3.33721	1.91895	11567.6	42.85	0000000032
1147	0.719968	0.000687301	1.66596	1.94727	49688.4	42.90	0000014165
1148	0.720656	0.000687958	3.36014	1.94727	11700.9	42.90	0000000036
1149	0.721344	0.000688615	2.2376	1.94727	26213.3	42.91	0000001697
1150	0.722034	0.000689273	3.1145	1.94727	12158.5	42.92	0000000040
1151	0.722724	0.000689932	1.60387	1.97168	46475.6	42.96	0000007046
1152	0.723414	0.000690591	4.54506	1.97168	8182.06	42.96	0000000036
1153	0.724105	0.000691251	2.67327	1.97168	22373.2	42.97	0000001668
1154	0.724797	0.000691912	5.71993	1.97168	5362.77	42.98	0000000028
1155	0.72549	0.000692573	1.80314	1.9873	55838.5	43.13	0000032768
1156	0.726183	0.000693235	5.18677	1.88916	5253.2	43.16	0000000024
1157	0.726877	0.000693897	2.43166	1.88916	24609.6	43.17	0000001685
1158	0.727572	0.00069456	5.51372	1.88916	5223.64	43.17	0000000026
1159	0.728267	0.000695224	1.66182	1.90527	44387.8	43.21	0000007087
1160	0.728963	0.000695888	4.88087	1.90527	5573.46	43.22	0000000027
1161	0.729659	0.000696553	2.44905	1.90527	24384.4	43.23	0000001702
1162	0.730356	0.000697219	5.07192	1.90527	6336.44	43.23	0000000034
1163	0.731054	0.000697885	1.64633	1.92725	50119.2	43.28	0000014186
1164	0.731753	0.000698552	4.64117	1.92725	6858.48	43.28	0000000031
1165	0.732452	0.000699219	2.47553	1.92725	23818.6	43.29	0000001661
1166	0.733152	0.000699887	4.38046	1.92725	6357.23	43.30	0000000021
1167	0.733853	0.000700556	1.6481	1.94824	44742.9	43.34	0000007137
1168	0.734554	0.000701225	3.91118	1.94824	6990.23	43.34	0000000021
1169	0.735256	0.000701896	2.48506	1.94824	23875.6	43.35	0000001672
1170	0.735958	0.000702566	4.03609	1.94824	6589.23	43.36	0000000017
1171	0.736661	0.000703238	1.82674	2.09863	54861.5	43.52	0000032768
1172	0.737365	0.00070391	3.07049	2.0957	7863.17	43.55	0000000018
1173	0.73807	0.000704582	1.79512	2.0957	32541.4	43.56	0000001695
1174	0.738775	0.000705255	3.73306	2.0957	6890.51	43.56	0000000018
1175	0.739481	0.000705929	1.41286	2.0918	52063	43.60	0000007258
1176	0.740188	0.000706604	2.67094	2.0918	7035.67	43.61	0000000010
1177	0.740895	0.000707279	1.84193	2.0918	31565.4	43.62	0000001693
1178	0.741603	0.000707955	2.30323	2.0918	6133.97	43.62	0000000006
1179	0.742312	0.000708631	1.50614	2.09277	54035.4	43.67	0000014281
1180	0.743021	0.000709308	2.24981	2.09277	5830.04	43.67	0000000006
1181	0.743731	0.000709986	1.91554	2.09277	29740	43.68	0000001688
1182	0.744442	0.000710665	2.541	2.09277	6781.5	43.69	0000000008
1183	0.745153	0.000711344	1.36721	2.15674	53825.7	43.73	0000007280
1184	0.745865	0.000712023	2.07864	2.15674	7034.78	43.73	0000000007
1185	0.746578	0.000712704	1.88044	2.15674	30586.5	43.74	0000001690
1186	0.747291	0.000713385	2.13243	2.15674	8350.31	43.75	0000000008
1187	0.748005	0.000714066	1.82056	2.08203	54906.7	43.91	0000032768
1188	0.74872	0.000714749	2.13981	2.07812	9101.77	43.94	0000000010
1189	0.749435	0.000715432	1.95177	2.07812	29760.6	43.95	0000001669
1190	0.750151	0.000716115	2.63679	2.07812	8989.32	43.95	0000000013
1191	0.750868	0.0007168	1.40874	2.09277	51416	43.99	0000007293
1192	0.751586	0.000717485	2.54184	2.09277	8902.74	44.00	0000000013
1193	0.752304	0.00071817	1.91877	2.09277	29172.1	44.01	0000001640
1194	0.753023	0.000718856	2.65131	2.09277	6317.51	44.01	0000000007
1195	0.753742	0.000719543	1.51091	2.09229	53437.2	44.06	0000014320
1196	0.754463	0.000720231	1.75044	2.09229	5406.46	44.07	0000000004
1197	0.755183	0.000720919	1.88841	2.09229	29489.3	44.08	0000001637
1198	0.755905	0.000721608	4.3052	2.09229	3928.81	44.08	0000000007
1199	0.756627	0.000722297	1.42113	2.09131	50790.6	44.12	0000007307
1200	0.75735	0.000722988	5.35537	2.09131	4388.55	44.13	0000000010
1201	0.758074	0.000723679	1.87914	2.09131	29614.6	44.14	0000001612
1202	0.758798	0.00072437	7.07311	2.09131	4370.24	44.14	0000000014
1203	0.759523	0.000725062	1.87996	2.09473	53046.4	44.30	0000032768
1204	0.760249	0.000725755	4.50621	2.07422	7145.58	44.33	0000000024
1205	0.760976	0.000726448	1.93683	2.07422	29187.8	44.34	0000001596
1206	0.761703	0.000727143	5.17941	2.07422	7348.28	44.35	0000000033
1207	0.762431	0.000727837	1.42575	2.07324	50650.2	44.38	0000007336
1208	0.763159	0.000728533	4.19125	2.07324	8895.63	44.39	0000000039
1209	0.763888	0.000729229	2.0842	2.07324	26710.6	44.40	0000001572
1210	0.764618	0.000729926	3.35907	2.07324	11154.4	44.40	0000000043
1211	0.765349	0.000730623	1.50395	2.07324	53715.2	44.45	0000014377
1212	0.76608	0.000731321	3.65204	2.07324	10015.3	44.46	0000000040
1213	0.766812	0.00073202	1.94963	2.07324	28386.6	44.47	0000001571
1214	0.767545	0.00073272	3.92318	2.07324	8990.98	44.47	0000000046
1215	0.768278	0.00073342	1.39578	2.06836	51448	44.51	0000007321
1216	0.769013	0.000734121	4.28976	2.06836	7700.46	44.52	0000000043
1217	0.769747	0.000734822	1.98901	2.06836	27680.7	44.53	0000001567
1218	0.770483	0.000735524	4.16661	2.06836	7893.69	44.53	0000000039
1219	0.771219	0.000736227	1.95644	2.19873	51031.1	44.69	0000032768
1220	0.771956	0.000736931	3.82889	2.11182	8299.12	44.72	0000000036
1221	0.772694	0.000737635	1.92539	2.11182	28911.8	44.73	0000001565
1222	0.773432	0.00073834	4.07106	2.11182	7505.73	44.73	0000000031
1223	0.774171	0.000739045	1.39182	2.12061	51517.8	44.77	0000007305
1224	0.774911	0.000739751	3.27577	2.12061	8231.98	44.78	0000000029
1225	0.775651	0.000740458	1.8894	2.12061	29234.3	44.79	0000001577
1226	0.776392	0.000741166	3.93742	2.12061	7964.73	44.79	0000000032
1227	0.777134	0.000741874	1.62557	2.12305	49508.4	44.84	0000014384
1228	0.777877	0.000742583	3.59383	2.12305	8175.38	44.85	0000000030
1229	0.77862	0.000743292	1.91478	2.12305	28644.9	44.86	0000001588
1230	0.779364	0.000744003	3.35705	2.12305	7554.5	44.86	0000000019
1231	0.780109	0.000744714	1.37837	2.18115	51876.2	44.90	0000007314
1232	0.780854	0.000745425	3.11467	2.18115	7580.98	44.91	0000000016
1233	0.7816	0.000746138	1.93982	2.18115	28159	44.92	0000001555
1234	0.782347	0.00074685	2.43684	2.18115	8045.48	44.92	0000000009
1235	0.783095	0.000747564	1.95433	2.19238	50946.3	45.08	0000032768
1236	0.783843	0.000748278	1.95184	2.1709	5523.45	45.10	0000000005
1237	0.784592	0.000748993	1.96152	2.1709	28011.4	45.11	0000001564
1238	0.785342	0.000749709	2.04875	2.1709	1550.1	45.12	0000000001
1239	0.786092	0.000750426	1.468	2.06104	48598.5	45.16	0000007325
1240	0.786843	0.000751143	1.92224	2.06104	1462.02	45.16	0000000001
1241	0.787595	0.00075186	1.94173	2.06104	28522.1	45.17	0000001536
1242	0.788348	0.000752579	1.98745	2.06104	1600.55	45.18	0000000001
1243	0.789101	0.000753298	1.40462	2.03271	57233.8	45.23	0000014417
1244	0.79061	0.00150876	2.21133	2.03271	24652.4	45.24	0000001520
1245	0.792122	0.00151164	1.39352	2.05762	51096.5	45.27	0000007360
1246	0.793636	0.00151453	2.04828	2.05762	26628.7	45.29	0000001504
1247	0.794394	0.000758351	1.976	2.05762	1607.3	45.29	0000000001
1248	0.795154	0.000759076	1.79166	2.05469	55195.5	45.45	0000032768
1249	0.796674	0.00152033	2.02058	2.18262	27040	45.48	0000001507
1250	0.798197	0.00152323	1.33066	2.18018	53108.4	45.52	0000007359
1251	0.79896	0.000762709	2.01951	2.18018	1590.78	45.53	0000000001
1252	0.799723	0.000763438	2.04774	2.18018	26026.8	45.54	0000001496
1253	0.800487	0.000764168	1.90497	2.18018	2975.41	45.56	0000000002
1254	0.801252	0.000764898	1.59474	2.18262	50301.3	45.61	0000014452
1255	0.802018	0.000765629	2.08562	2.18262	5197.51	45.62	0000000004
1256	0.802784	0.00076636	2.04657	2.18262	26269.4	45.63	0000001495
1257	0.803551	0.000767092	3.15716	2.18262	5993.82	45.63	0000000010
1258	0.804319	0.000767825	1.43894	2.18213	49156.3	45.67	0000007362
1259	0.805088	0.000768559	3.014	2.18213	5671.28	45.68	0000000009
1260	0.805857	0.000769294	2.27596	2.18213	23609.2	45.69	0000001495
1261	0.806627	0.000770029	3.08521	2.18213	5402.03	45.69	0000000007
1262	0.807398	0.000770764	1.93986	2.21875	51102.2	45.86	0000032768
1263	0.808169	0.000771501	2.60251	2.13818	5168.21	45.89	0000000006
1264	0.808942	0.000772238	1.96216	2.13818	27760.2	45.90	0000001507
1265	0.809715	0.000772976	1.73068	2.13818	3704.58	45.90	0000000002
1266	0.810488	0.000773715	1.68303	1.84326	42008.5	45.94	0000007394
1267	0.811263	0.000774454	1.81846	1.84326	4777.92	45.95	0000000003
1268	0.812038	0.000775194	2.49834	1.84326	21908.2	45.96	0000001526
1269	0.812814	0.000775935	2.26691	1.84326	5104.23	45.96	0000000004
1270	0.813591	0.000776676	1.47017	1.83252	54445.6	46.01	0000014462
1271	0.814368	0.000777418	2.01767	1.83252	5245.82	46.02	0000000004
1272	0.815146	0.000778161	2.45688	1.83252	22098	46.03	0000001510
1273	0.815925	0.000778905	1.86981	1.83252	1733.66	46.03	0000000001
1274	0.816705	0.000779649	1.6818	1.82275	42150.9	46.07	0000007439
1275	0.817485	0.000780394	1.70649	1.82275	3413.34	46.07	0000000002
1276	0.818266	0.00078114	2.38396	1.82275	22852	46.08	0000001519
1277	0.819048	0.000781886	1.64163	1.82275	3504.84	46.09	0000000002
1278	0.819831	0.000782633	1.8787	2.1084	52447.2	46.25	0000032768
1279	0.820614	0.000783381	2.71373	1.73926	3661.98	46.27	0000000004
1280	0.821398	0.00078413	2.31494	1.73926	23259.3	46.28	0000001531
1281	0.822183	0.000784879	3.17156	1.73926	5073.29	46.29	0000000007
1282	0.822969	0.000785629	1.56064	2.06055	44936.2	46.33	0000007430
1283	0.823755	0.00078638	3.60649	2.06055	5258.17	46.33	0000000011
1284	0.824542	0.000787131	1.94854	2.06055	27341.7	46.34	0000001537
1285	0.82533	0.000787883	4.5808	2.06055	5139.77	46.35	0000000015
1286	0.826119	0.000788636	1.4877	2.04053	53274.8	46.40	0000014434
1287	0.826908	0.000789389	4.9933	2.04053	5776.44	46.40	0000000026
1288	0.827698	0.000790144	1.97712	2.04053	27172.3	46.41	0000001535
1289	0.828489	0.000790899	5.36875	2.04053	5610.14	46.42	0000000030
1290	0.829281	0.000791655	1.55392	2.15527	45220.2	46.46	0000007483
1291	0.830073	0.000792411	5.25603	2.15527	5530.54	46.46	0000000028
1292	0.830866	0.000793168	2.08718	2.15527	25384.3	46.47	0000001530
1293	0.83166	0.000793926	5.5241	2.15527	5363.54	46.48	0000000029
1294	0.832455	0.000794685	1.77271	2.04248	55411.3	46.64	0000032768
1295	0.83325	0.000795444	5.22087	2.04102	5653.44	46.67	0000000033
1296	0.834047	0.000796204	2.04567	2.04102	26616.4	46.68	0000001540
1297	0.834844	0.000796965	5.01487	2.04102	5900.48	46.68	0000000030
1298	0.835641	0.000797726	1.57883	2.03955	44413.4	46.72	0000007498
1299	0.83644	0.000798489	4.82425	2.03955	5920.44	46.73	0000000029
1300	0.837239	0.000799252	2.046	2.03955	26144	46.74	0000001577
1301	0.838039	0.000800015	4.9915	2.03955	4906.66	46.74	0000000019
1302	0.83884	0.00080078	1.45444	2.03564	54000.5	46.79	0000014445
1303	0.839641	0.000801545	4.01915	2.03564	5633.26	46.80	0000000016
1304	0.840444	0.000802311	1.96997	2.03564	26776.9	46.81	0000001619
1305	0.841247	0.000803078	2.89892	2.03564	5318.41	46.81	0000000008
1306	0.842051	0.000803845	1.56544	2.03516	44506.4	46.85	0000007484
1307	0.842855	0.000804613	2.37252	2.03516	5509.44	46.86	0000000006
1308	0.843661	0.000805382	2.00704	2.03516	26405.5	46.87	0000001629
1309	0.845274	0.00161307	1.76834	2.03174	55345.1	47.03	0000032768
1310	0.84689	0.00161616	1.96804	2.0293	26925.2	47.06	0000001647
1311	0.848509	0.00161925	1.55703	2.03076	44461.5	47.10	0000007521
1312	0.850131	0.00162234	1.97905	2.03076	26380.7	47.11	0000001681
1313	0.851757	0.00162545	1.57574	2.15674	49757.1	47.16	0000014393
1314	0.852571	0.000813888	1.89264	2.15674	1460.69	47.17	0000000001
1315	0.853385	0.000814666	1.98383	2.15674	25877.1	47.18	0000001675
1316	0.854201	0.000815444	1.80907	2.15674	1792.47	47.18	0000000001
1317	0.855017	0.000816223	1.55525	2.15625	44528.2	47.22	0000007481
1318	0.856652	0.00163479	1.9758	2.15625	26019.5	47.23	0000001682
1319	0.857471	0.000818565	1.65463	2.15625	1851.58	47.24	0000000001
1320	0.85829	0.000819347	1.77086	2.02783	55274.7	47.40	0000032768
1321	0.85911	0.00082013	1.75277	2.0376	1520.64	47.43	0000000001
1322	0.859931	0.000820914	2.02243	2.0376	25588.5	47.44	0000001698
1323	0.860753	0.000821698	1.68581	2.0376	3479.47	47.44	0000000002
1324	0.861575	0.000822484	1.57008	2.03711	43565.7	47.48	0000007489
1325	0.862398	0.000823269	1.5439	2.03711	4232.12	47.49	0000000003
1326	0.863222	0.000824056	2.05046	2.03711	25022.1	47.50	0000001697
1327	0.864047	0.000824844	3.41259	2.03711	5017.98	47.50	0000000010
1328	0.864873	0.000825632	1.51831	2.21143	51501.4	47.55	0000014401
1329	0.865699	0.000826421	3.55399	2.21143	6799.43	47.56	0000000018
1330	0.866527	0.00082721	1.89585	2.21143	26962.4	47.57	0000001725
1331	0.867355	0.000828001	4.00858	2.21143	5545.34	47.58	0000000018
1332	0.868183	0.000828792	1.55803	2.03857	43729.1	47.62	0000007451
1333	0.869013	0.000829584	4.76132	2.03857	5811.33	47.62	0000000027
1334	0.869843	0.000830377	1.99152	2.03857	25670.7	47.63	0000001720
1335	0.870674	0.00083117	4.95121	2.03857	5668.29	47.64	0000000035
1336	0.871506	0.000831964	1.92661	2.22217	50650.4	47.81	0000032768
1337	0.872339	0.000832759	4.62664	2.10352	6682.44	47.83	0000000041
1338	0.873173	0.000833555	2.01749	2.10352	25306.3	47.84	0000001726
1339	0.874007	0.000834351	4.70379	2.10352	6516.73	47.85	0000000047
1340	0.874842	0.000835149	1.57505	2.18945	43404.1	47.89	0000007439
1341	0.875678	0.000835947	5.0308	2.18945	6442.37	47.90	0000000058
1342	0.876515	0.000836746	2.04076	2.18945	24841.4	47.91	0000001718
1343	0.877352	0.000837545	4.95854	2.18945	6438.47	47.92	0000000058
1344	0.878191	0.000838345	1.61753	2.31299	48087.1	47.97	0000014422
1345	0.87903	0.000839146	4.61324	2.31299	6804.31	47.97	0000000060
1346	0.87987	0.000839948	2.17585	2.31299	22997.6	47.99	0000001727
1347	0.880711	0.000840751	4.80048	2.31299	6655.77	47.99	0000000066
1348	0.881552	0.000841554	1.57408	2.18848	43239.5	48.03	0000007403
1349	0.882395	0.000842358	4.73987	2.18848	6792.95	48.04	0000000068
1350	0.883238	0.000843163	2.2346	2.18848	22142.8	48.05	0000001723
1351	0.884082	0.000843969	4.77211	2.18848	6542	48.06	0000000072
1352	0.884926	0.000844775	1.7254	2.04346	56323.5	48.22	0000032768
1353	0.885772	0.000845583	4.51001	2.04395	7366.68	48.25	0000000082
1354	0.886618	0.000846391	2.40078	2.04395	21037	48.26	0000001711
1355	0.887466	0.000847199	4.73897	2.04395	6782.41	48.26	0000000093
1356	0.888314	0.000848009	1.55648	2.18848	43391.8	48.30	0000007417
1357	0.889162	0.000848819	4.84168	2.18848	7218.93	48.31	0000000100
1358	0.890012	0.00084963	2.42175	2.18848	20266.4	48.32	0000001742
1359	0.890863	0.000850442	5.14274	2.18848	6333.27	48.33	0000000121
1360	0.891714	0.000851255	1.41015	2.0415	54843.7	48.38	0000014401
1361	0.892566	0.000852068	5.2954	2.0415	6681.07	48.38	0000000143
1362	0.893419	0.000852882	2.50577	2.0415	19861.5	48.39	0000001751
1363	0.894272	0.000853697	5.50758	2.0415	6154.99	48.40	0000000158
1364	0.895127	0.000854513	1.54516	2.04248	43890.8	48.44	0000007406
1365	0.895982	0.00085533	5.37095	2.04248	6641.04	48.45	0000000174
1366	0.896838	0.000856147	2.46429	2.04248	20334.1	48.46	0000001745
1367	0.897695	0.000856965	5.65108	2.04248	5983.53	48.47	0000000192
1368	0.898553	0.000857784	1.90218	2.23145	51080	48.63	0000032768
1369	0.899412	0.000858603	5.85815	2.20654	6194.19	48.66	0000000204
1370	0.900271	0.000859424	2.41353	2.20654	20747.1	48.67	0000001764
1371	0.901131	0.000860245	6.00179	2.20654	5827.75	48.68	0000000204
1372	0.901993	0.000861067	1.56464	2.1875	43098.2	48.72	0000007421
1373	0.902854	0.00086189	6.01388	2.1875	6063.5	48.73	0000000195
1374	0.903717	0.000862713	2.5586	2.1875	19102.1	48.74	0000001753
1375	0.904581	0.000863538	6.19676	2.1875	5484.8	48.75	0000000197
1376	0.905445	0.000864363	1.57147	2.23877	49379.5	48.80	0000014397
1377	0.90631	0.000865189	5.98529	2.23877	6058.66	48.81	0000000195
1378	0.907176	0.000866016	2.57817	2.23877	19029.7	48.82	0000001765
1379	0.908043	0.000866843	6.11653	2.23877	5505.32	48.83	0000000188
1380	0.908911	0.000867671	1.67041	2.18262	40344.6	48.87	0000007413
1381	0.909779	0.000868501	5.31431	2.18262	6740.52	48.88	0000000173
1382	0.910649	0.00086933	2.25705	2.18262	21511.5	48.89	0000001773
1383	0.911519	0.000870161	5.4028	2.18262	6021.81	48.90	0000000155
1384	0.91239	0.000870993	1.93947	2.17627	49870.7	49.07	0000032768
1385	0.913262	0.000871825	5.17558	2.18164	6905.99	49.10	0000000138
1386	0.914134	0.000872658	2.22	2.18164	22399.8	49.11	0000001768
1387	0.915008	0.000873492	5.2469	2.18164	6385.94	49.11	0000000118
1388	0.915882	0.000874326	1.61441	2.18115	41562.1	49.15	0000007405
1389	0.916757	0.000875162	5.25145	2.18115	6412.1	49.16	0000000098
1390	0.917633	0.000875998	2.21342	2.18115	21783.9	49.17	0000001779
1391	0.91851	0.000876835	5.41853	2.18115	5599.75	49.18	0000000077
1392	0.919388	0.000877673	1.55493	2.17969	49330.9	49.23	0000014423
1393	0.920266	0.000878512	5.65054	2.17969	5580.53	49.24	0000000062
1394	0.921146	0.000879351	2.25993	2.17969	21260.8	49.25	0000001778
1395	0.922026	0.000880191	5.61443	2.17969	5240.69	49.25	0000000053
1396	0.922907	0.000881032	1.56054	2.03418	42708.6	49.30	0000007375
1397	0.923789	0.000881874	5.74927	2.03418	5289.5	49.30	0000000050
1398	0.924671	0.000882717	2.29933	2.03418	21042.4	49.31	0000001770
1399	0.925555	0.00088356	5.83362	2.03418	4993.16	49.32	0000000047
1400	0.926439	0.000884405	1.75311	2.03223	55070.1	49.48	0000032768
1401	0.927325	0.00088525	5.54165	2.28271	5259	49.51	0000000045
1402	0.928211	0.000886096	2.25619	2.28271	21284.8	49.52	0000001815
1403	0.929098	0.000886942	5.46073	2.28271	5188.99	49.53	0000000039
1404	0.929985	0.00088779	1.54168	2.29688	42787.1	49.57	0000007346
1405	0.930874	0.000888638	5.27542	2.29688	5260.2	49.58	0000000033
1406	0.931764	0.000889487	2.50986	2.29688	18826.6	49.59	0000001836
1407	0.932654	0.000890337	4.89166	2.29688	5043.43	49.59	0000000025
1408	0.933545	0.000891188	1.59122	2.41553	48275.3	49.65	0000014424
1409	0.934437	0.00089204	3.86626	2.41553	6209.48	49.65	0000000020
1410	0.93533	0.000892892	2.31754	2.41553	20201.7	49.67	0000001827
1411	0.936224	0.000893745	3.56616	2.41553	6080.57	49.67	0000000014
1412	0.937118	0.000894599	1.7439	2.02051	37630.4	49.71	0000007300
1413	0.938014	0.000895454	2.71409	2.02051	7489.89	49.72	0000000012
1414	0.93891	0.00089631	2.51025	2.02051	18773.9	49.73	0000001862
1415	0.939807	0.000897166	2.91732	2.02051	6439.05	49.74	0000000010
1416	0.940705	0.000898023	1.97434	2.25977	48674.6	49.91	0000032768
1417	0.941604	0.000898882	2.97098	2.01953	6163.82	49.94	0000000011
1418	0.942504	0.00089974	2.51918	2.01953	18693.1	49.95	0000001910
1419	0.943405	0.0009006	3.24367	2.01953	6698.06	49.96	0000000018
1420	0.944306	0.000901461	1.75128	2.09668	37047.5	50.00	0000007313
1421	0.945208	0.000902322	3.34302	2.09668	6805.07	50.00	0000000018
1422	0.946111	0.000903184	2.51258	2.09668	18341	50.02	0000001929
1423	0.947016	0.000904047	3.40138	2.09668	6758.06	50.02	0000000018
1424	0.94792	0.000904911	1.52376	2.02441	49488.9	50.07	0000014394
1425	0.948826	0.000905776	3.16612	2.02441	7454.63	50.07	0000000018
1426	0.949733	0.000906641	2.47578	2.02441	18363	50.09	0000001938
1427	0.95064	0.000907508	3.60749	2.02441	6637.88	50.09	0000000020
1428	0.951549	0.000908375	1.52091	2.21484	42181.4	50.13	0000007219
1429	0.952458	0.000909243	3.3497	2.21484	6115.97	50.14	0000000014
1430	0.953368	0.000910112	2.50877	2.21484	17921.3	50.15	0000001949
1431	0.954279	0.000910981	1.99843	2.21484	5179.95	50.16	0000000004
1432	0.955191	0.000911852	2.01507	2.31787	47258.1	50.33	0000032768
1433	0.956104	0.000912723	1.53476	2.31885	3416.79	50.36	0000000002
1434	0.957017	0.000913595	2.53146	2.31885	17940.5	50.38	0000001957
1435	0.957932	0.000914468	1.8027	2.31885	3037.45	50.38	0000000002
1436	0.958847	0.000915342	1.67781	2.34521	37654.2	50.42	0000007243
1437	0.959763	0.000916217	1.90248	2.34521	1675.33	50.43	0000000001
1438	0.96068	0.000917092	2.33572	2.34521	18857.8	50.44	0000001945
1439	0.962517	0.00183681	1.62216	2.33887	45961.4	50.49	0000014361
1440	0.963437	0.000919724	1.90945	2.33887	3000.77	50.50	0000000002
1441	0.964358	0.000920602	2.36048	2.33887	18594.6	50.51	0000001950
1442	0.965279	0.000921482	1.79505	2.33887	4522.54	50.52	0000000003
1443	0.966201	0.000922363	1.6181	2.34375	38625	50.56	0000007200
1444	0.967125	0.000923244	2.27876	2.34375	4691.63	50.57	0000000005
1445	0.968049	0.000924126	2.76463	2.34375	15859	50.58	0000001964
1446	0.968974	0.000925009	1.92696	2.34375	4990.22	50.59	0000000004
1447	0.9699	0.000925893	1.9055	2.2749	50159.4	50.76	0000032768
1448	0.970826	0.000926778	3.09475	2.02197	5190.41	50.79	0000000009
1449	0.971754	0.000927663	2.65828	2.02197	17018.7	50.80	0000002003
1450	0.972683	0.00092855	3.45264	2.02197	5985.89	50.81	0000000014
1451	0.973612	0.000929437	1.6775	2.51758	37525.9	50.85	0000007190
1452	0.974542	0.000930325	3.49058	2.51758	6528.97	50.86	0000000018
1453	0.975474	0.000931214	2.71748	2.51758	16134.3	50.87	0000001981
1454	0.976406	0.000932104	3.37034	2.51758	6583.3	50.87	0000000018
1455	0.977339	0.000932995	1.6839	2.5166	44669.1	50.93	0000014362
1456	0.978273	0.000933886	3.64251	2.5166	6747.88	50.94	0000000024
1457	0.979207	0.000934779	2.63214	2.5166	16644.3	50.95	0000002002
1458	0.980143	0.000935672	3.86154	2.5166	6954.51	50.95	0000000033
1459	0.98108	0.000936566	1.62651	2.49707	38504.8	51.00	0000007157
1460	0.982017	0.000937461	3.7607	2.49707	7563.74	51.00	0000000046
1461	0.982955	0.000938357	2.62789	2.49707	16748.4	51.02	0000002022
1462	0.983895	0.000939253	4.31837	2.49707	6536.29	51.02	0000000060
1463	0.984835	0.000940151	2.12486	2.49805	44906.3	51.20	0000032768
1464	0.985776	0.000941049	3.99949	2.01855	8065.44	51.23	0000000077
1465	0.986718	0.000941948	2.73879	2.01855	16685.8	51.24	0000002034
1466	0.987661	0.000942848	4.10959	2.01855	7233.14	51.25	0000000091
1467	0.988604	0.000943749	1.87925	2.44482	33427	51.29	0000007150
1468	0.989549	0.000944651	4.11787	2.44482	7713.13	51.30	0000000114
1469	0.990495	0.000945554	2.53839	2.44482	17260.7	51.31	0000002051
1470	0.991441	0.000946457	4.35467	2.44482	6700.24	51.32	0000000133
1471	0.992388	0.000947362	1.64963	2.44434	45224.9	51.37	0000014334
1472	0.993337	0.000948267	4.40328	2.44434	7119.42	51.38	0000000155
1473	0.994286	0.000949173	2.54894	2.44434	17105.2	51.39	0000002052
1474	0.995236	0.00095008	4.46599	2.44434	6477.83	51.40	0000000184
1475	0.996187	0.000950988	1.85269	2.47559	33511.4	51.45	0000007123
1476	0.997139	0.000951896	4.13721	2.47559	7705.6	51.45	0000000201
1477	0.998092	0.000952806	2.33278	2.47559	18612.2	51.47	0000002059
1478	0.999045	0.000953716	4.24955	2.47559	6779.09	51.47	0000000227
1479	1	0.000954628	1.77389	2.05225	53525.7	51.47	0000032768
