0.09
0.30
0.47
0.64
0.81
0.98
1.15
1.31
1.48
1.65
1.81
1.98
2.15
2.31
2.48
2.65
2.82
2.98
3.15
3.32
3.49
3.66
3.83
3.99
4.16
4.33
4.50
4.66
4.83
5.00
5.16
5.33
5.50
5.67
5.84
6.00
6.17
6.33
6.49
6.65
6.82
6.98
7.15
7.31
7.48
7.64
7.80
7.96
8.12
8.29
8.45
8.61
8.78
8.94
9.10
9.27
9.43
9.59
9.75
9.92
10.08
10.24
10.41
10.57
10.73
10.90
11.06
11.22
11.38
11.54
11.70
11.87
12.03
12.19
12.35
12.51
12.67
12.84
13.00
13.16
13.32
13.48
13.65
13.81
13.98
14.14
14.30
14.47
14.63
14.79
14.95
15.12
15.28
15.44
15.60
15.77
15.93
16.09
16.25
16.41
16.57
16.72
16.87
17.02
17.17
17.32
17.48
17.65
17.80
17.96
18.12
18.13
18.29
18.30
18.45
18.46
18.61
18.63
18.63
18.63
18.78
18.80
18.80
18.80
18.95
18.96
18.97
18.97
19.12
19.13
19.13
19.14
19.28
19.30
19.30
19.30
19.46
19.47
19.62
19.63
19.78
19.80
19.95
19.96
19.96
20.11
20.13
20.13
20.13
20.28
20.29
20.30
20.30
20.45
20.46
20.47
20.47
20.62
20.63
20.63
20.64
20.79
20.80
20.80
20.81
20.97
20.98
20.98
20.99
21.14
21.16
21.16
21.16
21.32
21.33
21.33
21.34
21.49
21.50
21.50
21.51
21.66
21.67
21.68
21.68
21.83
21.85
21.85
21.85
22.02
22.03
22.03
22.04
22.20
22.21
22.22
22.22
22.39
22.40
22.40
22.41
22.57
22.58
22.59
22.59
22.76
22.77
22.77
22.78
22.95
22.96
22.97
22.97
23.14
23.15
23.16
23.16
23.33
23.35
23.35
23.35
23.53
23.54
23.55
23.55
23.72
23.73
23.74
23.74
23.91
23.92
23.92
23.93
24.09
24.11
24.11
24.11
24.29
24.31
24.31
24.31
24.48
24.50
24.50
24.51
24.67
24.69
24.69
24.69
24.86
24.87
24.88
24.88
25.04
25.06
25.06
25.07
25.23
25.25
25.25
25.26
25.26
25.26
25.43
25.45
25.45
25.45
25.46
25.46
25.48
25.48
25.66
25.67
25.67
25.68
25.68
25.68
25.69
25.69
25.87
25.88
25.89
25.89
25.89
25.90
25.90
26.07
26.08
26.09
26.09
26.10
26.10
26.10
26.11
26.27
26.28
26.29
26.29
26.29
26.30
26.30
26.30
26.47
26.48
26.49
26.49
26.49
26.50
26.50
26.50
26.67
26.68
26.69
26.69
26.69
26.70
26.70
26.70
26.88
26.89
26.90
26.90
26.90
26.91
26.91
26.91
27.09
27.11
27.11
27.11
27.12
27.12
27.13
27.13
27.30
27.32
27.32
27.33
27.33
27.34
27.34
27.34
27.52
27.53
27.54
27.54
27.55
27.55
27.56
27.56
27.73
27.74
27.75
27.75
27.76
27.76
27.77
27.77
27.94
27.96
27.96
27.96
27.97
27.97
27.98
27.98
28.16
28.17
28.18
28.18
28.19
28.19
28.20
28.20
28.38
28.40
28.40
28.41
28.41
28.42
28.42
28.42
28.61
28.62
28.63
28.63
28.64
28.64
28.65
28.65
28.83
28.84
28.85
28.85
28.86
28.86
28.87
28.87
29.05
29.06
29.07
29.07
29.08
29.08
29.09
29.09
29.27
29.28
29.29
29.29
29.30
29.30
29.32
29.33
29.51
29.52
29.53
29.53
29.54
29.55
29.56
29.57
29.75
29.77
29.77
29.78
29.79
29.79
29.81
29.82
30.00
30.01
30.02
30.02
30.04
30.05
30.05
30.06
30.24
30.26
30.26
30.26
30.29
30.29
30.30
30.30
30.48
30.49
30.50
30.50
30.53
30.53
30.53
30.54
30.72
30.73
30.74
30.74
30.77
30.77
30.78
30.78
30.96
30.97
30.98
30.98
31.01
31.01
31.02
31.02
31.20
31.22
31.22
31.23
31.25
31.25
31.26
31.26
31.45
31.47
31.47
31.48
31.51
31.51
31.51
31.52
31.70
31.72
31.72
31.73
31.75
31.76
31.76
31.77
31.95
31.97
31.97
31.98
32.00
32.01
32.01
32.01
32.20
32.22
32.23
32.23
32.26
32.26
32.27
32.27
32.45
32.46
32.47
32.47
32.50
32.50
32.51
32.51
32.70
32.71
32.72
32.72
32.75
32.75
32.76
32.76
32.95
32.96
32.97
32.98
33.00
33.01
33.01
33.02
33.20
33.22
33.22
33.23
33.26
33.26
33.27
33.27
33.45
33.47
33.48
33.48
33.51
33.51
33.52
33.52
33.71
33.73
33.74
33.74
33.77
33.78
33.78
33.79
33.97
33.99
33.99
34.00
34.03
34.03
34.04
34.04
34.23
34.25
34.26
34.26
34.29
34.30
34.30
34.31
34.50
34.52
34.52
34.53
34.56
34.56
34.57
34.57
34.77
34.78
34.79
34.79
34.82
34.83
34.84
34.84
35.04
35.05
35.06
35.07
35.09
35.10
35.11
35.11
35.30
35.32
35.33
35.33
35.36
35.37
35.38
35.38
35.58
35.59
35.60
35.61
35.64
35.64
35.65
35.65
35.84
35.86
35.87
35.87
35.90
35.91
35.92
35.93
36.12
36.14
36.15
36.15
36.18
36.19
36.20
36.22
36.40
36.43
36.44
36.44
36.48
36.48
36.50
36.51
36.70
36.72
36.73
36.74
36.78
36.78
36.81
36.81
37.00
37.02
37.03
37.04
37.08
37.08
37.10
37.11
37.30
37.31
37.33
37.34
37.38
37.38
37.41
37.41
37.60
37.61
37.64
37.64
37.68
37.68
37.71
37.71
37.89
37.91
37.94
37.94
37.97
37.98
37.98
38.01
38.01
38.02
38.20
38.21
38.22
38.22
38.25
38.25
38.26
38.26
38.29
38.30
38.30
38.33
38.33
38.51
38.53
38.55
38.56
38.59
38.60
38.63
38.63
38.81
38.83
38.85
38.86
38.90
38.90
38.93
38.93
39.11
39.13
39.13
39.16
39.16
39.17
39.17
39.21
39.22
39.24
39.25
39.46
39.48
39.49
39.49
39.52
39.52
39.53
39.53
39.57
39.57
39.58
39.61
39.61
39.62
39.83
39.85
39.86
39.86
39.89
39.89
39.89
39.90
39.94
39.94
39.95
39.95
39.98
39.99
39.99
40.00
40.20
40.22
40.23
40.23
40.26
40.27
40.27
40.28
40.32
40.32
40.33
40.33
40.36
40.36
40.37
40.37
40.59
40.61
40.62
40.62
40.65
40.65
40.66
40.66
40.70
40.70
40.71
40.71
40.74
40.74
40.75
40.75
40.96
40.98
40.99
40.99
41.02
41.03
41.04
41.04
41.08
41.08
41.09
41.09
41.12
41.13
41.13
41.14
41.34
41.37
41.37
41.40
41.41
41.41
41.42
41.46
41.46
41.47
41.47
41.50
41.51
41.51
41.52
41.73
41.75
41.76
41.76
41.79
41.80
41.84
41.85
41.88
41.89
42.11
42.14
42.17
42.18
42.23
42.23
42.26
42.27
42.27
42.28
42.49
42.51
42.52
42.52
42.55
42.56
42.57
42.61
42.62
42.64
42.65
42.66
42.88
42.90
42.90
42.91
42.94
42.94
42.95
42.95
43.00
43.00
43.01
43.04
43.04
43.05
43.05
43.27
43.29
43.30
43.30
43.34
43.34
43.35
43.35
43.40
43.40
43.41
43.41
43.44
43.45
43.45
43.46
43.66
43.68
43.69
43.69
43.73
43.73
43.74
43.74
43.78
43.79
43.79
43.80
43.83
43.83
43.84
43.84
44.07
44.09
44.10
44.10
44.13
44.13
44.14
44.15
44.20
44.20
44.21
44.21
44.24
44.25
44.25
44.26
44.47
44.49
44.50
44.50
44.54
44.54
44.55
44.55
44.60
44.60
44.61
44.61
44.65
44.65
44.66
44.66
44.87
44.89
44.90
44.90
44.93
44.94
44.95
44.95
44.99
45.00
45.00
45.01
45.04
45.04
45.05
45.05
45.27
45.29
45.30
45.30
45.34
45.34
45.35
45.35
45.40
45.40
45.41
45.41
45.44
45.44
45.45
45.46
45.68
45.70
45.71
45.71
45.74
45.75
45.75
45.76
45.80
45.80
45.84
45.84
45.88
45.88
45.89
45.89
46.10
46.12
46.13
46.14
46.17
46.17
46.18
46.18
46.23
46.23
46.24
46.24
46.28
46.28
46.29
46.29
46.51
46.52
46.53
46.53
46.57
46.57
46.58
46.58
46.63
46.63
46.64
46.64
46.67
46.68
46.69
46.69
46.90
46.92
46.93
46.93
46.96
46.97
46.97
46.98
47.02
47.03
47.03
47.04
47.07
47.07
47.08
47.08
47.29
47.31
47.32
47.33
47.36
47.36
47.37
47.37
47.42
47.42
47.43
47.43
47.47
47.47
47.48
47.48
47.70
47.72
47.76
47.76
47.77
47.77
47.82
47.83
47.84
47.84
47.88
47.88
47.89
47.89
48.10
48.12
48.13
48.14
48.17
48.18
48.18
48.19
48.24
48.24
48.25
48.26
48.29
48.30
48.31
48.31
48.51
48.54
48.54
48.55
48.58
48.59
48.60
48.60
48.65
48.66
48.67
48.67
48.71
48.71
48.72
48.73
48.94
48.96
48.97
48.97
49.01
49.01
49.02
49.03
49.08
49.08
49.09
49.10
49.13
49.14
49.15
49.15
49.37
49.40
49.41
49.41
49.45
49.45
49.46
49.47
49.52
49.53
49.54
49.54
49.58
49.58
49.59
49.59
49.79
49.81
49.82
49.83
49.86
49.87
49.88
49.88
49.94
49.94
49.95
49.95
49.99
50.00
50.01
50.01
50.23
50.25
50.26
50.26
50.30
50.30
50.31
50.31
50.37
50.37
50.38
50.39
50.42
50.43
50.43
50.44
50.65
50.67
50.68
50.68
50.72
50.72
50.73
50.73
50.78
50.79
50.80
50.80
50.84
50.84
50.85
50.86
51.07
51.09
51.10
51.10
51.14
51.15
51.15
51.16
51.21
51.22
51.23
51.23
51.27
51.27
51.28
51.28
51.49
51.51
51.52
51.52
51.57
51.57
51.58
51.59
51.64
51.64
51.65
51.65
51.69
51.70
51.71
51.71
51.92
51.94
51.95
51.95
51.99
51.99
52.00
52.01
52.06
52.07
52.08
52.08
52.12
52.12
52.13
52.13
52.35
52.37
52.38
52.38
52.42
52.42
52.43
52.44
52.49
52.49
52.50
52.51
52.55
52.55
52.56
52.56
52.77
52.79
52.80
52.81
52.84
52.85
52.86
52.86
52.92
52.92
52.93
52.93
52.97
52.97
52.98
52.99
53.20
53.22
53.23
53.23
53.27
53.27
53.28
53.29
53.34
53.35
53.36
53.36
53.40
53.40
53.41
53.42
53.62
53.64
53.65
53.65
53.69
53.69
53.70
53.72
53.78
53.78
53.79
53.79
53.83
53.84
53.85
53.85
54.06
54.08
54.09
54.10
54.13
54.14
54.15
54.15
54.21
54.21
54.22
54.23
54.27
54.27
54.28
54.28
54.49
54.51
54.52
54.52
54.56
54.56
54.57
54.58
54.63
54.63
54.64
54.65
54.68
54.69
54.70
54.70
54.92
54.94
54.95
54.95
54.99
55.00
55.01
55.01
55.07
55.07
55.08
55.09
55.13
55.13
55.14
55.15
55.35
55.37
55.38
55.39
55.43
55.43
55.44
55.45
55.50
55.51
55.52
55.52
55.56
55.57
55.58
55.58
55.82
55.84
55.85
55.86
55.90
55.90
55.91
55.92
55.98
55.99
55.99
56.03
56.03
56.05
56.05
56.29
56.31
56.33
56.33
56.37
56.37
56.38
56.39
56.45
56.45
56.46
56.47
56.51
56.51
56.52
56.53
56.77
56.80
56.81
56.81
56.86
56.86
56.87
56.88
56.94
56.94
56.95
56.96
57.00
57.01
57.02
57.02
57.27
57.29
57.30
57.31
57.35
57.35
57.37
57.37
57.43
57.44
57.45
57.45
57.50
57.50
57.51
57.52
57.77
57.79
57.80
57.81
57.85
57.85
57.87
57.87
57.93
57.93
57.95
57.95
58.00
58.00
58.01
58.02
58.28
58.31
58.32
58.33
58.37
58.37
58.39
58.39
58.45
58.46
58.47
58.47
58.52
58.52
58.53
58.54
58.78
58.81
58.82
58.82
58.87
58.87
58.88
58.89
58.95
58.96
58.97
59.02
59.02
59.03
59.04
59.27
59.29
59.30
59.31
59.35
59.35
59.37
59.37
59.44
59.44
59.46
59.46
59.51
59.51
59.52
59.53
59.76
59.79
59.80
59.81
59.85
59.86
59.87
59.87
59.94
59.94
59.96
59.96
60.01
60.01
60.03
60.03
60.27
60.29
60.31
60.31
60.36
60.37
60.38
60.39
60.46
60.47
60.48
60.49
60.54
60.54
60.56
60.56
60.56
