0000032768
0000032768
0000032768
0000032768
0000032768
0000032768
0000032768
0000032768
0000032768
0000032768
0000032768
0000032768
0000032768
0000032768
0000032768
0000032768
0000032768
0000032768
0000032768
0000032768
0000032768
0000032768
0000032768
0000032768
0000032768
0000032768
0000032768
0000032768
0000032768
0000032768
0000032768
0000032768
0000032768
0000032768
0000032768
0000032768
0000032768
0000032768
0000032768
0000032768
0000032768
0000032768
0000032768
0000032768
0000032768
0000032768
0000032768
0000032768
0000032768
0000032768
0000032768
0000032768
0000032768
0000032768
0000032768
0000032768
0000032768
0000032768
0000032768
0000032768
0000032768
0000032768
0000032768
0000032768
0000032768
0000032768
0000032768
0000032768
0000032768
0000032768
0000032768
0000032768
0000032768
0000032768
0000032768
0000032768
0000032768
0000032768
0000032768
0000032768
0000032768
0000032768
0000032768
0000032768
0000032768
0000032768
0000032768
0000032768
0000032768
0000032768
0000032768
0000032768
0000032768
0000032768
0000032768
0000032768
0000032768
0000032768
0000032768
0000032768
0000032768
0000032768
0000032768
0000032768
0000032768
0000032768
0000032768
0000032768
0000032768
0000032768
0000032768
0000000001
0000032768
0000000002
0000032768
0000000003
0000032768
0000000002
0000000004
0000000002
0000032768
0000000002
0000000004
0000000002
0000032768
0000000004
0000000004
0000000004
0000032768
0000000002
0000000004
0000000002
0000032768
0000000002
0000000004
0000000002
0000032768
0000000004
0000032768
0000000005
0000032768
0000000004
0000032768
0000000004
0000000002
0000032768
0000000002
0000000005
0000000002
0000032768
0000000002
0000000006
0000000002
0000032768
0000000003
0000000008
0000000004
0000032768
0000000002
0000000012
0000000001
0000032768
0000000004
0000000014
0000000004
0000032768
0000000005
0000000017
0000000006
0000032768
0000000006
0000000015
0000000006
0000032768
0000000009
0000000015
0000000010
0000032768
0000000008
0000000018
0000000008
0000032768
0000000007
0000000025
0000000006
0000032768
0000000005
0000000031
0000000005
0000032768
0000000006
0000000038
0000000006
0000032768
0000000009
0000000051
0000000016
0000032768
0000000016
0000000056
0000000014
0000032768
0000000020
0000000066
0000000024
0000032768
0000000028
0000000075
0000000025
0000032768
0000000031
0000000083
0000000036
0000032768
0000000038
0000000100
0000000038
0000032768
0000000027
0000000114
0000000029
0000032768
0000000031
0000000132
0000000037
0000032768
0000000035
0000000156
0000000033
0000032768
0000000045
0000000176
0000000054
0000032768
0000000059
0000000195
0000000055
0000032768
0000000055
0000000213
0000000066
0000032768
0000000067
0000000237
0000000064
0000032768
0000000074
0000000277
0000000077
0000032768
0000000085
0000000316
0000000086
0000032768
0000000086
0000000349
0000000098
0000032768
0000000102
0000000390
0000000001
0000000116
0000000003
0000032768
0000000005
0000000129
0000000006
0000000437
0000000006
0000000133
0000000005
0000032768
0000000006
0000000145
0000000005
0000000481
0000000003
0000000147
0000000001
0000032768
0000000144
0000000001
0000000544
0000000001
0000000160
0000000003
0000032768
0000000003
0000000171
0000000003
0000000598
0000000002
0000000189
0000000003
0000032768
0000000004
0000000197
0000000008
0000000664
0000000009
0000000206
0000000007
0000032768
0000000008
0000000211
0000000008
0000000718
0000000009
0000000223
0000000011
0000032768
0000000009
0000000233
0000000009
0000000776
0000000006
0000000229
0000000009
0000032768
0000000009
0000000241
0000000009
0000000851
0000000010
0000000244
0000000010
0000032768
0000000010
0000000268
0000000013
0000000948
0000000017
0000000277
0000000013
0000032768
0000000014
0000000279
0000000015
0000001043
0000000012
0000000301
0000000013
0000032768
0000000012
0000000313
0000000012
0000001141
0000000013
0000000351
0000000013
0000032768
0000000011
0000000383
0000000007
0000001239
0000000004
0000000379
0000000003
0000032768
0000000003
0000000389
0000000003
0000001372
0000000006
0000000414
0000000008
0000032768
0000000010
0000000434
0000000014
0000001498
0000000014
0000000436
0000000014
0000032768
0000000016
0000000426
0000000015
0000001602
0000000012
0000000438
0000000014
0000032768
0000000014
0000000462
0000000017
0000001724
0000000016
0000000502
0000000017
0000032768
0000000017
0000000520
0000000021
0000001863
0000000019
0000000551
0000000023
0000032768
0000000025
0000000579
0000000026
0000001991
0000000028
0000000598
0000000034
0000032768
0000000038
0000000625
0000000039
0000002102
0000000042
0000000641
0000000038
0000032768
0000000048
0000000670
0000000052
0000002244
0000000058
0000000709
0000000052
0000032768
0000000049
0000000743
0000000060
0000002396
0000000064
0000000768
0000000068
0000032768
0000000071
0000000796
0000000059
0000002585
0000000055
0000000809
0000000052
0000032768
0000000045
0000000841
0000000039
0000002774
0000000037
0000000854
0000000040
0000032768
0000000042
0000000869
0000000043
0000002962
0000000042
0000000875
0000000043
0000032768
0000000039
0000000901
0000000040
0000003166
0000000048
0000000931
0000000041
0000032768
0000000046
0000000952
0000000059
0000003353
0000000051
0000000966
0000000052
0000032768
0000000055
0000001040
0000000047
0000003526
0000000050
0000001089
0000000047
0000032768
0000000041
0000001152
0000000045
0000003731
0000000044
0000001208
0000000041
0000032768
0000000048
0000001222
0000000056
0000003932
0000000060
0000001252
0000000058
0000032768
0000000053
0000001288
0000000049
0000004145
0000000051
0000001319
0000000054
0000032768
0000000063
0000001333
0000000062
0000004375
0000000073
0000001342
0000000080
0000032768
0000000078
0000001355
0000000084
0000004584
0000000080
0000001405
0000000083
0000032768
0000000092
0000001466
0000000089
0000004825
0000000096
0000001526
0000000096
0000032768
0000000093
0000001601
0000000106
0000005038
0000000111
0000001651
0000000119
0000032768
0000000130
0000001682
0000000133
0000005247
0000000144
0000001751
0000000158
0000032768
0000000155
0000001816
0000000169
0000005485
0000000172
0000001878
0000000160
0000032768
0000000158
0000001908
0000000169
0000005717
0000000157
0000001938
0000000166
0000032768
0000000168
0000001975
0000000159
0000005949
0000000164
0000002061
0000000162
0000032768
0000000155
0000002120
0000000166
0000006182
0000000189
0000002135
0000000188
0000032768
0000000188
0000002156
0000000179
0000006367
0000000186
0000002193
0000000184
0000032768
0000000190
0000002240
0000000195
0000006558
0000000211
0000002255
0000000218
0000032768
0000000226
0000002308
0000000224
0000006780
0000000231
0000002326
0000000234
0000032768
0000000239
0000002411
0000000253
0000006997
0000000249
0000002504
0000000247
0000032768
0000000239
0000002594
0000000251
0000007213
0000000246
0000002627
0000000243
0000032768
0000000270
0000002680
0000000300
0000007425
0000000301
0000002712
0000000297
0000032768
0000000318
0000002797
0000000318
0000007631
0000000313
0000002861
0000000332
0000032768
0000000338
0000002928
0000000328
0000007890
0000000319
0000002976
0000000345
0000032768
0000000337
0000003016
0000000347
0000008138
0000000355
0000003046
0000000350
0000032768
0000000346
0000003091
0000000361
0000008376
0000000340
0000003171
0000000325
0000032768
0000000340
0000003233
0000000338
0000008625
0000000366
0000003268
0000000370
0000032768
0000000394
0000003367
0000000410
0000008857
0000000423
0000003414
0000000421
0000032768
0000000441
0000003482
0000000457
0000009077
0000000472
0000000002
0000003534
0000000503
0000000003
0000032768
0000000003
0000000522
0000000001
0000003595
0000000001
0000000534
0000000002
0000009300
0000000003
0000000553
0000003675
0000000557
0000032768
0000000575
0000003761
0000000580
0000009499
0000000594
0000003832
0000000593
0000032768
0000000588
0000003887
0000000603
0000009682
0000000601
0000003970
0000000617
0000032768
0000000653
0000000001
0000004020
0000000001
0000000658
0000000001
0000009907
0000000674
0000004084
0000000713
0000032768
0000000001
0000000739
0000000002
0000004129
0000000001
0000000761
0000000001
0000010135
0000000001
0000000755
0000004148
0000000764
0000000001
0000032768
0000000001
0000000762
0000000001
0000004188
0000000001
0000000761
0000000003
0000010359
0000000001
0000000799
0000000004
0000004243
0000000009
0000000816
0000000012
0000032768
0000000012
0000000833
0000000014
0000004318
0000000016
0000000856
0000000018
0000010540
0000000016
0000000846
0000000017
0000004377
0000000019
0000000861
0000000018
0000032768
0000000014
0000000877
0000000013
0000004420
0000000011
0000000875
0000000008
0000010733
0000000001
0000000875
0000000002
0000004459
0000000002
0000000881
0000000003
0000032768
0000000005
0000000914
0000000005
0000004545
0000000003
0000000917
0000000005
0000010965
0000000002
0000000918
0000000004
0000004620
0000000003
0000000949
0000000002
0000032768
0000000962
0000000003
0000004675
0000000002
0000000976
0000000003
0000011170
0000000003
0000000989
0000000003
0000004646
0000000004
0000000992
0000000005
0000032768
0000000002
0000000993
0000000003
0000004731
0000000976
0000011342
0000000989
0000004762
0000001000
0000032768
0000000997
0000004831
0000000987
0000011537
0000000971
0000004898
0000000002
0000000964
0000000002
0000032768
0000000004
0000000981
0000000003
0000004990
0000000001
0000000950
0000011726
0000000945
0000005038
0000000001
0000000950
0000032768
0000000002
0000000968
0000000002
0000005127
0000000003
0000000954
0000000002
0000011899
0000000937
0000000001
0000005181
0000000004
0000000935
0000000006
0000032768
0000000006
0000000942
0000000004
0000005301
0000000005
0000000937
0000000007
0000012107
0000000011
0000000956
0000000011
0000005287
0000000013
0000000957
0000000013
0000032768
0000000012
0000000949
0000000015
0000005342
0000000013
0000000962
0000000008
0000012260
0000000008
0000000970
0000000009
0000005325
0000000008
0000000969
0000000007
0000032768
0000000012
0000000980
0000000015
0000005361
0000000011
0000000991
0000000010
0000012405
0000000006
0000000973
0000000004
0000005409
0000000005
0000000975
0000000006
0000032768
0000000005
0000000988
0000000007
0000005492
0000000010
0000000981
0000000008
0000012566
0000000009
0000000993
0000000007
0000005521
0000000006
0000000993
0000000008
0000032768
0000000010
0000001019
0000000009
0000005592
0000000013
0000001011
0000000014
0000012664
0000000009
0000001017
0000000005
0000005619
0000000003
0000001023
0000000006
0000032768
0000000007
0000001010
0000000008
0000005714
0000000005
0000001011
0000000004
0000012804
0000000005
0000001017
0000000005
0000005737
0000000003
0000001033
0000000002
0000032768
0000000002
0000001034
0000000002
0000005812
0000000003
0000001039
0000000003
0000012973
0000000004
0000001080
0000000004
0000005874
0000000003
0000001102
0000000003
0000032768
0000000006
0000001128
0000000004
0000005916
0000000003
0000001168
0000000010
0000013120
0000000020
0000001197
0000000024
0000005983
0000000032
0000001222
0000000028
0000032768
0000000026
0000001243
0000000028
0000006010
0000000019
0000001280
0000000017
0000013261
0000000018
0000001281
0000000016
0000006046
0000000016
0000001296
0000000013
0000032768
0000000014
0000001300
0000000008
0000006097
0000000008
0000001305
0000000010
0000013369
0000000013
0000001317
0000000009
0000006167
0000000011
0000001338
0000000011
0000032768
0000000011
0000001355
0000000005
0000006224
0000000004
0000001360
0000000006
0000013494
0000000002
0000001382
0000000001
0000006268
0000000001
0000001384
0000000001
0000032768
0000001407
0000006372
0000000001
0000001428
0000000002
0000013616
0000000001
0000001437
0000000001
0000006393
0000000003
0000001442
0000000003
0000032768
0000000003
0000001457
0000000006
0000006479
0000000013
0000001485
0000000013
0000013721
0000000012
0000001486
0000000011
0000006504
0000000012
0000001467
0000000005
0000032768
0000000007
0000001477
0000000003
0000006572
0000000006
0000001494
0000000012
0000013823
0000000014
0000001530
0000000012
0000006601
0000000011
0000001534
0000000017
0000032768
0000000023
0000001513
0000000030
0000006668
0000000026
0000001519
0000000027
0000013896
0000000028
0000001544
0000000026
0000006677
0000000028
0000001593
0000000030
0000032768
0000000030
0000001579
0000000032
0000006709
0000000032
0000001598
0000000023
0000013963
0000000022
0000001611
0000000026
0000006793
0000000022
0000001607
0000000022
0000032768
0000000017
0000001623
0000000023
0000006849
0000000022
0000001591
0000000021
0000014036
0000000017
0000001621
0000000016
0000006895
0000000017
0000001637
0000000017
0000032768
0000000020
0000001653
0000000016
0000006941
0000000012
0000001658
0000000016
0000014098
0000000016
0000001659
0000000020
0000006956
0000000021
0000001663
0000000020
0000032768
0000000017
0000001687
0000000017
0000006989
0000000023
0000001688
0000000028
0000014165
0000000029
0000001677
0000000021
0000007056
0000000023
0000001668
0000000021
0000032768
0000000020
0000001668
0000000025
0000007097
0000000029
0000001680
0000000027
0000014183
0000000028
0000001663
0000000025
0000007124
0000000023
0000001663
0000000019
0000032768
0000000015
0000001706
0000000011
0000007252
0000000011
0000001692
0000000008
0000014282
0000000006
0000001703
0000000006
0000007282
0000000006
0000001702
0000000005
0000032768
0000000004
0000001669
0000000003
0000007284
0000000004
0000001637
0000000008
0000014323
0000000011
0000001625
0000000013
0000007301
0000000016
0000001607
0000000011
0000032768
0000000007
0000001573
0000000006
0000007336
0000000004
0000001583
0000000005
0000014379
0000000007
0000001597
0000000009
0000007308
0000000010
0000001569
0000000013
0000032768
0000000016
0000001577
0000000015
0000007289
0000000016
0000001565
0000000015
0000014388
0000000015
0000001591
0000000017
0000007302
0000000010
0000001579
0000000008
0000032768
0000000009
0000001554
0000000008
0000007306
0000000008
0000001541
0000000009
0000014419
0000000010
0000001528
0000000007
0000007345
0000000008
0000001518
0000000006
0000032768
0000000011
0000001553
0000000013
0000007356
0000000013
0000001554
0000000012
0000014451
0000000011
0000001554
0000000008
0000007341
0000000001
0000001545
0000000001
0000032768
0000000002
0000001554
0000000003
0000007381
0000000007
0000001540
0000000007
0000014464
0000000004
0000001506
0000000003
0000007424
0000000002
0000001515
0000000001
0000032768
0000000003
0000001520
0000000002
0000007416
0000000002
0000001528
0000000006
0000014434
0000000009
0000001524
0000000008
0000007471
0000000018
0000001552
0000000027
0000032768
0000000033
0000001575
0000000039
0000007490
0000000042
0000001593
0000000043
0000014444
0000000037
0000001649
0000000027
0000007474
0000000020
0000001667
0000000020
0000032768
0000000018
0000001682
0000000014
0000007517
0000000009
0000001697
0000000008
0000014396
0000000008
0000001688
0000000010
0000007472
0000000005
0000001696
0000000004
0000032768
0000000002
0000001711
0000000002
0000007481
0000000003
0000001744
0000000002
0000014408
0000001751
0000000003
0000007444
0000000005
0000001736
0000000004
0000032768
0000000003
0000001750
0000000005
0000007425
0000000010
0000001753
0000000018
0000014425
0000000021
0000001730
0000000031
0000007397
0000000032
0000001755
0000000049
0000032768
0000000060
0000001757
0000000072
0000007407
0000000102
0000001767
0000000116
0000014400
0000000133
0000001782
0000000151
0000007376
0000000155
0000001804
0000000154
0000032768
0000000164
0000001805
0000000171
0000007398
0000000172
0000001798
0000000165
0000014398
0000000156
0000001801
0000000143
0000007398
0000000122
0000001784
0000000101
0000032768
0000000077
0000001827
0000000067
0000007403
0000000060
0000001823
0000000056
0000014424
0000000051
0000001842
0000000046
0000007368
0000000030
0000001831
0000000019
0000032768
0000000011
0000001856
0000000014
0000007322
0000000013
0000001885
0000000017
0000014416
0000000018
0000001913
0000000017
0000007303
0000000017
0000001923
0000000010
0000032768
0000000010
0000001958
0000000005
0000007314
0000000001
0000001973
0000000001
0000014391
0000001993
0000000001
0000007207
0000000002
0000001957
0000000003
0000032768
0000000007
0000001959
0000000013
0000007241
0000000019
0000001957
0000000021
0000014358
0000000027
0000001955
0000000026
0000007200
0000000024
0000001946
0000000023
0000032768
0000000029
0000001929
0000000036
0000007178
0000000043
0000001936
0000000060
0000014362
0000000078
0000001933
0000000093
0000007167
0000000107
0000001927
0000000130
0000032768
0000000156
0000001931
0000000183
0000007159
0000000213
0000001912
0000000239
0000014340
0000000259
0000001912
0000000275
0000007117
0000000290
0000001925
0000000299
0000032768
