106078
106003
105978
106731
105697
105626
106713
105938
106276
106733
106516
106074
106725
105005
104782
106260
106528
105585
105449
106496
104951
105970
105891
106412
106498
106397
105539
106285
105622
106706
106908
106725
102953
107034
107180
107747
107757
107772
106251
106617
105515
105908
105832
105201
105879
106576
106622
107069
106344
106104
107044
106773
107232
107193
104156
106284
106275
106206
106488
106138
105894
107238
106605
105754
107017
107296
107087
107791
107428
107240
107110
107557
107723
108408
108450
108124
106951
107330
105130
106629
107948
107568
107529
106524
107380
108170
106682
105319
106957
107244
107815
106743
107603
108453
109086
107728
106193
106584
106120
107682
107852
108559
105664
107195
106048
108645
110241
109120
108970
109121
109552
4248.67
108885
6377.23
111126
8338.89
111266
6906.46
9648.97
6773.05
111819
7495.8
8347.11
6749.1
110716
10524.8
10178.5
10803.1
110714
7205.44
10176.3
6494.35
110159
6795.88
10026.5
6441.47
110825
9303.54
110964
10309.8
110537
8950.63
110457
3811.27
6499.58
110107
6848.94
10715.1
7055.37
110547
6796.43
10430.6
6844.81
110611
8238.32
10637.2
10230.2
110147
6681.28
13116.6
3857.19
110404
9542.17
16546.4
9827.24
108282
11270
10183.1
11727.5
110103
12719.4
18448.4
12563.7
110290
17027.9
17475.5
18240.5
111148
17900
16201.2
17815.8
110815
17175
17809.5
18824.4
111739
13800.3
13976.2
11721.9
107775
12173.9
23737.9
17054.8
109169
7083.89
27418.2
25422.7
109875
25851.1
31219.2
27850.3
108345
15348.3
32447.7
27693.2
109272
33484.2
31051.7
29327.9
107076
33202.2
30750.4
35115.6
108067
34034.1
26755.8
37438.4
107221
34063.7
31422.3
34155.3
108379
31330.3
27290.7
34167.9
108232
39631.1
28023.7
40223.5
108328
29438.5
33282
43267.8
107450
42456.8
31840.6
46368.1
107193
37208.2
30411.2
37659.9
107248
38918
31499.8
41392.2
108149
26230.9
29519.1
38872.2
106098
33157
34218.7
32469.4
106372
38273.5
34818.1
34613.6
105698
49603.9
35122
4309.3
32400.2
9570.48
105737
11896.2
53317.8
11744.6
36037.4
13512.5
60196
5591.04
103277
13009.8
61128.8
12313.6
33659
9494.87
58593.4
3042.03
104175
30498.9
4295.98
35847.6
4037.34
46140.8
10056.9
105554
8971.51
47273.7
9363.76
34341.8
7699.89
47887.2
11214.8
105380
12279.3
48386.9
14400.7
37376.9
20448.6
40221.9
16539.1
105269
16255.9
34896
19227.8
37540.4
19741.3
51688
19032.7
105187
17432.7
45383.2
17467.6
37018.9
13967.5
55009.7
15337.4
103397
15453.3
47755.2
15961.3
38166.2
18439.6
62840.3
18880.5
103571
15851.5
54604
8743.85
38873.9
18693.8
48832.2
17672.8
103355
18462.6
65110.4
20513.3
37158.5
17834.4
61054.7
18704.2
96179.6
16123.7
64094.2
15312.4
45357.4
10787.5
62245.8
19776.6
96943.6
16050.5
57167.9
18042.7
41092.4
9625.57
59074.3
2939.17
95198
11029.1
58033.2
10666.7
46648.7
15953
53141.9
16830.5
96087.5
15565.5
56971.6
20779.7
45068.1
22306.9
53459.9
20194.1
94325.5
20772.7
58006.5
18959.5
40589.7
13028
58759.5
14843.2
95317.7
10182.1
69636.4
16268.3
47812.5
15686.8
69858.4
17146.1
96262
16851.8
62403.8
12678.5
48068.8
13872.7
60582.1
15699.5
94553.9
17867.7
66995.2
17919.3
48881.2
11443.1
60959.3
19902.7
95026.9
15822.6
65528.8
21269.2
50966.1
19374.5
60318.8
15272.1
93992.9
27162.2
70025
28117
52826.6
31674.6
69948.6
24461.3
95970.7
27646.8
69760.1
25223.1
50745.3
24323.8
66002.7
31843.3
94917.9
31845.2
70698.7
24734.3
53760.6
26659.4
64976.5
18621.1
95529.3
19570.8
62901
20394.3
53331.9
20140.7
65030
25501.9
95232.9
25464.8
61178.4
26064.9
55865
30975.5
62801
29903.1
94021.1
18463.7
57406.9
28757
54314.4
24894.4
61720.1
25172.4
94858.4
26872.5
57888
23583.4
55908.9
25758
54873.3
28621.1
95296.6
34309.5
60321.6
33199.2
54998.7
28115.5
56950
19180.5
94925.1
17420.1
57632.6
21784.5
56047.1
35733.3
58475.4
23864
95568
32002.2
60464.2
30525.4
56267.2
27677
59022.3
27986.4
95334.3
26660.7
57193
27196.6
68018.9
28648.3
62244.1
32289.7
94521.8
29622.6
60038.7
28046.8
67305.5
27229.9
60639.1
31029.1
91527.5
31303.2
59412.1
33232.4
67775.4
34352.8
61144.5
28722.5
94211.3
28982.5
58803.1
35101.1
68794.2
35974.6
63262.5
33240.8
92100.2
26886.3
62223.4
29525.9
69676.6
31959
62691.2
31244.9
90929.8
34259.9
68478.4
30212.7
68605
35961.2
69885.4
37504.5
94096.7
34985.7
66861.4
28203.4
67645.3
35989.3
69044.4
35702.2
89547.8
33338.8
67345.4
33490.2
68780.3
34485.3
66958.2
38130.3
90760.8
38150.3
68132.2
38923.4
69830.5
34804.5
67360
34678.4
89225.5
42214.8
71893.4
39881.1
71449.4
43282
71884.5
35292.8
90133.4
38871.8
70434.8
41577.6
72058.3
43951
71465
43271.4
89695.9
41448.3
69641.2
38659.2
69643.5
41373.4
69260.7
34642.9
89923.1
34875.7
71480.8
42830
71434.9
41962.4
70743.2
40179.5
88683.1
43261
71139.8
42778.7
72373.3
42095.7
72078.8
40882.6
88795.6
38970.7
72287.4
39152.9
74146.4
43493.2
73913.6
43663.2
90293.2
45339.6
71007.7
47306.6
70209.3
47647.5
69688.1
42833.5
88972.2
48233.3
71289.8
49506.4
71496.7
43634
69454.2
43234.1
89517.6
46978.5
71140.5
48956.9
72139.8
46927.3
70338
47619.3
88529.8
50441.2
72834.7
49147.7
74150.3
45059
73188.4
49918.2
86931.7
50851.7
73263.5
50522.4
75654.3
46529.2
71836.4
42158.2
88183.6
41607
72225.9
43722.4
79951.6
43280.1
72371.7
43322.9
88059.7
43547.2
72814.2
44407.8
84176.1
39000.2
74915.7
43145.4
88306.4
44356.8
76595.3
40812.3
84059.1
45048.6
1755.93
74638.4
44013.6
1995.38
89164.2
7490.71
46892.8
3192.36
70660.5
826.703
43572.7
4991.32
83199.6
2620.86
41326
72174
44473.7
88453.8
47386.9
70575.3
44509.2
83860.4
44519.4
71922.2
40442.9
87493.2
41970.8
69415.8
40169
81991.6
38664.7
70546
39863.3
88900.8
38735.4
952.787
68616.7
2325.24
38593.6
786.015
82303.7
36161.9
70110.3
39972.8
73854.6
1674.03
40309.4
1542.87
73384.5
1641.52
41223.1
2583.45
77583.9
3204.06
40787.4
74600.5
41444.1
3164.88
73566.5
3085.35
41393
3123.05
78899.1
3272.68
37205.5
7010.92
77662.2
2569.58
39751.8
2195.95
74056.4
6092.05
40263.9
6597.61
74585.7
11155
41632.9
8450.8
76105.2
8169.73
39239.2
10105.1
77634
12149.5
39557
12977
77376.6
13175.3
37333.1
8385.82
72830.5
13005.3
38224.5
12609.3
79112.2
12127.5
38943.2
11833.8
77129.4
1099.85
38084.5
3549.17
78918.8
4515.81
38314.2
3253.51
74251.8
5172.86
37832.5
9809.31
79664
1719.45
36772
5367.99
78721.4
3238.22
37335.2
5192.38
80040.6
4704.44
37491.8
2425.21
73503.7
38301
1852.01
81019.9
5636.6
38215
2147.34
77967.7
2083.25
37239.7
3527.45
78582.8
7674.6
38072.6
12073.3
74325.2
5968.01
38295.8
2239.05
79072.5
37621.1
76606
37102.4
75320.2
37024.6
72212.1
36485.3
75078.9
34908.8
74952.4
33997.3
75484.8
4205.07
33372.5
4351.23
72550.4
2594.37
33977.3
3035.9
73918.9
1525.9
33520.5
68063
36954.4
73786.7
3467.41
35709.7
74154
6120.4
32670.6
6287.57
76303.5
8113.9
32541
5060.63
66230.9
34758.5
2042.72
75392.6
3422.55
32388.1
6941.94
73553.6
5832.08
33617
2576.01
75713.6
6292.85
31879
8708.03
63527.1
12722.8
34901.3
7905.3
74402.4
12553.9
34776.4
10124.6
72209.3
6503.7
33662.7
10317.2
73566.4
8568.73
34521.1
7759.88
75786.9
8773.78
35146.1
8963.5
64472.2
11400.7
38870.2
11347.3
73879.6
13028
38665.9
13857.3
64731.6
12723.4
37659
12909.6
61972.3
10752.2
37578.6
2784.26
72585.2
9018.63
36769.4
9326.04
73677.7
4358.47
36733.3
5327.08
73209.1
9228.63
36530.8
8558.27
64719.5
7354.43
37315.5
6769.15
59957.9
9998.93
36860
12305.3
75827.1
7909.94
37137.7
9842.78
69839.4
7984.79
36980.9
7324.78
74679.9
12277
38129.6
7117.8
71833.8
4789.88
38293.1
9140.32
72737.4
5932.57
38612.6
9785.88
69545.9
9222.51
38306.5
9069.31
74916
10177
36924.5
9231.91
71205.4
3210.56
39018.6
5544.59
73482.9
3415.67
39172.3
2354.12
70848.1
6465.07
40432.5
6983.24
74995.3
2554.47
41535
3312.88
68779.4
6031.46
42537
2214.11
71152.9
4920.13
43371.2
2994.21
69294.5
5355.77
44888.9
8976.79
72195
11053.6
44775
10767.2
66779
9859.77
44840
11974.4
76666.7
13647.8
44932.4
13330.4
69342.1
13481.9
44258.7
11245.4
68507.2
11363.1
43580.2
15069.2
72951.4
13590.9
42830.7
7704.38
76910.2
9145.54
43404.3
13419.9
72645
6152.71
42997.5
7690.08
70951.4
13568.8
42612.1
10455.1
73388
10797.8
42008.6
11244.4
73881
11788.2
42430.9
5126.48
74343.7
5190.06
45501.4
8422.05
69291.1
6288.04
45656
1410.84
74667.9
2334.83
44514.9
2325.88
75584.9
42546.8
70434.4
3021.59
42069.4
6062.96
59101.4
792.067
42669.4
1062.1
67741.9
6040.4
44827.1
6886.17
66206.4
2093.63
44351.1
3761.3
67819.8
13628.8
43918.2
13127.8
62495.2
7812.38
44437.1
9691.7
66312.5
13258.7
45526.5
11455.9
67971.7
5755.25
42460.1
3308.42
66561.5
7655.48
43082.6
12428.9
61533.6
17179.9
42483.6
9214.72
66909.2
9235.63
42724.7
12972.9
70314.1
12745.7
43557.8
14101.7
66599
12779.6
41645
13067.6
63721.4
13591.2
42110.9
12685.6
68425.6
11845.3
41356.2
12299.6
70089.4
12386.7
41071.8
11241.4
64220.6
12698.7
41105.1
11742.3
58851.3
12267.9
42312.4
11614.1
67591.1
12724.3
41849.6
11372.6
66435.2
12482.8
42060
15889
66553.9
14728.4
39078.8
10183.9
60967
15294
39491.7
10056.2
67157.8
7707.46
39777.6
13604.4
65252.5
16984
42836.3
13774.5
63763.3
7135.82
41005.5
8532.02
63235.5
11694.5
42117.3
11494.9
65057.9
11639.8
42362.9
11644.7
73132.9
10508.9
41659.3
11499.2
65657.8
12353.5
41199.3
11975.1
64665.9
11234.6
41043.2
12120.7
63001.1
12516
41306.5
9497.04
74428.8
10142.8
40930
10350.8
61236.4
11131.2
41162.8
11416.5
62235.7
12285.1
39748.5
10579
67158.5
11422.3
37806.3
11686.4
73872.2
9213.53
38182
9497.5
65766.7
9786.69
36186.4
10112.7
64446.4
9441.33
38768.6
4696.42
65297.6
3629.97
36746.8
5722.55
67123.2
8445.52
36573.9
3327.95
64542.9
1916.36
35794.5
4883.74
62454.2
10037.8
35629.3
10847
63543
10475
34615.1
9225.77
66695.2
9871.28
35242
9913.68
63500.4
3723.65
33799.6
7186.8
62287
11055.4
34039.4
7879.37
64102.3
11346.3
33268.7
7735.22
66974.2
11236.2
33414.2
12036.4
63803.8
11690.2
32472.8
11669.3
61737.9
10403.3
32098
11691.9
62893.4
10733.4
32136
10350.1
67388.1
6536.82
36736.5
12158.2
63029.9
5218.69
35445.4
6549.07
61676.5
6913.91
36702.1
5251.91
64045.2
7491.09
36421.2
7218.62
67654.3
4614.73
35936
6123.96
62900.3
9426.3
36768.3
8709.99
63008.3
8854.4
36329.6
6734.96
61496.3
1230.57
36705.6
3063.88
68194.8
3720.29
35404.1
2279.69
60953.7
10770.4
36182.7
10025.4
61825.6
4692.68
34989.7
2091.99
61508.5
3049.3
36688
2934.13
67958.5
2077.32
37001.2
1630.53
60084.4
3249.03
36109.4
7773.07
69236.1
11814
31069.4
8971.51
62801.6
9108.46
31123.6
8014.84
78267.8
9238.83
32058.3
8996.29
67966.6
9744.62
37268.9
8969.29
63249.3
9556.52
39527.4
9545.12
63807.7
8999.28
37475.5
9017.13
65974.5
8592.64
38235.3
9137.43
61615.2
5955.97
37695.4
7489.35
61840.7
8392.57
37303.7
6578.74
62780.7
4940.95
35796.7
4329
61924.9
1281.34
34392.4
1400.14
59707
1920.64
37523.2
3426.02
62720.8
37226.7
6554.23
57109.1
6942.75
36086.2
4055.54
61221
2422.12
36343.9
5832.62
59808.9
8976.66
35247.2
7876.52
60607
9611.16
34420.7
10593.5
56169.6
10183.5
35229.2
10331.6
60386.8
12479.9
34361.6
10975.2
58166.1
11147.1
35053.7
10217
60017.2
10733.8
32642.4
9693.09
56201.3
10339.3
33259.8
9400.05
60344.2
12425.6
31757.2
11984.9
56986.8
12299
30113.2
11234.3
61038.6
12161.7
29540.1
11150.6
55965.4
11190.6
29406.5
10218.6
60906.2
10602.1
30714.6
10098.9
55317.3
10486.8
30098.2
9719.64
61383
10628.5
29863.9
9358.37
59926.5
10108.8
30293.6
9673.66
58806.6
9016.75
29752
9422.84
60402.2
9867.62
30180.3
7715.85
55403
10765.3
27937
9482.5
60603.6
9717.97
29240.6
9031.86
57934.4
9524.1
28492.6
8761.85
58115.5
819.597
29280.4
539.64
56050.4
28406.3
1287.23
58612.2
2514.74
28825.3
6592.71
57562.6
5100.85
28159.8
8208.6
58387.9
8827.75
27712.8
7925.99
55313.9
8843.04
25451
8146.57
58243.8
9347.54
27039.1
8497.27
58639.7
9028.13
25805.9
8437.05
56836.8
9065.58
26090.3
8325.63
55584.8
9473.68
26293.6
9092
55952.1
11363.5
26657
9757.16
59064.9
10634
26432.6
9742.16
55462.5
10192.1
26372.8
9082.46
53480
14367.2
26639.4
12821.2
50428.8
14750.6
25025.5
12764.9
57726.2
