1.01123
1.01123
1.01123
1.01123
1.01099
1.01099
1.01099
1.01099
1.01074
1.01074
1.01074
1.01074
1.01074
1.01074
1.01074
1.01074
1.01074
1.01074
1.01074
1.01074
1.01074
1.01074
1.01074
1.0105
1.0105
1.01025
1.01025
1.01025
1.01025
1.01025
1.01025
1.01025
1.01025
1.01025
1.01025
1.01099
1.0105
1.0105
1.0105
1.0105
1.0105
1.01001
1.01001
1.01001
1.01001
1.01001
1.01001
1.00977
1.00977
1.01001
1.01001
1.00977
1.01001
1.01025
1.0105
1.0105
1.0105
1.0105
1.01025
1.01025
1.01025
1.01025
1.0105
1.01025
1.01025
1.01025
1.01025
1.01025
1.0105
1.01025
1.01025
1.01025
1.01001
1.01001
1.01025
1.01001
1.01001
1.01001
1.01001
1.00977
1.00977
1.00952
1.01636
1.01636
1.01636
1.02515
1.01611
1.01587
1.01587
1.02808
1.02808
1.02808
1.02808
1.02808
1.02808
1.02832
1.02856
1.02832
1.02783
1.02808
1.02808
1.03613
1.03613
1.03613
1.03613
1.03589
1.03174
1.03198
1.04126
1.04126
1.04102
1.03564
1.03564
1.03564
1.03564
1.03564
1.04077
1.04077
1.04077
1.04077
1.03564
1.03809
1.03809
1.03809
1.03784
1.052
1.052
1.052
1.05176
1.05176
1.05176
1.05176
1.052
1.05176
1.05176
1.05176
1.052
1.05225
1.05225
1.052
1.05225
1.05249
1.05249
1.05249
1.05249
1.05225
1.05249
1.05249
1.05249
1.05249
1.05249
1.05249
1.05249
1.05225
1.05225
1.05225
1.05225
1.05225
1.06543
1.06543
1.06543
1.05225
1.06543
1.06543
1.06543
1.06543
1.06519
1.06519
1.06519
1.06934
1.06934
1.06934
1.06934
1.06934
1.06934
1.06934
1.06934
1.06934
1.06934
1.06934
1.06934
1.06934
1.06934
1.06934
1.06934
1.06909
1.06885
1.06885
1.06885
1.07788
1.08203
1.08203
1.08203
1.08228
1.08228
1.08228
1.08228
1.08179
1.08179
1.08179
1.08179
1.08179
1.08179
1.08179
1.08179
1.0813
1.09473
1.09473
1.09473
1.09473
1.09473
1.09473
1.09473
1.09473
1.09473
1.09473
1.09473
1.09473
1.09473
1.09473
1.09473
1.09375
1.09351
1.09351
1.09351
1.0979
1.09766
1.09766
1.09766
1.09839
1.09814
1.09814
1.09814
1.09741
1.10254
1.10254
1.10254
1.10229
1.11499
1.11499
1.11499
1.11499
1.11475
1.11475
1.11475
1.11572
1.11548
1.11548
1.11548
1.11499
1.11499
1.11499
1.11499
1.12695
1.13232
1.13232
1.13232
1.13184
1.12671
1.12671
1.12671
1.12671
1.12671
1.125
1.125
1.125
1.125
1.125
1.125
1.125
1.125
1.1416
1.1416
1.1416
1.1416
1.1416
1.1416
1.1416
1.1416
1.14014
1.13989
1.13989
1.13989
1.13989
1.13989
1.13989
1.1272
1.13794
1.13794
1.13794
1.13794
1.13794
1.13794
1.13794
1.14233
1.14282
1.14282
1.14282
1.14282
1.14282
1.14282
1.14282
1.14111
1.14111
1.14111
1.14111
1.14111
1.14111
1.14111
1.14111
1.13965
1.1394
1.1394
1.1394
1.1394
1.1394
1.1394
1.1394
1.15601
1.15625
1.15625
1.15625
1.15625
1.15625
1.15625
1.15625
1.15552
1.15552
1.15552
1.15552
1.15552
1.15552
1.15552
1.15552
1.15479
1.15479
1.15479
1.15479
1.15479
1.15479
1.15479
1.15479
1.17676
1.14697
1.14697
1.14697
1.14697
1.14697
1.14697
1.14697
1.17627
1.17651
1.17651
1.17651
1.17651
1.17651
1.17651
1.17651
1.17798
1.17798
1.17798
1.17798
1.17798
1.17798
1.17798
1.17798
1.17822
1.17847
1.17847
1.17847
1.17847
1.17847
1.17847
1.17847
1.17993
1.18823
1.18823
1.18823
1.18823
1.18823
1.18823
1.18823
1.17847
1.17847
1.17847
1.17847
1.17847
1.17847
1.17847
1.17847
1.17798
1.17822
1.17822
1.17822
1.17822
1.17822
1.17822
1.17822
1.17871
1.17871
1.17871
1.17871
1.17871
1.17871
1.17871
1.17871
1.17822
1.17822
1.17822
1.17822
1.17822
1.17822
1.17798
1.17798
1.17749
1.177
1.177
1.177
1.177
1.177
1.17578
1.17578
1.17554
1.17505
1.17505
1.17505
1.17505
1.17505
1.17407
1.17407
1.17334
1.17334
1.17334
1.17334
1.17456
1.17456
1.17456
1.17456
1.1748
1.17456
1.17456
1.17456
1.17407
1.17407
1.17407
1.17407
1.17358
1.17358
1.17358
1.17358
1.17407
1.17407
1.17407
1.17407
1.17432
1.18799
1.18799
1.18799
1.17285
1.17285
1.17285
1.17285
1.18604
1.18628
1.18628
1.18628
1.17261
1.17261
1.17261
1.17261
1.17163
1.18481
1.18481
1.18481
1.18555
1.18555
1.18555
1.18555
1.18506
1.17139
1.17139
1.17139
1.17065
1.17065
1.17065
1.17065
1.18481
1.18457
1.18457
1.18457
1.17017
1.17017
1.17017
1.17017
1.16968
1.16992
1.16992
1.16992
1.1709
1.1709
1.1709
1.1709
1.16992
1.17041
1.17041
1.17041
1.16943
1.16943
1.16943
1.16943
1.16943
1.16846
1.16846
1.16846
1.16724
1.16724
1.16724
1.16724
1.16846
1.16821
1.16821
1.16821
1.16821
1.16821
1.16821
1.16821
1.1665
1.16602
1.16602
1.16602
1.20825
1.20825
1.20825
1.20825
1.19434
1.20557
1.20557
1.20557
1.20532
1.20532
1.20532
1.20532
1.17139
1.17139
1.17139
1.17139
1.20557
1.20557
1.20557
1.20557
1.23169
1.20654
1.20654
1.20654
1.20605
1.20605
1.20605
1.20605
1.20703
1.23291
1.23291
1.23291
1.2334
1.2334
1.2334
1.2334
1.23389
1.2334
1.2334
1.2334
1.23315
1.23315
1.23315
1.23315
1.23218
1.23193
1.23193
1.23193
1.23242
1.23242
1.23242
1.23242
1.23145
1.23193
1.23193
1.23193
1.2312
1.2312
1.2312
1.2312
1.23267
1.23291
1.23291
1.23291
1.20654
1.20654
1.20654
1.20654
1.23291
1.23291
1.23291
1.23291
1.23291
1.23291
1.23291
1.23291
1.23315
1.23315
1.23315
1.23315
1.23315
1.23315
1.23315
1.23315
1.23389
1.23413
1.23413
1.23413
1.23438
1.23438
1.23438
1.23511
1.23511
1.23535
1.23535
1.23535
1.23535
1.23535
1.23535
1.24512
1.23462
1.24536
1.24536
1.24536
1.24561
1.24561
1.23486
1.23486
1.25464
1.25488
1.25488
1.25537
1.25488
1.25488
1.2561
1.2561
1.25708
1.25708
1.25708
1.26294
1.26294
1.26294
1.26465
1.26465
1.26489
1.26318
1.26318
1.26514
1.26318
1.26318
1.26538
1.26538
1.26636
1.24438
1.26587
1.26587
1.24341
1.24341
1.2439
1.2439
1.24463
1.24487
1.24512
1.24512
1.24512
1.24512
1.24512
1.24512
1.24512
1.24512
1.24561
1.24561
1.24561
1.24561
1.24536
1.24536
1.24536
1.24536
1.25757
1.25757
1.25757
1.24536
1.24536
1.25781
1.25806
1.2583
1.2583
1.2583
1.2583
1.25879
1.25879
1.25879
1.25903
1.25952
1.25952
1.25903
1.25903
1.25903
1.25903
1.25952
1.25732
1.25732
1.25684
1.25684
1.25684
1.25684
1.2583
1.2583
1.302
1.302
1.59106
1.59082
1.59082
1.59082
1.58984
1.58984
1.58984
1.58984
1.58936
1.58936
1.58936
1.58936
1.58936
1.58936
1.5896
1.5896
1.5896
1.5896
1.58911
1.58911
1.58911
1.58911
1.58716
1.58716
1.58716
1.58716
1.59644
1.59644
1.59644
1.59644
1.59668
1.59692
1.59692
1.59692
1.59741
1.59741
1.59741
1.59741
1.60303
1.60303
1.60303
1.60303
1.60303
1.60303
1.60303
1.60303
1.60205
1.60815
1.60815
1.60815
1.60791
1.60791
1.60791
1.60791
1.60693
1.60693
1.60693
1.60693
1.60547
1.60547
1.60547
1.60547
1.60474
1.59839
1.59839
1.59839
1.59814
1.59814
1.59814
1.59814
1.60352
1.60352
1.60352
1.60352
1.59741
1.59741
1.59741
1.59741
1.59839
1.59155
1.59155
1.59131
1.59131
1.59131
1.59131
1.58936
1.58936
1.58936
1.58936
1.59668
1.59668
1.59668
1.59668
1.59082
1.60767
1.60767
1.60767
1.59106
1.59106
1.60669
1.60669
1.61255
1.61255
1.61133
1.61011
1.60962
1.60962
1.60547
1.60547
1.60425
1.60425
1.60425
1.60425
1.60352
1.60327
1.60327
1.60327
1.60254
1.60254
1.60254
1.45117
1.45117
1.46582
1.46582
1.46582
1.50244
1.60278
1.60278
1.60278
1.60352
1.60352
1.60352
1.60352
1.46826
1.46826
1.46826
1.6001
1.6001
1.6001
1.6001
1.59595
1.59595
1.59595
1.59595
1.59473
1.59473
1.59473
1.59473
1.5481
1.5481
1.5481
1.5481
1.59912
1.59912
1.59912
1.59912
1.59814
1.59741
1.59741
1.59741
1.5979
1.5979
1.5979
1.5979
1.59717
1.59717
1.59717
1.59717
1.63086
1.63086
1.63086
1.63086
1.59375
1.61279
1.61279
1.61279
1.64429
1.64429
1.64429
1.64429
1.65063
1.65063
1.65063
1.65063
1.59326
1.59326
1.59326
1.59326
1.59253
1.59229
1.59229
1.59229
1.59204
1.59204
1.59204
1.59204
1.4856
1.4856
1.4856
1.4856
1.48682
1.48682
1.48682
1.48682
1.5625
1.59692
1.59692
1.59692
1.59546
1.59546
1.59546
1.59546
1.59619
1.59619
1.59619
1.59619
1.56079
1.56079
1.56079
1.56079
1.59375
1.59814
1.59814
1.59814
1.59839
1.59839
1.59839
1.59839
1.59253
1.59253
1.59253
1.59253
1.59717
1.59717
1.59717
1.59717
1.59644
1.59668
1.59668
1.59668
1.59448
1.59448
1.59448
1.59448
1.59424
1.59424
1.59424
1.59424
1.61401
1.61401
1.61401
1.61401
1.61377
1.61353
1.61353
1.61353
1.61328
1.61328
1.61328
1.61328
1.61328
1.61328
1.61328
1.61328
1.61182
1.61182
1.61182
1.61182
1.52734
1.44385
1.44385
1.44385
1.44263
1.44263
1.44263
1.44263
1.44019
1.44019
1.44019
1.44019
1.43872
1.43872
1.43872
1.43872
1.52026
1.52026
1.52026
1.52026
1.5188
1.5188
1.5188
1.5188
1.51782
1.51782
1.51782
1.51782
1.54688
1.54688
1.54688
1.54688
1.5769
1.57715
1.57715
1.57715
1.48682
1.48682
1.48682
1.48682
1.48584
1.48584
1.48584
1.48584
1.44409
1.44409
1.44409
1.44409
1.44604
1.44604
1.45947
1.45947
1.45947
1.45947
1.71118
1.71118
1.71118
1.71118
1.71021
1.71021
1.71021
1.71021
1.70923
1.70923
1.70923
1.70923
1.65894
1.65894
1.65894
1.65894
1.65894
1.65894
1.65894
1.65894
1.70898
1.70898
1.70898
1.70898
1.65796
1.50757
1.50757
1.50757
1.65918
1.65918
1.65918
1.65918
1.54614
1.54614
1.54614
1.54614
1.66846
1.66846
1.66846
1.66846
1.58887
1.66919
1.66919
1.66919
1.67065
1.67065
1.67065
1.67065
1.66016
1.66016
1.66016
1.66016
1.67065
1.67065
1.67065
1.67065
1.58911
1.65918
1.65918
1.65918
1.66016
1.66016
1.66016
1.66016
1.6228
1.6228
1.6228
1.6228
1.66138
1.66138
1.66138
1.66138
1.67627
1.54565
1.54565
1.54565
1.68091
1.68091
1.68091
1.68091
1.67969
1.67969
1.67969
1.67969
1.6814
1.6814
1.6814
1.6814
1.73511
1.54443
1.54443
1.54443
1.54224
1.54224
1.54224
1.54224
1.50757
1.50757
1.50757
1.50757
1.50684
1.50684
1.50684
1.50684
1.54248
1.54346
1.54346
1.54346
1.54492
1.54492
1.54492
1.54492
1.54346
1.54346
1.54346
1.54346
1.54272
1.54272
1.54272
1.54272
1.54272
1.54224
1.54224
1.54224
1.54126
1.54126
1.54126
1.54126
1.67017
1.67017
1.67017
1.67017
1.66943
1.66943
1.66943
1.66943
1.54102
1.66138
1.66138
1.66138
1.66382
1.66382
1.66382
1.66382
1.53662
1.53662
1.53662
1.53662
1.6665
1.6665
1.6665
1.6665
1.66528
1.66479
1.66479
1.66479
1.63062
1.63062
1.63062
1.63062
1.66357
1.66357
1.66357
1.66357
1.66382
1.66382
1.66382
1.66382
1.66431
1.66504
1.66504
1.66504
1.66504
1.66504
1.66504
1.66504
1.66504
1.66504
1.66504
1.66504
1.66504
1.66504
1.66504
1.66504
1.66455
1.66455
1.66455
1.66455
1.66479
1.66479
1.66479
1.66479
1.66504
1.66504
1.66504
1.66504
1.66406
1.66406
1.66406
1.66406
1.66187
1.66211
1.66211
1.66211
1.66089
1.66089
1.66089
1.66089
1.65991
1.65991
1.65991
1.65991
1.65942
1.65942
1.65942
1.65942
1.65894
1.65894
1.65894
1.65894
1.65723
1.65723
1.65723
1.65723
1.65723
1.65723
1.65723
1.65723
1.65747
1.65747
1.65747
1.65747
1.65723
1.65771
1.65771
1.65771
1.65674
1.65674
1.65674
1.65674
1.65601
1.65601
1.65601
1.65601
1.65674
1.65674
1.65674
1.65674
1.65796
1.65771
1.65771
1.65771
1.65723
1.65723
1.65723
1.65723
1.40747
1.40747
1.40747
1.40747
1.40601
1.40601
1.40601
1.40601
1.42407
1.40186
1.40186
1.40186
1.61694
1.61694
1.61694
1.61694
1.90454
1.90454
1.90454
1.90454
1.70337
1.70337
1.70337
1.70337
1.70044
1.69995
1.69995
1.69995
1.93091
1.93091
1.93091
1.93091
1.93579
1.93579
1.93579
1.93579
1.92041
1.92041
1.92041
1.92041
1.92993
1.6687
1.6687
1.6687
1.92847
1.92847
1.92847
1.92847
1.92676
1.92676
1.92676
1.96143
1.96143
1.96143
1.96143
1.96118
1.96069
1.96069
1.96069
1.96021
1.96021
1.96021
1.96021
1.93701
1.93701
1.93701
1.93701
1.93628
1.93628
1.93628
1.93628
1.96655
1.89282
1.89282
1.89282
1.91113
1.91113
1.91113
1.91113
1.94141
1.94141
1.94141
1.94141
1.94849
1.94849
1.94849
1.94849
1.93872
1.93164
1.93164
1.93164
1.9314
1.9314
1.9314
1.9314
1.93066
1.93066
1.93066
1.93066
1.95361
1.95361
1.95361
1.95361
1.95239
1.95215
1.95215
1.95215
1.95117
1.95117
1.95117
1.95117
1.95044
1.95044
1.95044
1.95044
1.77197
1.77197
1.77197
1.77197
2.04346
1.95923
1.95923
1.95923
2.06274
2.06274
2.06274
2.06274
1.98877
1.98877
1.98877
1.98877
1.9624
1.9624
1.9624
1.9624
1.91943
1.93872
1.93872
1.93872
2.12256
2.12256
2.12256
2.12256
1.90942
1.90942
1.90942
1.92163
1.92163
1.92163
1.92163
1.91968
1.9502
1.9502
1.9502
1.94873
1.94873
1.94873
1.94873
1.93555
1.93555
1.93555
1.93555
2.00659
2.00659
2.00659
2.00659
1.8728
2.19165
2.19165
2.19165
1.90283
1.90283
1.90283
1.90283
1.91431
1.91431
1.91431
1.91431
1.90186
1.90186
1.90186
1.90186
1.88965
2.21875
2.21875
2.21875
2.23511
2.23511
2.23511
2.23511
1.85962
1.85962
1.85962
1.85962
1.89404
1.89404
1.89404
1.89404
1.91138
