0.02
0.02
0.020308
0.0206207
0.0209382
0.0212606
0.021588
0.0219205
0.022258
0.0226007
0.0229488
0.0233022
0.023661
0.0240253
0.0243953
0.0247709
0.0251524
0.0255397
0.025933
0.0263323
0.0267378
0.0271495
0.0275676
0.0279921
0.0284231
0.0288608
0.0293052
0.0297565
0.0302147
0.03068
0.0311524
0.0316321
0.0321192
0.0326138
0.033116
0.0336259
0.0341437
0.0346695
0.0352034
0.0357455
0.0362959
0.0368548
0.0374223
0.0379986
0.0385837
0.0391778
0.0397811
0.0403937
0.0410157
0.0416473
0.0422886
0.0429398
0.043601
0.0442724
0.0449542
0.0456464
0.0463493
0.047063
0.0477877
0.0485236
0.0492708
0.0500295
0.0507999
0.0515821
0.0523764
0.053183
0.0540019
0.0548335
0.0556778
0.0565352
0.0574058
0.0582897
0.0591873
0.0600987
0.0610242
0.0619639
0.062918
0.0638869
0.0648707
0.0658696
0.0668839
0.0679138
0.0689596
0.0700215
0.0710997
0.0721946
0.0733063
0.0744351
0.0755813
0.0767451
0.0779269
0.0791269
0.0803453
0.0815826
0.0828388
0.0841144
0.0854097
0.0867249
0.0880603
0.0894164
0.0907932
0.0921913
0.093611
0.0950525
0.0965161
0.0980024
0.0995115
0.101044
0.1026
0.10418
0.105784
0.106595
0.107413
0.108237
0.109067
0.109903
0.110746
0.11117
0.111596
0.112023
0.112452
0.112882
0.113314
0.113748
0.114183
0.11462
0.115059
0.115499
0.115942
0.116385
0.116831
0.117278
0.117727
0.118178
0.11863
0.119084
0.11954
0.120457
0.121381
0.122311
0.12325
0.124195
0.125148
0.126107
0.12659
0.127075
0.127561
0.128049
0.128539
0.129031
0.129525
0.130021
0.130519
0.131018
0.13152
0.132023
0.132529
0.133036
0.133545
0.134056
0.134569
0.135084
0.135601
0.13612
0.136642
0.137165
0.13769
0.138217
0.138746
0.139277
0.13981
0.140345
0.140882
0.141421
0.141963
0.142506
0.143052
0.143599
0.144149
0.1447
0.145254
0.14581
0.146368
0.146929
0.147491
0.148056
0.148622
0.149191
0.149762
0.150335
0.150911
0.151489
0.152068
0.15265
0.153235
0.153821
0.15441
0.155001
0.155594
0.15619
0.156788
0.157388
0.15799
0.158595
0.159202
0.159811
0.160423
0.161037
0.161654
0.162272
0.162893
0.163517
0.164143
0.164771
0.165402
0.166035
0.16667
0.167308
0.167949
0.168592
0.169237
0.169885
0.170535
0.171188
0.171843
0.172501
0.173161
0.173824
0.174489
0.175157
0.175827
0.1765
0.177176
0.177854
0.178535
0.179218
0.179904
0.180593
0.181284
0.181978
0.182675
0.183374
0.184076
0.18478
0.185488
0.186197
0.18691
0.187626
0.188344
0.189065
0.189788
0.190515
0.191244
0.191976
0.192711
0.193448
0.194189
0.194932
0.195678
0.196427
0.196803
0.197179
0.197556
0.197934
0.198312
0.198692
0.199071
0.199452
0.199833
0.200215
0.200598
0.200982
0.201366
0.201751
0.202137
0.202523
0.202911
0.203299
0.203687
0.204077
0.204858
0.20525
0.205642
0.206035
0.206429
0.206824
0.207219
0.207615
0.208012
0.20841
0.208809
0.209208
0.209608
0.210009
0.21041
0.210812
0.211216
0.211619
0.212024
0.212429
0.212836
0.213242
0.21365
0.214059
0.214468
0.214878
0.215289
0.2157
0.216113
0.216526
0.21694
0.217355
0.21777
0.218187
0.218604
0.219022
0.219441
0.21986
0.220281
0.220702
0.221124
0.221547
0.22197
0.222395
0.22282
0.223246
0.223673
0.2241
0.224529
0.224958
0.225388
0.225819
0.226251
0.226684
0.227117
0.227551
0.227986
0.228422
0.228859
0.229297
0.229735
0.230174
0.230614
0.231055
0.231497
0.23194
0.232383
0.232827
0.233273
0.233719
0.234165
0.234613
0.235062
0.235511
0.235962
0.236413
0.236865
0.237318
0.237771
0.238226
0.238681
0.239138
0.239595
0.240053
0.240512
0.240972
0.241433
0.241894
0.242357
0.24282
0.243284
0.24375
0.244216
0.244683
0.24515
0.245619
0.246089
0.246559
0.247031
0.247503
0.247976
0.24845
0.248925
0.249401
0.249878
0.250356
0.250835
0.251314
0.251795
0.252276
0.252759
0.253242
0.253726
0.254211
0.254697
0.255184
0.255672
0.256161
0.256651
0.257141
0.257633
0.258126
0.258619
0.259114
0.259609
0.260105
0.260603
0.261101
0.2616
0.2621
0.262602
0.263104
0.263607
0.264111
0.264616
0.265122
0.265629
0.266136
0.266645
0.267155
0.267666
0.268178
0.26869
0.269204
0.269719
0.270235
0.270751
0.271269
0.271788
0.272307
0.272828
0.27335
0.273872
0.274396
0.274921
0.275446
0.275973
0.2765
0.277029
0.277559
0.27809
0.278621
0.279154
0.279688
0.280222
0.280758
0.281295
0.281833
0.282372
0.282912
0.283453
0.283995
0.284538
0.285082
0.285627
0.286173
0.28672
0.287268
0.287817
0.288368
0.288919
0.289471
0.290025
0.290579
0.291135
0.291692
0.292249
0.292808
0.293368
0.293929
0.294491
0.295054
0.295618
0.296183
0.29675
0.297317
0.297885
0.298455
0.299026
0.299597
0.30017
0.300744
0.301319
0.301895
0.302473
0.303051
0.30363
0.304211
0.304792
0.305375
0.305959
0.306544
0.30713
0.307717
0.308306
0.308895
0.309486
0.310078
0.31067
0.311264
0.31186
0.312456
0.313053
0.313652
0.314252
0.314852
0.315454
0.316058
0.316662
0.317267
0.317874
0.318482
0.319091
0.319701
0.320312
0.320924
0.321538
0.322153
0.322769
0.323386
0.324004
0.324624
0.325244
0.325866
0.326489
0.327114
0.327739
0.328366
0.328993
0.329622
0.330253
0.330884
0.331517
0.332151
0.332786
0.333422
0.33406
0.334698
0.335338
0.335979
0.336622
0.337265
0.33791
0.338556
0.339204
0.339852
0.340502
0.341153
0.341805
0.342459
0.343114
0.34377
0.344427
0.345085
0.345745
0.346406
0.347069
0.347732
0.348397
0.349063
0.349731
0.350399
0.351069
0.35174
0.352413
0.353087
0.353762
0.354438
0.355116
0.355795
0.356475
0.357157
0.35784
0.358524
0.359209
0.359896
0.360584
0.361274
0.361965
0.362657
0.36335
0.364045
0.364741
0.365438
0.366137
0.366837
0.367538
0.368241
0.368945
0.369651
0.370357
0.371065
0.371775
0.372486
0.373198
0.373911
0.374626
0.375343
0.37606
0.376779
0.3775
0.378222
0.378945
0.379669
0.380395
0.381122
0.381851
0.382581
0.383313
0.384046
0.38478
0.385516
0.386253
0.386991
0.387731
0.388472
0.389215
0.389959
0.390705
0.391452
0.392201
0.39295
0.393702
0.394454
0.395209
0.395964
0.396721
0.39748
0.39824
0.399001
0.399764
0.400529
0.401294
0.402062
0.40283
0.403601
0.404372
0.405145
0.40592
0.406696
0.407474
0.408253
0.409033
0.409816
0.410599
0.411384
0.412171
0.412959
0.413748
0.414539
0.415332
0.416126
0.416922
0.417719
0.418518
0.419318
0.42012
0.420923
0.421728
0.422534
0.423342
0.424151
0.424962
0.425775
0.426589
0.427404
0.428222
0.42904
0.429861
0.430683
0.431506
0.432331
0.433158
0.433986
0.434816
0.435647
0.436063
0.43648
0.437315
0.437732
0.438151
0.438569
0.438988
0.439408
0.439828
0.440248
0.440669
0.44109
0.441511
0.441933
0.442355
0.443201
0.444049
0.444898
0.445748
0.446601
0.447454
0.44831
0.449167
0.450026
0.450886
0.451748
0.452612
0.453478
0.454345
0.455213
0.456084
0.456956
0.457829
0.458705
0.459582
0.460021
0.460461
0.460901
0.461341
0.461782
0.462223
0.463107
0.463992
0.464879
0.465768
0.466213
0.466659
0.467105
0.467551
0.467998
0.468445
0.468893
0.469341
0.469789
0.470238
0.471137
0.472038
0.472489
0.472941
0.473392
0.473845
0.474298
0.474751
0.475204
0.475658
0.476113
0.476568
0.477023
0.477479
0.477935
0.478392
0.478849
0.479307
0.479765
0.480223
0.480682
0.481141
0.481601
0.482061
0.482522
0.482983
0.483445
0.483906
0.484369
0.484832
0.485295
0.485759
0.486223
0.486687
0.487153
0.487618
0.488084
0.48855
0.489017
0.489484
0.489952
0.49042
0.490889
0.491358
0.491828
0.492297
0.492768
0.493239
0.49371
0.494182
0.494654
0.495127
0.4956
0.496073
0.496547
0.497022
0.497497
0.497972
0.498448
0.498924
0.499401
0.499878
0.500356
0.500834
0.501313
0.501792
0.502271
0.502751
0.503712
0.504194
0.504675
0.505158
0.50564
0.506123
0.506607
0.507091
0.507576
0.508061
0.508546
0.509032
0.509518
0.510005
0.510493
0.51098
0.511469
0.511957
0.512447
0.513426
0.514408
0.515392
0.516377
0.517364
0.518354
0.519345
0.520338
0.521333
0.522329
0.523328
0.524329
0.52483
0.525331
0.525833
0.526336
0.526839
0.527342
0.527846
0.52835
0.528855
0.52936
0.530373
0.531387
0.532403
0.532911
0.533421
0.53444
0.534951
0.535462
0.535974
0.536486
0.536999
0.537512
0.538025
0.53854
0.539569
0.540085
0.540601
0.541117
0.541635
0.542152
0.54267
0.543189
0.543708
0.544227
0.544747
0.545268
0.545789
0.54631
0.546832
0.547355
0.547878
0.548401
0.548925
0.54945
0.549975
0.550501
0.551027
0.551553
0.55208
0.552608
0.553136
0.553664
0.554193
0.554723
0.555253
0.555783
0.556315
0.556846
0.557378
0.557911
0.558444
0.558978
0.559512
0.560046
0.560581
0.561117
0.561653
0.56219
0.562727
0.563265
0.563803
0.564342
0.564881
0.565421
0.565961
0.566502
0.567043
0.567585
0.568127
0.56867
0.569214
0.569758
0.570302
0.570847
0.571392
0.571938
0.572485
0.573032
0.573579
0.574128
0.574676
0.575225
0.575775
0.576325
0.576876
0.577427
0.577979
0.578531
0.579084
0.579637
0.580191
0.580746
0.5813
0.581856
0.582412
0.582968
0.583525
0.584083
0.584641
0.5852
0.585759
0.586319
0.586879
0.58744
0.588001
0.588563
0.589125
0.589688
0.590252
0.590816
0.59138
0.591945
0.592511
0.593077
0.593644
0.594211
0.594779
0.595347
0.595916
0.596486
0.597055
0.597626
0.598197
0.598769
0.599341
0.599913
0.600487
0.601061
0.601635
0.60221
0.602785
0.603361
0.603938
0.604515
0.605092
0.605671
0.606249
0.606829
0.607409
0.607989
0.60857
0.609151
0.609733
0.610316
0.610899
0.611483
0.612067
0.612652
0.613238
0.613824
0.61441
0.614997
0.615585
0.616173
0.616762
0.617351
0.617941
0.618532
0.619123
0.619714
0.620306
0.620899
0.621492
0.622086
0.622681
0.623276
0.623871
0.624467
0.625064
0.625661
0.626259
0.626858
0.627457
0.628056
0.628656
0.629257
0.629858
0.63046
0.631063
0.631666
0.632269
0.632873
0.633478
0.634083
0.634689
0.635296
0.635903
0.63651
0.637119
0.637727
0.638337
0.638947
0.639557
0.640168
0.64078
0.641392
0.642005
0.643233
0.644463
0.645078
0.645695
0.646312
0.646929
0.647548
0.648166
0.648786
0.649406
0.650026
0.650647
0.651269
0.651891
0.652514
0.653138
0.653762
0.654386
0.655012
0.655638
0.656264
0.656891
0.657519
0.658147
0.658776
0.659406
0.660036
0.660666
0.661298
0.66193
0.662562
0.663195
0.663829
0.664463
0.665098
0.665734
0.66637
0.667006
0.667644
0.668282
0.66892
0.66956
0.670199
0.67084
0.671481
0.672122
0.672765
0.673407
0.674051
0.674695
0.67534
0.675985
0.676631
0.677278
0.677925
0.678572
0.679221
0.67987
0.68052
0.68117
0.681821
0.682472
0.683124
0.683777
0.68443
0.685084
0.685739
0.686394
0.68705
0.687707
0.688364
0.689022
0.68968
0.690339
0.690999
0.691659
0.69232
0.692981
0.693644
0.694306
0.69497
0.695634
0.696299
0.696964
0.69763
0.698296
0.698964
0.699632
0.7003
0.700969
0.701639
0.70231
0.702981
0.703652
0.704325
0.704998
0.705671
0.706346
0.707021
0.707696
0.708372
0.709049
0.709727
0.710405
0.711084
0.711763
0.712443
0.713124
0.713806
0.714488
0.71517
0.715854
0.716538
0.717223
0.717908
0.718594
0.71928
0.719968
0.720656
0.721344
0.722034
0.722724
0.723414
0.724105
0.724797
0.72549
0.726183
0.726877
0.727572
0.728267
0.728963
0.729659
0.730356
0.731054
0.731753
0.732452
0.733152
0.733853
0.734554
0.735256
0.735958
0.736661
0.737365
0.73807
0.738775
0.739481
0.740188
0.740895
0.741603
0.742312
0.743021
0.743731
0.744442
0.745153
0.745865
0.746578
0.747291
0.748005
0.74872
0.749435
0.750151
0.750868
0.751586
0.752304
0.753023
0.753742
0.754463
0.755183
0.755905
0.756627
0.75735
0.758074
0.758798
0.759523
0.760249
0.760976
0.761703
0.762431
0.763159
0.763888
0.764618
0.765349
0.76608
0.766812
0.767545
0.768278
0.769013
0.769747
0.770483
0.771219
0.771956
0.772694
0.773432
0.774171
0.774911
0.775651
0.776392
0.777134
0.777877
0.77862
0.779364
0.780109
0.780854
0.7816
0.782347
0.783095
0.783843
0.784592
0.785342
0.786092
0.786843
0.787595
0.788348
0.789101
0.789855
0.79061
0.791365
0.792122
0.792878
0.793636
0.794394
0.795154
0.795913
0.796674
0.797435
0.798197
0.79896
0.799723
0.800487
0.801252
0.802018
0.802784
0.803551
0.804319
0.805088
0.805857
0.806627
0.807398
0.808169
0.808942
0.809715
0.810488
0.811263
0.812038
0.812814
0.813591
0.814368
0.815146
0.815925
0.816705
0.817485
0.818266
0.819048
0.819831
0.820614
0.821398
0.822183
0.822969
0.823755
0.824542
0.82533
0.826119
0.826908
0.827698
0.828489
0.829281
0.830073
0.830866
0.83166
0.832455
0.83325
0.834047
0.834844
0.835641
0.83644
0.837239
0.838039
0.83884
0.839641
0.840444
0.841247
0.842051
0.842855
0.843661
0.844467
0.845274
0.846081
0.84689
0.847699
0.848509
0.84932
0.850131
0.850944
0.851757
0.852571
0.853385
0.854201
0.855017
0.855834
0.856652
0.857471
0.85829
0.85911
0.859931
0.860753
0.861575
0.862398
0.863222
0.864047
0.864873
0.866527
0.867355
0.868183
0.869013
0.869843
0.870674
0.871506
0.872339
0.873173
0.874007
0.874842
0.875678
0.876515
0.877352
0.878191
0.87903
0.87987
0.880711
0.881552
0.882395
0.883238
0.884082
0.884926
0.885772
0.886618
0.887466
0.888314
0.889162
0.890012
0.890863
0.891714
0.892566
0.893419
0.894272
0.895127
0.895982
0.896838
0.897695
0.898553
0.899412
0.900271
0.901131
0.901993
0.902854
0.903717
0.904581
0.905445
0.90631
0.907176
0.908043
0.908911
0.909779
0.910649
0.911519
0.91239
0.913262
0.914134
0.915008
0.915882
0.916757
0.917633
0.91851
0.919388
0.920266
0.921146
0.922026
0.922907
0.923789
0.924671
0.925555
0.926439
0.927325
0.928211
0.929098
0.929985
0.930874
0.931764
0.932654
0.933545
0.934437
0.93533
0.936224
0.937118
0.938014
0.93891
0.939807
0.940705
0.941604
0.942504
0.943405
0.944306
0.945208
0.946111
0.947016
0.94792
0.949733
0.95064
0.951549
0.952458
0.953368
0.954279
0.955191
0.956104
0.957017
0.957932
0.958847
0.959763
0.96068
0.961598
0.962517
0.963437
0.964358
0.965279
0.966201
0.967125
0.968049
0.968974
0.9699
0.970826
0.971754
0.972683
0.973612
0.974542
0.975474
0.976406
0.977339
0.978273
0.979207
0.980143
0.98108
0.982017
0.982955
0.983895
0.984835
0.985776
0.986718
0.987661
0.988604
0.989549
0.990495
0.991441
0.992388
0.993337
0.994286
0.995236
0.996187
0.997139
0.998092
0.999045
1
