1.0342
1.023
1.03387
1.02948
1.02371
1.02755
1.03358
1.03269
1.03118
1.02755
1.03069
1.03229
1.02975
1.0356
1.03105
1.03184
1.02217
1.02029
1.03172
1.02062
1.03862
1.0262
1.03036
1.02444
1.02593
1.02398
1.0327
1.0291
1.03276
1.02637
1.02561
1.03208
1.04264
1.02605
1.02383
1.02893
1.02924
1.03193
1.03499
1.02382
1.0283
1.03266
1.03206
1.03176
1.02655
1.02231
1.02487
1.02172
1.03305
1.0282
1.02493
1.02643
1.02434
1.02338
1.03563
1.02475
1.02923
1.03213
1.02397
1.02903
1.0249
1.02778
1.02518
1.02608
1.02192
1.0233
1.02627
1.02567
1.03002
1.0213
1.0257
1.02028
1.03151
1.02256
1.02258
1.02697
1.03096
1.02893
1.03936
1.02861
1.02691
1.03505
1.03273
1.04417
1.03798
1.03236
1.03684
1.05276
1.03862
1.04204
1.03699
1.05208
1.04249
1.0342
1.03297
1.03594
1.04796
1.05073
1.04835
1.04577
1.04645
1.04274
1.06435
1.05405
1.06287
1.04352
1.02785
1.03942
1.04436
1.04255
1.04164
1.17117
1.04594
1.39756
1.03747
1.58905
1.04125
1.32094
1.8071
1.43905
1.02919
1.25801
1.93445
1.3863
1.04823
1.64695
1.69725
1.66735
1.04243
1.27408
1.74002
1.418
1.04403
1.43602
1.74179
1.44338
1.03607
1.88721
1.04332
2.04292
1.04179
1.77887
1.04281
2.77006
1.4783
1.0442
1.35177
1.96122
1.31326
1.04097
1.40067
2.17509
1.38474
1.04149
1.64286
2.68614
1.78974
1.04482
1.505
2.7714
1.34703
1.04357
1.88248
2.64388
1.77456
1.05507
1.87691
3.64273
2.1398
1.04938
2.07459
2.53889
2.11536
1.04241
1.94498
2.56723
1.95018
1.03381
1.61816
3.09267
1.71602
1.03796
1.59887
3.02236
1.21081
1.03199
1.39221
3.64485
1.6046
1.05804
1.89514
2.65443
1.5093
1.05117
2.03782
2.59894
2.03553
1.04302
2.02563
2.51701
1.72918
1.05886
3.06639
2.41098
2.19562
1.0459
1.90583
2.6368
2.16951
1.06288
2.0412
2.65624
2.02223
1.06097
1.75678
2.90409
1.91603
1.05578
1.84816
2.54772
1.92379
1.0535
2.07806
2.9036
2.15379
1.05709
1.84919
2.78057
1.9438
1.05166
2.53703
2.42387
2.04847
1.06157
2.07315
2.81896
1.90756
1.05075
2.35425
2.83195
2.39486
1.06479
2.33556
2.85188
2.19437
1.04973
3.10037
3.00702
2.40441
1.0694
2.75798
2.68493
2.77007
1.07357
2.47665
2.61117
2.42615
1.07242
1.97126
2.54848
1.17896
2.71781
1.51381
1.06746
1.87596
1.87735
2.21863
2.52038
1.95035
1.62112
2.11276
1.08732
1.98499
1.59436
1.78049
2.59054
1.43825
1.69568
1.34263
1.07631
2.62763
1.18507
2.50607
1.22405
1.97921
1.36295
1.06463
1.59374
2.03974
1.52332
2.48856
1.24422
2.07504
1.22906
1.07083
1.25496
1.93526
1.74097
2.51934
1.53548
2.27628
1.52446
1.072
1.90198
2.67273
1.5714
2.43226
1.73343
1.98218
1.98364
1.07128
1.92461
1.98641
1.89729
2.43714
1.78313
1.77134
2.14207
1.08987
1.90557
2.00814
1.86481
2.43952
1.59695
1.54906
1.8155
1.08789
2.00715
1.77571
2.85648
2.29976
2.13457
1.90001
2.10469
1.08444
2.08553
1.67985
2.09205
2.40479
1.96152
1.72581
2.01033
1.12952
2.15788
1.61381
1.98041
2.00081
2.90506
1.6537
1.97115
1.10891
1.85488
1.42811
1.37683
2.12486
1.51696
1.70912
2.86965
1.12403
1.10804
1.70732
1.21253
1.90106
1.428
1.80769
1.66045
1.11937
1.71451
1.63855
1.8845
1.9369
1.69038
1.77753
1.89411
1.12201
2.00465
1.78939
2.14535
2.2364
2.41856
1.74286
2.45661
1.12204
2.65347
1.42817
2.35125
1.84836
2.33073
1.42978
2.42113
1.12258
2.19311
1.51172
1.78593
1.78399
1.34952
1.52991
2.3079
1.11587
2.45878
1.49567
2.76181
1.79457
2.48317
1.54065
2.66887
1.12276
2.76403
1.50535
2.58063
1.76312
2.38685
1.56705
1.68664
1.13317
2.29666
1.47425
2.41422
1.72611
2.20885
1.46105
2.09031
1.12414
2.26437
1.37266
1.80149
1.70844
1.99921
1.51009
1.97921
1.1203
2.27576
1.456
2.50641
1.69321
2.30633
1.45402
1.873
1.11578
2.19426
1.53816
2.79193
1.65461
2.75151
1.55876
2.33826
1.12468
2.32723
1.61466
2.24778
1.63758
1.9389
1.58411
2.05501
1.1196
2.05253
1.63556
2.11305
1.63277
2.09982
1.6143
2.51116
1.1271
2.05711
1.63678
1.94548
1.58569
1.95488
1.7187
1.78953
1.11837
2.03041
1.67646
1.95476
1.6396
1.829
1.70172
1.54004
1.13171
1.67208
1.6643
1.53095
1.57783
1.70464
1.64279
1.86688
1.12719
2.03724
1.65018
2.16891
1.62285
2.14011
1.57834
1.73482
1.11442
2.24652
1.72406
2.26612
1.34631
2.18398
1.56401
2.05257
1.12943
1.98326
1.57722
2.15974
1.34142
2.29181
1.56269
2.3717
1.15035
2.246
1.58432
2.08693
1.30207
2.07199
1.55055
1.70796
1.125
1.85534
1.53724
1.83979
1.33714
1.98872
1.51925
2.13825
1.1601
2.07396
1.55169
1.8129
1.27946
2.16897
1.46464
1.77272
1.16713
2.04321
1.40255
2.37122
1.32615
2.0968
1.38439
2.0849
1.13176
2.23362
1.43849
2.44252
1.33108
2.20514
1.40697
2.29719
1.19235
1.82446
1.37971
1.97427
1.30577
2.04728
1.41066
2.08604
1.1746
2.12345
1.42166
2.00416
1.28954
1.79828
1.36968
1.89034
1.19586
2.00137
1.34458
2.06911
1.28679
1.98861
1.32401
1.83129
1.19679
2.0643
1.32308
2.03149
1.27621
2.00529
1.32356
1.95051
1.19769
2.06063
1.35458
2.10935
1.30149
1.98693
1.34087
1.87421
1.19602
2.17928
1.32026
1.9881
1.28873
2.00783
1.34493
2.01409
1.19294
1.96156
1.32028
1.97325
1.2762
2.02321
1.30989
2.0067
1.19305
1.98815
1.27616
1.94094
1.24372
1.92537
1.26945
1.8521
1.17977
1.56015
1.29083
1.79005
1.29513
1.70524
1.31488
1.87254
1.19385
1.76971
1.30574
1.74555
1.26196
1.75491
1.29459
1.90494
1.17466
1.82025
1.29496
1.76456
1.26076
1.69728
1.30139
1.72379
1.19591
1.66065
1.27923
1.73601
1.22271
1.66706
1.25986
1.65588
1.20479
1.69491
1.26543
1.69007
1.20493
1.65072
1.25839
1.80142
1.20768
1.99867
1.27538
1.94391
1.13712
1.75114
1.24009
1.84133
1.21087
1.89359
1.27018
1.81492
1.07087
1.81861
1.21496
1.77197
1.21484
1.83697
1.20975
1.94189
1.08613
1.66498
1.23567
1.21002
1.73727
1.71883
1.2072
1.63311
1.75235
1.28692
1.26106
1.40406
1.67072
1.31296
1.07926
1.63777
1.84504
1.25288
1.74593
1.21495
1.68863
1.27215
1.60354
1.074
1.6526
1.26172
1.78216
1.22425
1.79613
1.30322
1.74825
1.10129
1.8927
1.28419
1.87534
1.21319
1.95539
1.85076
1.29722
1.19171
1.94951
1.91443
1.10235
1.99531
1.29597
1.91098
1.47613
1.38447
1.78603
1.7314
1.21372
1.37146
1.83871
1.37526
1.18964
1.44442
1.87491
1.20779
1.84339
1.47006
1.46838
1.34989
1.80138
1.46155
1.15261
1.45888
2.04569
1.69867
1.18004
1.58529
1.84805
1.43592
1.19286
1.27695
1.75586
2.56482
1.46624
2.61108
1.78187
2.93854
1.12708
1.80845
1.8475
1.81522
1.16538
2.72245
1.88841
2.83637
1.16198
2.77513
1.91435
1.7611
1.48179
2.53284
1.95314
2.64429
1.13474
2.57383
1.92864
2.17605
1.17572
1.34555
1.89698
1.29416
1.11202
1.19017
1.91242
2.78651
1.47147
1.26764
1.92877
1.78358
1.09616
1.92231
1.92987
1.38631
1.15875
1.73715
1.95497
1.89687
1.10784
1.65382
1.94999
1.85934
1.47246
1.90546
2.39765
1.08912
1.43327
1.85719
2.11667
1.17961
1.41626
1.87873
1.26561
1.08715
1.3442
1.90451
1.5379
1.46516
1.31653
1.89683
1.31645
1.10217
1.85912
1.19899
1.93787
1.12449
1.94468
1.49686
1.96448
1.13795
2.00204
1.19961
1.99827
1.15085
1.71662
2.06982
1.70206
1.49362
1.60949
1.96878
1.58973
1.14982
1.77276
2.06986
1.35493
1.82777
1.18126
1.28717
1.86491
1.45887
1.27931
2.11256
1.3183
1.14807
1.50147
2.10253
1.61719
1.37173
1.85553
1.45202
1.163
1.90964
2.08311
1.90171
1.47194
1.43359
2.03043
1.80326
1.15138
1.76436
2.11633
1.90272
1.42314
1.80928
1.80134
1.21422
1.14659
2.1888
1.98057
2.57956
1.47578
1.43118
1.94712
2.99785
1.15125
2.19928
1.97573
1.85546
1.19803
2.76158
1.96236
2.94322
1.29721
1.99593
1.7263
1.91693
1.45203
2.2079
1.75796
2.4391
1.30855
2.09993
1.78414
2.09153
1.41644
1.43761
1.73283
1.47252
1.17184
1.93784
1.88202
2.18936
1.45758
1.45861
1.88327
2.06662
1.16706
3.08628
1.91504
2.84312
1.38624
1.27786
1.75111
1.31824
1.361
1.50839
1.82073
1.83347
1.41807
1.22001
1.84938
2.34641
1.17538
1.54961
1.80627
1.61051
1.18714
1.52583
1.82795
1.71629
1.16364
1.69701
1.80273
1.80844
1.46045
1.81326
1.77848
2.45127
1.17774
1.62919
1.81851
1.59175
1.17875
1.52626
1.79249
1.41327
1.18066
2.91555
1.81044
1.57817
1.45915
1.45187
1.70031
1.60365
1.18357
1.91775
1.73951
1.7799
1.17503
1.54614
1.58082
1.59135
1.20077
1.82338
1.60512
2.01626
1.49499
1.43604
1.58446
1.62043
1.19228
1.77855
1.57365
3.16364
1.24458
3.4697
1.5797
3.77989
1.21385
2.44741
1.52715
3.53386
1.38583
2.77912
1.55492
3.25479
1.18928
2.74031
1.5469
1.3872
1.27626
2.49558
1.58392
2.23373
1.12335
2.07056
1.57196
1.58011
1.38595
1.42309
1.58831
1.78205
1.12229
1.79886
1.57593
2.19459
1.23531
1.3337
1.57573
1.67039
1.11703
2.94795
1.62455
2.87742
1.44286
2.01712
1.60624
1.31671
1.09404
1.37237
1.48417
1.93012
1.29822
1.41024
1.4911
1.98191
1.10599
1.6965
1.50914
1.73024
1.40515
1.578
1.15279
1.33387
1.56929
1.26631
1.48891
1.81574
1.47111
1.8417
1.21017
1.9547
1.46145
1.64215
1.60113
1.27263
1.45895
1.31898
1.19774
2.16371
1.46908
2.22023
1.39702
1.33937
1.42153
1.60498
1.19507
2.04452
1.43764
1.46911
1.56998
1.62191
1.51511
1.23405
1.19859
1.28324
1.45591
1.54326
1.44099
1.8523
1.53552
1.8504
1.18599
1.27191
1.44023
2.25271
1.50899
2.42102
1.47208
2.79061
1.18603
2.11473
1.48195
2.60332
1.39172
2.88003
1.49736
2.9318
1.16774
1.67401
1.50135
2.35876
1.50868
2.06058
1.51267
1.69871
1.20114
2.13624
1.50121
1.91579
1.49384
2.79718
1.52234
3.0279
1.19091
2.61376
1.53263
1.60464
1.56654
1.83863
1.56232
2.35571
1.18728
2.44375
1.60669
2.79155
1.42256
2.03731
1.58063
1.71113
1.1885
2.14448
1.53277
1.65841
1.62744
2.05883
1.54289
2.21065
1.24121
1.7272
1.50233
1.87967
1.36441
1.92021
1.52949
2.73334
1.23091
2.86433
1.54745
2.79679
1.42692
1.80453
1.55244
2.12863
1.21258
2.88986
1.58646
3.12584
1.35052
2.01126
1.5587
2.04866
1.22872
2.08098
1.55083
1.95594
1.41574
1.48119
1.5508
2.02977
1.25537
2.96799
1.57844
2.5909
1.39092
2.79283
1.57806
2.03468
1.16129
2.407
1.65077
2.68255
1.4128
1.51632
1.64907
2.18307
1.16959
2.13742
1.71876
2.16793
1.33891
1.84026
1.65309
2.62348
1.17934
1.57499
1.67085
1.56131
1.55761
1.53067
1.70329
1.71506
1.19949
1.57749
1.68434
1.71947
1.37678
2.37519
1.73109
2.67217
1.20192
2.89885
1.7175
1.38368
1.55326
2.09021
1.74254
1.89675
1.20039
1.3347
1.72043
1.25387
1.37799
1.84143
1.77231
1.80333
1.18701
2.04001
1.81343
1.76449
1.52825
1.92587
1.80595
1.88076
1.20042
2.24063
1.85108
2.63483
1.37222
1.34795
1.83425
2.97619
1.21533
2.54505
1.87352
2.15566
1.53742
1.27503
1.59115
1.85584
1.21216
1.84592
1.62017
2.00128
1.35522
1.96102
1.58115
1.72622
1.1728
2.41346
1.61367
2.34753
1.53302
2.26613
1.60072
2.56478
1.18218
2.68852
1.59762
3.0137
1.34857
2.82252
1.55416
1.64932
1.19078
1.72717
1.58763
1.40473
1.52825
1.37106
1.60176
1.44641
1.21331
2.14034
1.59209
2.3
1.34985
1.96938
1.59537
1.61404
1.21012
1.97736
1.55257
1.54812
1.51134
1.29768
1.54712
1.44552
1.23379
1.42878
1.58654
1.89077
1.21914
2.00959
1.8871
2.29667
1.19734
1.96297
1.83456
2.52928
1.3264
3.75894
1.83744
3.93114
1.10126
2.43751
1.45401
2.75675
1.32948
3.17065
1.4299
3.16437
1.1658
2.0411
1.47981
2.53731
1.55149
2.17102
1.49596
2.69569
1.20707
1.41252
1.47969
1.90477
1.36792
2.2129
1.47795
1.95208
1.18114
1.76875
1.5284
1.74779
1.67345
2.12033
1.62864
2.02205
1.22111
2.07246
1.442
1.51862
1.34113
1.48487
1.58397
1.27871
1.31207
1.5049
1.5176
1.68755
1.41973
1.51122
1.45132
1.22018
2.29475
1.5618
2.42992
1.37278
2.29023
1.56268
2.87392
1.28725
2.10432
1.5449
3.24062
1.70439
2.8303
1.57161
3.14023
1.26567
3.55721
1.55715
3.64189
1.38079
3.34639
1.61723
3.6043
1.30016
3.53476
1.59807
3.89142
1.68559
3.21222
1.71691
3.28147
1.28776
3.31632
1.74243
3.07875
1.35412
3.32652
1.78133
3.35231
1.27309
2.96539
1.72945
3.0859
1.66919
2.58076
1.67806
2.90603
1.2972
3.2484
1.72142
3.47374
1.35453
3.35808
1.71798
2.22394
1.17327
2.89891
1.65024
2.54056
1.73733
2.05329
1.72906
1.90669
1.15672
2.01661
1.63083
1.63054
1.489
2.61555
1.82162
2.8046
1.16181
2.87343
1.67446
2.09934
1.76791
2.27629
1.801
1.47007
1.17638
2.19447
1.66813
1.87937
1.4538
1.6821
1.97161
1.1822
1.74616
1.68118
1.28093
1.75062
1.47869
1.72351
1.91384
1.17119
3.07991
1.72492
3.13372
1.45244
1.72381
1.81367
2.15714
1.16731
2.66775
1.78073
3.18685
1.71666
2.18249
1.91344
3.52753
1.18388
2.56499
1.79489
2.86972
1.4325
2.83886
1.78259
3.45061
1.19997
2.83711
1.71841
2.71773
1.71539
3.15978
1.84961
3.38328
1.20848
3.24451
1.78628
3.58659
1.49551
2.24866
1.65308
2.23992
1.31696
2.17584
1.78941
2.29693
1.73864
