0.24
1.16
1.74
2.31
2.89
3.47
4.04
4.62
5.19
5.77
6.34
6.92
7.50
8.08
8.65
9.23
9.82
10.40
10.98
11.56
12.14
12.73
13.31
13.90
14.49
15.07
15.66
16.25
16.84
17.43
18.02
18.61
19.21
19.80
20.40
21.00
21.59
22.19
22.79
23.39
23.98
24.58
25.18
25.78
26.38
26.98
27.58
28.18
28.78
29.39
29.99
30.59
31.20
31.80
32.41
33.02
33.62
34.23
34.84
35.45
36.07
36.68
37.30
37.91
38.53
39.14
39.76
40.37
40.99
41.61
42.23
42.84
43.46
44.08
44.70
45.32
45.93
46.54
47.16
47.77
48.38
48.99
49.61
50.23
50.85
51.46
52.08
52.69
53.32
53.94
54.56
55.19
55.24
55.85
55.91
56.52
56.58
57.18
57.24
57.25
57.26
57.86
57.92
57.93
57.94
58.55
58.60
58.61
58.62
59.23
59.29
59.90
59.95
59.96
60.57
60.63
60.64
60.64
61.26
61.31
61.32
61.33
61.94
62.00
62.01
62.02
62.63
62.69
62.70
62.70
63.31
63.37
63.38
63.39
63.99
64.05
64.06
64.06
64.67
64.73
64.74
64.75
65.35
65.41
65.42
65.43
66.03
66.09
66.10
66.11
66.71
66.77
66.78
66.79
67.39
67.45
67.46
67.47
68.07
68.13
68.14
68.15
68.76
68.81
68.82
68.83
69.44
69.50
69.51
69.52
70.12
70.18
70.19
70.20
70.80
70.85
70.87
70.88
71.48
71.54
71.55
71.56
72.16
72.21
72.23
72.24
72.83
72.89
72.91
72.92
72.93
73.53
73.59
73.60
73.61
73.62
74.23
74.29
74.30
74.31
74.91
74.97
74.99
75.00
75.59
75.65
75.67
75.68
76.28
76.34
76.35
76.36
76.96
77.02
77.03
77.05
77.06
77.07
77.08
77.67
77.73
77.74
77.75
77.77
77.78
77.79
77.80
78.39
78.45
78.46
78.47
78.49
78.50
78.51
78.52
79.11
79.17
79.18
79.19
79.21
79.22
79.23
79.24
79.83
79.89
79.90
79.92
79.93
79.95
79.96
80.55
80.60
80.61
80.62
80.65
80.66
80.67
80.68
81.27
81.33
81.34
81.35
81.38
81.39
81.40
81.41
82.00
82.05
82.06
82.07
82.10
82.11
82.13
82.13
82.72
82.78
82.79
82.80
82.83
82.84
82.85
82.86
83.45
83.51
83.52
83.53
83.56
83.57
83.59
83.60
84.18
84.24
84.25
84.26
84.30
84.31
84.32
84.33
84.92
84.98
84.99
85.00
85.04
85.05
85.06
85.07
85.66
85.72
85.73
85.74
85.79
85.80
85.81
85.82
86.40
86.46
86.48
86.49
86.53
86.54
86.56
86.57
87.15
87.21
87.22
87.23
87.28
87.29
87.31
87.32
87.90
87.96
87.97
87.98
88.04
88.05
88.07
88.08
88.66
88.72
88.73
88.74
88.80
88.81
88.83
88.84
89.42
89.48
89.50
89.51
89.58
89.59
89.60
89.61
90.20
90.27
90.28
90.29
90.37
90.38
90.40
90.41
90.99
91.05
91.07
91.08
91.16
91.17
91.18
91.20
91.77
91.84
91.85
91.86
91.95
91.96
91.98
91.99
92.57
92.63
92.65
92.66
92.75
92.76
92.78
92.79
93.37
93.43
93.45
93.46
93.56
93.57
93.59
93.60
94.18
94.24
94.26
94.27
94.37
94.38
94.46
94.47
95.04
95.10
95.12
95.13
95.24
95.25
95.32
95.34
95.91
95.97
96.00
96.01
96.17
96.18
96.20
96.21
96.79
96.85
96.87
96.88
97.05
97.06
97.09
97.10
97.68
97.74
97.77
97.78
97.95
97.96
97.99
98.00
98.57
98.63
98.66
98.67
98.85
98.86
98.98
98.99
99.57
99.63
99.66
99.67
99.85
99.86
99.89
99.90
100.48
100.54
100.57
100.58
100.77
100.78
100.81
100.82
101.40
101.46
101.49
101.50
101.69
101.70
101.73
101.74
102.32
102.39
102.42
102.43
102.62
102.63
102.66
102.67
103.26
103.33
103.36
103.37
103.56
103.58
103.61
103.62
104.20
104.27
104.30
104.31
104.51
104.52
104.56
104.57
105.16
105.22
105.26
105.27
105.47
105.48
105.51
105.53
106.12
106.19
106.22
106.24
106.44
106.45
106.49
106.50
107.08
107.14
107.18
107.19
107.39
107.40
107.44
107.45
108.04
108.11
108.15
108.16
108.37
108.38
108.42
108.44
109.01
109.08
109.12
109.13
109.33
109.34
109.38
109.40
109.99
110.06
110.10
110.11
110.31
110.33
110.34
110.38
110.39
110.40
110.99
111.05
111.07
111.08
111.12
111.13
111.14
111.15
111.36
111.37
111.38
111.39
111.44
111.45
111.46
111.47
112.06
112.12
112.14
112.15
112.19
112.20
112.22
112.23
112.43
112.44
112.46
112.47
112.52
112.53
112.54
112.55
113.13
113.19
113.21
113.22
113.27
113.28
113.29
113.30
113.52
113.53
113.54
113.55
113.60
113.61
113.63
113.64
114.21
114.27
114.29
114.30
114.35
114.36
114.38
114.39
114.60
114.61
114.63
114.64
114.69
114.70
114.72
114.73
115.30
115.37
115.38
115.39
115.44
115.45
115.47
115.48
115.70
115.71
115.73
115.74
115.79
115.80
115.82
115.83
116.41
116.47
116.49
116.50
116.55
116.56
116.58
116.59
116.81
116.82
116.84
116.85
116.90
116.91
116.93
116.94
117.52
117.59
117.61
117.62
117.67
117.68
117.71
117.72
117.93
117.94
117.96
117.97
118.03
118.04
118.06
118.07
118.64
118.71
118.73
118.74
118.79
118.80
118.83
118.84
119.06
119.07
119.09
119.10
119.15
119.16
119.18
119.19
119.77
119.84
119.86
119.87
119.92
119.93
120.01
120.02
120.24
120.25
120.27
120.28
120.33
120.34
120.42
120.43
121.00
121.07
121.09
121.10
121.16
121.17
121.25
121.26
121.48
121.49
121.51
121.52
121.58
121.59
121.67
121.68
122.25
122.32
122.34
122.35
122.41
122.42
122.50
122.51
122.73
122.74
122.77
122.78
122.90
122.91
122.94
122.95
123.52
123.59
123.61
123.62
123.75
123.76
123.78
123.79
124.00
124.01
124.04
124.05
124.16
124.17
124.19
124.20
124.76
124.82
124.84
124.85
124.97
124.98
125.00
125.01
125.23
125.24
125.26
125.27
125.39
125.40
125.42
125.43
125.99
126.06
126.08
126.09
126.21
126.22
126.24
126.25
126.47
126.49
126.51
126.52
126.64
126.65
126.68
126.69
127.24
127.30
127.33
127.34
127.46
127.47
127.49
127.50
127.73
127.74
127.76
127.77
127.90
127.91
127.93
127.94
128.50
128.56
128.59
128.60
128.72
128.73
128.75
128.76
128.99
129.00
129.03
129.04
129.16
129.17
129.20
129.21
129.77
129.84
129.86
129.87
130.00
130.01
130.04
130.05
130.28
130.29
130.32
130.33
130.46
130.47
130.50
130.51
131.07
131.14
131.17
131.18
131.31
131.32
131.35
131.36
131.60
131.61
131.64
131.65
131.77
131.78
131.81
131.82
132.38
132.45
132.48
132.49
132.61
132.62
132.65
132.67
132.91
132.92
132.95
132.97
133.09
133.10
133.13
133.15
133.71
133.77
133.80
133.82
133.94
133.96
133.99
134.00
134.24
134.26
134.29
134.30
134.43
134.44
134.47
134.49
135.06
135.13
135.16
135.17
135.30
135.31
135.34
135.35
135.60
135.61
135.65
135.66
135.79
135.80
135.83
135.85
136.41
136.48
136.51
136.53
136.65
136.67
136.70
136.71
136.96
136.98
137.01
137.02
137.16
137.17
137.20
137.22
137.78
137.85
137.88
137.90
138.03
138.04
138.07
138.09
138.34
138.36
138.39
138.41
138.54
138.55
138.59
138.60
139.16
139.23
139.27
139.28
139.41
139.42
139.46
139.47
139.74
139.75
139.79
139.80
139.93
139.94
139.98
139.99
140.56
140.63
140.67
140.68
140.82
140.83
140.87
140.88
141.14
141.16
141.19
141.21
141.34
141.35
141.39
141.40
141.97
142.04
142.08
142.09
142.23
142.24
142.28
142.29
142.55
142.57
142.61
142.62
142.75
142.77
142.80
142.82
143.38
143.45
143.49
143.50
143.64
143.65
143.69
143.70
143.97
143.98
144.02
144.04
144.17
144.19
144.22
144.24
144.80
144.87
144.91
144.92
145.06
145.07
145.11
145.12
145.40
145.41
145.45
145.46
145.60
145.62
145.66
145.67
146.24
146.31
146.35
146.36
146.50
146.51
146.55
146.56
146.84
146.86
146.90
146.91
147.05
147.06
147.11
147.12
147.68
147.75
147.79
147.80
147.94
147.96
148.00
148.01
148.29
148.31
148.35
148.36
148.51
148.52
148.56
148.58
149.15
149.22
149.26
149.27
149.42
149.44
149.48
149.49
149.79
149.80
149.84
149.86
150.02
150.03
150.08
150.09
150.66
150.74
150.78
150.79
150.94
150.95
151.00
151.01
151.31
151.33
151.37
151.38
151.54
151.55
151.59
151.61
152.20
152.28
152.32
152.33
152.49
152.50
152.55
152.56
152.86
152.88
152.92
152.94
153.09
153.11
153.15
153.17
153.76
153.93
153.98
153.99
154.15
154.16
154.21
154.22
154.53
154.55
154.60
154.61
154.77
154.79
154.83
154.85
155.45
155.53
155.58
155.59
155.75
155.77
155.82
155.83
156.15
156.17
156.22
156.24
156.40
156.42
156.47
156.48
157.08
157.16
157.21
157.23
157.39
157.41
157.46
157.48
157.80
157.82
157.87
157.89
158.05
158.07
158.12
158.14
158.76
158.85
158.89
158.91
159.09
159.11
159.16
159.18
159.51
159.53
159.58
159.60
159.78
159.80
159.85
159.87
160.49
160.58
160.63
160.65
160.83
160.85
160.90
160.92
161.26
161.28
161.34
161.36
161.54
161.56
161.61
161.63
162.32
162.41
162.46
162.48
162.66
162.68
162.74
162.76
163.09
163.11
163.18
163.19
163.38
163.40
163.46
163.48
164.07
164.15
164.21
164.23
164.42
164.44
164.50
164.52
164.86
164.88
164.94
164.96
165.15
165.17
165.23
165.25
165.94
166.03
166.09
166.11
166.29
166.32
166.37
166.40
166.76
166.78
166.84
166.86
167.06
167.08
167.14
167.16
167.86
167.95
168.01
168.03
168.23
168.25
168.31
168.33
168.69
168.71
168.77
168.80
168.99
169.01
169.07
169.10
169.79
169.90
169.95
169.98
170.18
170.20
170.26
170.29
170.65
170.67
170.74
170.77
170.97
170.99
171.06
171.09
171.79
171.90
171.96
171.99
172.20
172.22
172.29
172.32
172.68
172.71
172.78
172.81
173.02
173.05
173.12
173.15
173.85
173.96
174.02
174.03
174.07
174.08
174.28
174.32
174.38
174.49
174.85
174.88
174.95
175.06
175.26
175.29
175.36
175.47
176.17
176.28
176.35
176.38
176.59
176.62
176.69
176.80
177.15
177.18
177.26
177.37
177.58
177.61
177.68
177.80
178.52
178.63
178.70
178.73
178.95
178.98
179.06
180.09
180.44
180.47
180.55
180.66
180.88
180.91
180.98
181.10
181.80
181.91
181.98
182.02
182.24
182.27
182.35
182.46
182.81
182.84
182.92
183.03
183.25
183.28
183.36
183.47
184.17
184.28
184.36
184.39
184.62
184.65
184.73
184.85
185.20
185.24
185.32
185.43
185.65
185.69
185.85
185.88
186.58
186.69
186.77
186.89
187.12
187.16
187.32
187.36
187.73
187.77
187.93
187.97
188.21
188.24
188.40
188.44
189.14
189.26
189.33
189.45
189.69
189.73
189.89
189.92
190.30
190.33
190.49
190.52
190.75
190.78
190.94
190.97
191.60
191.71
191.78
191.89
192.13
192.16
192.31
192.35
192.74
192.77
192.93
192.96
193.21
193.24
193.41
193.44
194.08
194.19
194.28
194.38
194.63
194.66
194.83
194.87
195.23
195.27
195.42
195.47
195.71
195.75
195.90
195.92
195.96
195.97
196.62
196.74
196.89
196.93
197.17
197.21
197.36
197.41
197.78
197.82
197.97
198.01
198.26
198.30
198.45
198.49
199.19
199.31
199.46
199.51
199.75
199.79
199.95
199.99
200.36
200.40
200.56
200.60
200.85
200.89
201.05
201.08
201.79
201.90
202.06
202.09
202.34
202.37
202.53
202.56
202.95
202.98
203.16
203.19
203.44
203.48
203.64
203.67
204.29
204.41
204.58
204.61
204.87
204.90
205.07
205.11
205.51
205.55
205.73
205.77
206.02
206.06
206.24
206.28
206.97
207.09
207.28
207.32
207.57
207.61
207.77
207.80
208.19
208.22
208.38
208.41
208.67
208.70
208.87
208.90
209.59
209.71
209.87
209.91
210.17
210.21
210.38
210.41
210.79
210.82
210.99
211.02
211.28
211.31
211.48
211.51
212.21
212.33
212.50
212.54
212.80
212.84
213.01
213.04
213.43
213.47
213.74
213.77
214.03
214.07
214.24
214.27
214.89
215.01
215.18
215.22
215.47
215.51
215.68
215.72
216.11
216.15
216.32
216.35
216.62
216.66
216.83
216.87
217.50
217.62
217.78
217.82
218.09
218.13
218.31
218.35
218.77
218.81
218.99
219.03
219.32
219.36
219.54
219.58
220.26
220.38
220.55
220.60
220.88
220.92
221.10
221.14
221.53
221.57
221.74
221.77
222.04
222.08
222.26
222.30
222.92
223.03
223.20
223.25
223.51
223.55
223.72
223.77
224.21
224.26
224.43
224.48
224.75
224.80
224.98
225.02
225.66
225.79
225.96
226.01
226.26
226.31
226.48
226.53
226.97
227.03
227.20
227.24
227.50
227.54
227.71
227.74
228.37
228.50
228.67
228.72
228.99
229.04
229.22
229.26
229.70
229.75
229.92
229.96
230.23
230.27
230.45
230.50
231.17
231.26
231.31
231.48
231.52
231.79
231.84
232.02
232.06
232.48
232.52
232.70
232.74
233.01
233.07
233.25
233.29
233.96
234.08
234.25
234.29
234.57
234.61
234.79
234.83
235.26
235.31
235.49
235.54
235.82
235.86
236.05
236.06
236.10
236.78
236.90
237.09
237.14
237.42
237.46
237.65
237.69
238.13
238.18
238.36
238.37
238.42
238.70
238.75
238.93
238.98
239.65
239.78
239.95
240.00
240.29
240.34
240.53
240.58
241.01
241.06
241.25
241.30
241.58
241.63
241.82
241.87
242.54
242.68
242.86
242.92
243.20
243.26
243.44
243.50
243.93
243.99
244.18
244.24
244.52
244.57
244.76
244.81
245.49
245.62
245.80
245.86
246.12
246.17
246.37
246.41
246.86
246.92
247.12
247.16
247.45
247.50
247.69
247.74
248.41
248.54
248.73
248.78
249.06
249.11
249.30
249.35
249.77
249.83
250.03
250.07
250.35
250.39
250.58
250.63
251.31
251.44
251.63
251.68
251.98
252.02
252.22
252.27
252.70
252.75
252.95
253.00
253.28
253.33
253.54
253.58
254.30
254.44
254.64
254.69
254.97
255.02
255.22
255.27
255.69
255.75
255.96
256.00
256.30
256.35
256.55
256.59
257.29
257.42
257.61
257.66
257.94
257.99
258.20
258.24
258.71
258.76
258.96
259.00
259.29
259.34
259.54
259.59
260.28
260.40
260.60
260.64
260.94
260.98
261.18
261.22
261.67
261.71
261.92
261.96
262.25
262.29
262.50
262.54
263.22
263.34
263.54
263.59
263.88
263.92
264.12
264.17
264.62
264.66
264.87
264.91
265.20
265.25
265.45
265.50
266.18
266.30
266.50
266.54
266.84
266.89
267.09
267.24
267.70
267.74
267.95
267.99
268.29
268.34
268.55
268.60
269.27
269.41
269.61
269.67
269.97
270.02
270.23
270.28
270.73
270.79
271.00
271.05
271.36
271.41
271.62
271.68
272.35
272.50
272.71
272.76
273.04
273.09
273.30
273.35
273.78
273.83
274.04
274.10
274.41
274.46
274.67
274.73
275.35
275.49
275.70
275.76
276.06
276.12
276.33
276.39
276.80
276.86
277.06
277.11
277.40
277.46
277.67
277.72
278.37
278.50
278.70
278.75
279.05
279.11
279.31
279.37
279.77
279.83
280.04
280.10
280.40
280.46
280.67
280.73
281.41
281.55
281.76
281.82
282.14
282.20
282.42
282.48
282.91
282.98
283.20
283.27
283.58
283.65
283.87
283.95
284.60
284.75
284.96
285.03
285.34
285.41
285.62
285.69
286.10
286.16
286.36
286.42
286.73
286.79
287.01
287.02
287.10
287.11
287.76
287.85
287.93
287.94
288.16
288.17
288.25
288.26
288.56
288.57
288.63
288.65
288.85
288.86
288.92
288.94
289.35
289.37
289.43
289.45
289.65
289.66
289.72
289.73
290.03
290.05
290.12
290.13
290.33
290.35
290.41
290.42
291.07
291.16
291.22
291.24
291.44
291.45
291.51
291.53
291.83
291.85
291.92
291.93
292.13
292.19
292.61
292.69
292.91
293.00
293.31
293.40
293.61
293.67
294.31
294.45
294.65
294.72
295.04
295.13
295.33
295.40
295.80
295.88
296.09
296.15
296.45
296.52
296.72
296.78
297.42
297.56
297.76
297.82
298.13
298.19
298.40
298.46
298.88
298.95
299.18
299.26
299.59
299.67
299.91
299.98
300.69
300.85
301.08
301.15
301.48
301.56
301.79
301.85
302.26
302.32
302.56
302.61
302.93
302.99
303.22
303.28
303.91
304.04
304.26
304.32
304.64
304.70
304.93
304.99
305.40
305.46
305.69
305.74
306.08
306.14
306.37
306.42
307.12
307.28
307.50
307.57
307.90
307.96
308.20
308.26
308.68
308.74
308.99
309.05
309.38
309.45
309.69
309.76
310.46
310.62
310.87
310.95
311.29
311.37
311.59
311.66
312.09
312.17
312.41
312.49
312.83
312.91
313.16
313.24
313.24
