0000262144
0000262144
0000262144
0000262144
0000262144
0000262144
0000262144
0000262144
0000262144
0000262144
0000262144
0000262144
0000262144
0000262144
0000262144
0000262144
0000262144
0000262144
0000262144
0000262144
0000262144
0000262144
0000262144
0000262144
0000262144
0000262144
0000262144
0000262144
0000262144
0000262144
0000262144
0000262144
0000262144
0000262144
0000262144
0000262144
0000262144
0000262144
0000262144
0000262144
0000262144
0000262144
0000262144
0000262144
0000262144
0000262144
0000262144
0000262144
0000262144
0000262144
0000262144
0000262144
0000262144
0000262144
0000262144
0000262144
0000262144
0000262144
0000262144
0000262144
0000262144
0000262144
0000262144
0000262144
0000262144
0000262144
0000262144
0000262144
0000262144
0000262144
0000262144
0000262144
0000262144
0000262144
0000262144
0000262144
0000262144
0000262144
0000262144
0000262144
0000262144
0000262144
0000262144
0000262144
0000262144
0000262144
0000262144
0000262144
0000262144
0000262144
0000262144
0000262144
0000000002
0000262144
0000000002
0000262144
0000000002
0000262144
0000000002
0000000002
0000000002
0000262144
0000000002
0000000003
0000000002
0000262144
0000000002
0000000008
0000000002
0000262144
0000000012
0000262144
0000000014
0000000003
0000262144
0000000006
0000000017
0000000008
0000262144
0000000008
0000000017
0000000012
0000262144
0000000012
0000000018
0000000013
0000262144
0000000009
0000000021
0000000007
0000262144
0000000008
0000000025
0000000008
0000262144
0000000004
0000000031
0000000005
0000262144
0000000005
0000000030
0000000006
0000262144
0000000007
0000000036
0000000011
0000262144
0000000014
0000000043
0000000016
0000262144
0000000019
0000000048
0000000022
0000262144
0000000022
0000000069
0000000022
0000262144
0000000023
0000000091
0000000023
0000262144
0000000027
0000000103
0000000030
0000262144
0000000042
0000000118
0000000050
0000262144
0000000052
0000000147
0000000054
0000262144
0000000050
0000000192
0000000048
0000262144
0000000044
0000000236
0000000048
0000262144
0000000048
0000000290
0000000053
0000262144
0000000067
0000000352
0000000079
0000000002
0000262144
0000000002
0000000098
0000000440
0000000119
0000262144
0000000128
0000000540
0000000135
0000262144
0000000147
0000000657
0000000171
0000262144
0000000190
0000000822
0000000190
0000262144
0000000210
0000001005
0000000232
0000262144
0000000256
0000000002
0000001198
0000000002
0000000262
0000000003
0000262144
0000000006
0000000294
0000000006
0000001431
0000000006
0000000321
0000000006
0000262144
0000000007
0000000349
0000000008
0000001686
0000000007
0000000363
0000000005
0000262144
0000000004
0000000406
0000000004
0000001956
0000000004
0000000470
0000000003
0000262144
0000000002
0000000522
0000002276
0000000002
0000000556
0000000002
0000262144
0000000004
0000000587
0000000002
0000002666
0000000003
0000000609
0000000004
0000262144
0000000004
0000000649
0000000004
0000003048
0000000005
0000000676
0000000007
0000262144
0000000005
0000000699
0000000006
0000003481
0000000007
0000000737
0000000008
0000262144
0000000009
0000000789
0000000013
0000003950
0000000010
0000000891
0000000009
0000262144
0000000010
0000000969
0000000010
0000004467
0000000008
0000001007
0000000009
0000262144
0000000018
0000001071
0000000024
0000005078
0000000022
0000001150
0000000017
0000262144
0000000016
0000001210
0000000017
0000005717
0000000022
0000001265
0000000021
0000262144
0000000019
0000001320
0000000024
0000006395
0000000029
0000001378
0000000026
0000262144
0000000023
0000001448
0000000024
0000007165
0000000026
0000001531
0000000018
0000262144
0000000015
0000001620
0000000012
0000007988
0000000019
0000001679
0000000020
0000262144
0000000022
0000001790
0000000026
0000008916
0000000025
0000001865
0000000035
0000262144
0000000035
0000001972
0000000048
0000010007
0000000050
0000002084
0000000049
0000262144
0000000058
0000002230
0000000063
0000011039
0000000065
0000002332
0000000062
0000262144
0000000072
0000002497
0000000078
0000012155
0000000070
0000002552
0000000071
0000262144
0000000063
0000002678
0000000066
0000013294
0000000074
0000002842
0000000080
0000262144
0000000081
0000002994
0000000080
0000014693
0000000086
0000003110
0000000084
0000262144
0000000100
0000003214
0000000102
0000016047
0000000121
0000003344
0000000110
0000262144
0000000108
0000003528
0000000123
0000017552
0000000113
0000003712
0000000112
0000262144
0000000121
0000003860
0000000123
0000019106
0000000127
0000003988
0000000128
0000262144
0000000127
0000004178
0000000133
0000020704
0000000133
0000004355
0000000153
0000262144
0000000161
0000004568
0000000168
0000022466
0000000171
0000004750
0000000168
0000262144
0000000170
0000005005
0000000190
0000024344
0000000194
0000005193
0000000213
0000262144
0000000212
0000005446
0000000190
0000026190
0000000208
0000005599
0000000222
0000262144
0000000219
0000005801
0000000233
0000028194
0000000240
0000006026
0000000264
0000262144
0000000297
0000006339
0000000322
0000030290
0000000317
0000006591
0000000356
0000262144
0000000368
0000006789
0000000379
0000032479
0000000380
0000007073
0000000394
0000262144
0000000445
0000007278
0000000476
0000034817
0000000480
0000007525
0000000491
0000262144
0000000528
0000007739
0000000560
0000037169
0000000601
0000007886
0000000616
0000262144
0000000642
0000008173
0000000672
0000039515
0000000677
0000008428
0000000687
0000262144
0000000727
0000008774
0000000738
0000041967
0000000777
0000009072
0000000792
0000262144
0000000806
0000009392
0000000831
0000044578
0000000851
0000009691
0000000893
0000262144
0000000903
0000010024
0000000932
0000047194
0000000974
0000010316
0000001007
0000262144
0000001033
0000010582
0000001063
0000049893
0000001073
0000010877
0000001121
0000262144
0000001139
0000011322
0000001139
0000052561
0000001167
0000011726
0000001178
0000262144
0000001207
0000012067
0000001247
0000055370
0000001292
0000012542
0000001340
0000262144
0000001373
0000012942
0000001379
0000058069
0000001424
0000000001
0000013382
0000001431
0000000003
0000262144
0000000004
0000001482
0000000007
0000013805
0000000011
0000001512
0000000020
0000060931
0000000022
0000001553
0000000018
0000014228
0000000014
0000001568
0000000019
0000262144
0000000019
0000001614
0000000015
0000014666
0000000015
0000001654
0000000010
0000063826
0000000006
0000001715
0000000002
0000014943
0000000001
0000001770
0000000003
0000262144
0000000004
0000001831
0000000005
0000015382
0000000006
0000001816
0000000010
0000066660
0000000008
0000001835
0000000007
0000015795
0000000004
0000001870
0000000002
0000262144
0000000005
0000001887
0000000003
0000016197
0000000002
0000001923
0000000002
0000069626
0000000004
0000001994
0000000011
0000016549
0000000010
0000002050
0000000009
0000262144
0000000003
0000002097
0000000003
0000016944
0000000003
0000002144
0000000004
0000072609
0000000003
0000002158
0000000005
0000017379
0000000007
0000002201
0000000004
0000262144
0000000004
0000002229
0000000002
0000017871
0000000003
0000002261
0000000003
0000075519
0000000006
0000002286
0000000007
0000018300
0000000004
0000002336
0000000005
0000262144
0000000004
0000002374
0000000003
0000018826
0000000002
0000002423
0000000002
0000078554
0000000002
0000002452
0000000002
0000019289
0000000003
0000002472
0000000005
0000262144
0000000005
0000002523
0000000005
0000019814
0000000004
0000002588
0000000005
0000081503
0000000005
0000002659
0000000004
0000020251
0000000001
0000002690
0000000001
0000262144
0000000002
0000002754
0000000003
0000020701
0000000003
0000002784
0000000004
0000084570
0000000008
0000002791
0000000009
0000021219
0000000011
0000002835
0000000013
0000262144
0000000014
0000002848
0000000018
0000021724
0000000017
0000002918
0000000020
0000087554
0000000026
0000002967
0000000029
0000022214
0000000047
0000003016
0000000044
0000262144
0000000052
0000003113
0000000051
0000022767
0000000055
0000003192
0000000054
0000090542
0000000045
0000003263
0000000034
0000023210
0000000028
0000003275
0000000026
0000262144
0000000018
0000003361
0000000013
0000023889
0000000010
0000003403
0000000010
0000093613
0000000014
0000003438
0000000013
0000024352
0000000013
0000003456
0000000019
0000262144
0000000025
0000003548
0000000033
0000024896
0000000038
0000003615
0000000054
0000096529
0000000065
0000003698
0000000065
0000025343
0000000067
0000003765
0000000068
0000262144
0000000072
0000003818
0000000069
0000025855
0000000069
0000003861
0000000074
0000099382
0000000068
0000003892
0000000056
0000026483
0000000048
0000003957
0000000038
0000262144
0000000033
0000004079
0000000027
0000027103
0000000025
0000004191
0000000030
0000102331
0000000030
0000004264
0000000032
0000027653
0000000031
0000004394
0000000041
0000262144
0000000038
0000004515
0000000035
0000028310
0000000028
0000004650
0000000025
0000105134
0000000034
0000004755
0000000042
0000028741
0000000040
0000004777
0000000046
0000262144
0000000048
0000004931
0000000052
0000029469
0000000054
0000004958
0000000069
0000107964
0000000076
0000005043
0000000095
0000030045
0000000096
0000005140
0000000090
0000262144
0000000099
0000005241
0000000099
0000030521
0000000099
0000005325
0000000099
0000110851
0000000105
0000005463
0000000120
0000031082
0000000122
0000005545
0000000119
0000262144
0000000126
0000005673
0000000130
0000031701
0000000139
0000005817
0000000145
0000113649
0000000147
0000005938
0000000152
0000032299
0000000156
0000006099
0000000167
0000262144
0000000164
0000006223
0000000186
0000032904
0000000185
0000006308
0000000185
0000116478
0000000183
0000006411
0000000172
0000033471
0000000164
0000006509
0000000161
0000262144
0000000161
0000006620
0000000149
0000034280
0000000141
0000006723
0000000139
0000119216
0000000139
0000006800
0000000140
0000034883
0000000132
0000006888
0000000146
0000262144
0000000153
0000007075
0000000156
0000035503
0000000156
0000007223
0000000159
0000121860
0000000170
0000007306
0000000176
0000036008
0000000194
0000007345
0000000203
0000262144
0000000204
0000007472
0000000194
0000036756
0000000207
0000007599
0000000207
0000124572
0000000217
0000007703
0000000225
0000037297
0000000218
0000007748
0000000217
0000262144
0000000225
0000007885
0000000210
0000038004
0000000204
0000008046
0000000212
0000127104
0000000217
0000008142
0000000221
0000038598
0000000220
0000008229
0000000236
0000262144
0000000247
0000008313
0000000260
0000039347
0000000266
0000008444
0000000264
0000129600
0000000283
0000008560
0000000290
0000039944
0000000282
0000008659
0000000279
0000262144
0000000271
0000008785
0000000256
0000040755
0000000265
0000008904
0000000269
0000132019
0000000294
0000009019
0000000268
0000041365
0000000265
0000009134
0000000250
0000262144
0000000254
0000009253
0000000240
0000042147
0000000226
0000009399
0000000222
0000134326
0000000221
0000009490
0000000227
0000042664
0000000235
0000009645
0000000224
0000262144
0000000220
0000009867
0000000226
0000043316
0000000233
0000009992
0000000232
0000136660
0000000217
0000010126
0000000215
0000043816
0000000217
0000010252
0000000230
0000262144
0000000235
0000010504
0000000227
0000044550
0000000230
0000010705
0000000229
0000139017
0000000232
0000010888
0000000233
0000045247
0000000238
0000011001
0000000253
0000262144
0000000258
0000011140
0000000281
0000046072
0000000304
0000011268
0000000336
0000141252
0000000371
0000011437
0000000375
0000046636
0000000380
0000011529
0000000400
0000262144
0000000403
0000011753
0000000417
0000047428
0000000417
0000011847
0000000427
0000143442
0000000451
0000012026
0000000468
0000047970
0000000500
0000012128
0000000520
0000262144
0000000539
0000012308
0000000556
0000048804
0000000561
0000012545
0000000569
0000145517
0000000591
0000012745
0000000605
0000049314
0000000612
0000012947
0000000605
0000262144
0000000621
0000013051
0000000659
0000050101
0000000678
0000013251
0000000691
0000147582
0000000691
0000013316
0000000696
0000050675
0000000705
0000013495
0000000723
0000262144
0000000723
0000013641
0000000716
0000051490
0000000716
0000013825
0000000710
0000149446
0000000703
0000013939
0000000678
0000052180
0000000682
0000014137
0000000651
0000262144
0000000646
0000014380
0000000663
0000053058
0000000663
0000014522
0000000697
0000151249
0000000682
0000014665
0000000678
0000053673
0000000661
0000014789
0000000671
0000262144
0000000680
0000014993
0000000677
0000054477
0000000691
0000015172
0000000687
0000153055
0000000695
0000015285
0000000692
0000055057
0000000726
0000015511
0000000761
0000262144
0000000810
0000015787
0000000867
0000055896
0000000893
0000015961
0000000919
0000154798
0000000946
0000016160
0000000945
0000056527
0000000978
0000016370
0000000970
0000262144
0000000979
0000016523
0000000990
0000057465
0000000959
0000016655
0000000971
0000156478
0000000959
0000016822
0000000973
0000058087
0000000976
0000016982
0000000967
0000262144
0000000998
0000017263
0000001001
0000058848
0000001016
0000017414
0000001013
0000158074
0000001019
0000017602
0000001018
0000059324
0000000995
0000017725
0000000967
0000262144
0000000982
0000017973
0000000985
0000060148
0000001027
0000018156
0000001083
0000159653
0000001144
0000018357
0000001160
0000060609
0000001189
0000018527
0000001236
0000262144
0000001278
0000018676
0000001284
0000061528
0000001312
0000018766
0000001349
0000161083
0000001372
0000018911
0000001400
0000062141
0000001407
0000019114
0000001456
0000262144
0000001477
0000019310
0000001531
0000062902
0000001572
0000019445
0000001568
0000162431
0000001583
0000019622
0000001621
0000063422
0000001690
0000019756
0000001780
0000262144
0000001825
0000019964
0000001851
0000064186
0000001884
0000020051
0000001910
0000163822
0000001952
0000020257
0000002009
0000064638
0000002048
0000020424
0000002088
0000262144
0000002147
0000020614
0000002187
0000065453
0000002269
0000020738
0000002299
0000165089
0000002353
0000020853
0000002365
0000065923
0000002412
0000021029
0000002370
0000262144
0000002400
0000021224
0000000001
0000002416
0000000001
0000066577
0000002442
0000021418
0000002453
0000166280
0000002458
0000021610
0000002433
0000067228
0000002400
0000021653
0000002402
0000262144
0000002420
0000021861
0000002433
0000068036
0000002447
0000022023
0000002439
0000167418
0000002388
0000022235
0000002355
0000068577
0000002322
0000022451
0000002313
0000262144
0000002286
0000022701
0000002274
0000069477
0000002277
0000022849
0000002203
0000168571
0000002210
0000022868
0000002196
0000070004
0000002178
0000022995
0000002170
0000262144
0000002216
0000023174
0000002241
0000070919
0000002222
0000023263
0000002212
0000169620
0000002231
0000023357
0000002208
0000071423
0000002227
0000023330
0000002216
0000262144
0000002263
0000023413
0000002306
0000072134
0000002319
0000023591
0000002337
0000170631
0000002406
0000023668
0000002436
0000072655
0000002478
0000023853
0000002470
0000262144
0000002492
0000024017
0000002554
0000073329
0000002589
0000024152
0000002655
0000171505
0000002719
0000024241
0000002723
0000073884
0000002732
0000024365
0000002763
0000262144
0000002784
0000024521
0000002831
0000074755
0000002848
0000024632
0000002869
0000172405
0000002890
0000024776
0000002874
0000075113
0000002850
0000024866
0000002821
0000262144
0000002839
0000025096
0000002846
0000076006
0000002866
0000025138
0000002867
0000173172
0000002875
0000025254
0000002901
0000076410
0000002873
0000025369
0000002821
0000262144
0000002852
0000025682
0000002824
0000077217
0000002818
0000025962
0000002762
0000173957
0000002775
0000026092
0000002745
0000077676
0000002752
0000026221
0000000001
0000002710
0000000001
0000262144
0000002755
0000026476
0000002788
0000078436
0000002818
0000026638
0000002809
0000174541
0000002827
0000026741
0000002825
0000078853
0000002836
0000026919
0000002832
0000262144
0000002825
0000027136
0000002833
0000079638
0000002866
0000027259
0000002874
0000175068
0000002892
0000027456
0000002881
0000080018
0000002890
0000027639
0000002910
0000262144
0000002952
0000027806
0000002937
0000080714
0000002955
0000027947
0000002992
0000175515
0000003009
0000028112
0000002968
0000080981
0000002986
0000028240
0000002994
0000262144
0000003022
0000028455
0000003039
0000081736
0000002996
0000028603
0000002967
0000175996
0000002964
0000028733
0000002960
0000082026
0000002980
0000028938
0000002978
0000262144
0000003029
0000029204
0000003027
0000082647
0000003071
0000029335
0000003104
0000176437
0000003181
0000029370
0000003213
0000083004
0000003255
0000029421
0000003278
0000262144
0000003357
0000029683
0000003395
0000083725
0000003469
0000029791
0000003528
0000176770
0000003577
0000029859
0000003582
0000084105
0000003580
0000030022
0000003598
0000262144
0000003634
0000030288
0000003674
0000084711
0000003678
0000030450
0000003718
0000177078
0000003742
0000030626
0000003799
0000085028
0000003792
0000030714
0000003807
0000262144
0000003825
0000030985
0000003841
0000085805
0000003828
0000031097
0000003869
0000177305
0000003915
0000031308
0000003917
0000086131
0000003942
0000031465
0000003948
0000262144
0000004019
0000031715
0000004073
0000086877
0000004086
0000031837
0000004097
0000177464
0000004130
0000032022
0000004108
0000087150
0000004070
0000032106
0000004060
0000262144
0000004109
0000032355
0000004139
0000087779
0000004166
0000032556
0000004202
0000177541
0000004219
0000032663
0000004230
0000087982
0000004304
0000032774
0000004344
0000262144
0000004364
0000032958
0000004438
0000088538
0000004548
0000033042
0000004605
0000177529
0000004657
0000033238
0000004722
0000088727
0000004775
0000033292
0000004838
0000262144
0000004893
0000033517
0000004961
0000089195
0000004989
0000033618
0000005011
0000177597
0000005000
0000033790
0000005020
0000089459
0000004994
0000033930
0000005022
0000262144
0000005045
0000034142
0000005042
0000089800
0000005052
0000034169
0000005027
0000177610
0000004984
0000034319
0000004983
0000090071
0000004970
0000034400
0000004941
0000262144
0000000001
0000004978
0000034612
0000005000
0000090678
0000005021
0000034763
0000005000
0000177625
0000004961
0000034811
0000004931
0000090925
0000004963
0000034996
0000004933
0000262144
0000004908
0000035227
0000004891
0000091448
0000004945
0000035338
0000004936
0000177545
0000004948
0000035409
0000004967
0000091578
0000004979
0000035516
0000000001
0000005044
0000262144
0000005117
0000035686
0000005168
0000092072
0000005246
0000035857
0000005333
0000177464
0000005374
0000036019
0000000001
0000005474
0000092168
0000005506
0000036152
0000005551
0000262144
0000005597
0000036356
0000005702
0000092700
0000005747
0000036488
0000005723
0000177208
0000005768
0000036583
0000005710
0000092785
0000005698
0000036623
0000005691
0000262144
0000005710
0000036838
0000005729
0000093232
0000005771
0000036918
0000005718
0000177001
0000005702
0000037043
0000005677
0000093455
0000005627
0000037133
0000005640
0000262144
0000005676
0000037232
0000005668
0000093831
0000005602
0000037215
0000005600
0000176732
0000005559
0000037319
0000005606
0000093949
0000005562
0000037322
0000005604
0000262144
0000005623
0000037517
0000005729
0000094453
0000005760
0000037713
0000005722
0000176399
0000005734
0000037785
0000005751
0000094575
0000005694
0000037853
0000005723
0000262144
0000005738
0000038093
0000005761
0000095051
0000005791
0000038263
0000005824
0000175984
0000005927
0000038409
0000006026
0000095085
0000006005
0000038399
0000006066
0000262144
0000006108
0000038666
0000006101
0000095505
0000006117
0000038769
0000006130
0000175502
0000006118
0000038860
0000006129
0000095690
0000006134
0000038970
0000006142
0000262144
0000006153
0000039110
0000006213
0000095877
0000006235
0000039204
0000006235
0000175025
0000006226
0000039302
0000006262
0000095929
0000006234
0000039359
0000006178
0000262144
0000006147
0000039498
0000006120
0000096251
0000006147
0000039587
0000006075
0000174495
0000006047
0000039647
0000006027
0000096259
0000006048
0000039670
0000006067
0000262144
0000006120
0000039904
0000006158
0000096629
0000006144
0000039963
0000006124
0000173971
0000006085
0000039937
0000006071
0000096684
0000006071
0000040000
0000006017
0000262144
0000006037
0000040120
0000006063
0000096900
0000006097
0000040110
0000006104
0000173403
0000006134
0000040115
0000006089
0000096868
0000006093
0000040176
0000006071
0000262144
0000006069
0000040277
0000006058
0000097207
0000006030
0000040202
0000005989
0000172851
0000005977
0000040228
0000005968
0000097273
0000005922
0000040152
0000005942
0000262144
0000005902
0000040226
0000005926
0000097481
0000005884
0000040214
0000005839
0000172316
0000005834
0000040270
0000005805
0000097454
0000005786
0000040231
0000005766
0000262144
0000005835
0000040406
0000005900
0000097699
0000005950
0000040394
0000005939
0000171668
0000005940
0000040445
0000005898
0000097645
0000005911
0000040349
0000005862
0000262144
0000005896
0000040462
0000005930
0000097781
0000005917
0000040394
0000005967
0000170984
0000005977
0000040393
0000005992
0000097735
0000005995
0000040472
0000006042
0000262144
0000006165
0000040589
0000006282
0000097900
0000006438
0000040670
0000006567
0000170357
0000006637
0000040755
0000006724
0000097715
0000006834
0000040736
0000006913
0000262144
0000007007
0000041031
0000007010
0000097813
0000007095
0000041010
0000007135
0000169620
0000007180
0000040972
0000007229
0000097661
0000007283
0000040977
0000000005
0000007306
0000000023
0000262144
0000000038
0000007373
0000000048
0000041096
0000000051
0000007418
0000000040
0000097851
0000000037
0000007458
0000000040
0000041200
0000000045
0000007497
0000000043
0000168920
0000000041
0000007510
0000000050
0000041175
0000000047
0000007545
0000000037
0000097636
0000000041
0000007538
0000000043
0000041148
0000000049
0000007555
0000000032
0000262144
0000000048
0000007589
0000000039
0000041294
0000000032
0000007543
0000000016
0000097752
0000000013
0000007547
0000000002
0000041223
0000007575
0000168221
0000007550
0000041157
0000007576
0000097517
0000007515
0000041041
0000007460
0000262144
0000007481
0000041130
0000007491
0000097546
0000007468
0000041124
0000007405
0000167507
0000007259
0000041062
0000007167
0000097255
0000007023
0000040992
0000006861
0000262144
0000006823
0000041045
0000006725
0000097335
0000006576
0000041013
0000006484
0000166684
0000006435
0000040905
0000006413
0000097133
0000006364
0000040857
0000006269
0000262144
0000006291
0000041007
0000006243
0000097089
0000006215
0000040993
0000006126
0000165971
0000006008
0000040920
0000005957
0000096988
0000005964
0000040804
0000005928
0000262144
0000006004
0000040745
0000006020
0000096915
0000006016
0000040674
0000006017
0000165212
0000005997
0000040606
0000005927
0000096634
0000005869
0000040452
0000005838
0000262144
0000005878
0000040532
0000005859
0000096635
0000005861
0000040418
0000005811
0000164497
0000005816
0000040286
0000005868
0000096408
0000005868
0000040204
0000005910
0000262144
0000006030
0000040192
0000006205
0000096503
0000006336
0000040101
0000006531
0000163662
0000006687
0000040060
0000006873
0000096237
0000006982
0000040004
0000007197
0000262144
