1.02332
1.02332
1.03436
1.03448
1.03009
1.03448
1.03448
1.03015
1.03015
1.03021
1.03015
1.03015
1.03027
1.03027
1.03021
1.03033
1.03027
1.03033
1.03033
1.03033
1.03033
1.0304
1.0304
1.03052
1.03052
1.03046
1.0304
1.0304
1.03046
1.03052
1.03052
1.03046
1.03046
1.0304
1.0304
1.0304
1.0304
1.03046
1.0304
1.0304
1.03033
1.0304
1.03027
1.03033
1.03021
1.03021
1.03033
1.0304
1.0304
1.0304
1.0304
1.0304
1.0304
1.0304
1.03033
1.03033
1.03033
1.03027
1.0304
1.0304
1.03033
1.03033
1.03033
1.03033
1.03033
1.03033
1.0304
1.03052
1.03052
1.03046
1.0304
1.03052
1.0304
1.03015
1.03003
1.03003
1.02954
1.02936
1.02905
1.02856
1.02814
1.02789
1.02759
1.02716
1.05383
1.05341
1.05316
1.05292
1.05261
1.05231
1.05176
1.05133
1.05127
1.05096
1.05054
1.05042
1.04999
1.03638
1.03619
1.03619
1.03619
1.03571
1.03558
1.03558
1.03558
1.04852
1.04803
1.04803
1.04803
1.04749
1.04724
1.04779
1.04742
1.04742
1.05194
1.05145
1.05145
1.05145
1.04651
1.04645
1.04645
1.04645
1.04559
1.04523
1.04523
1.04523
1.04468
1.04895
1.04895
1.04895
1.04822
1.04791
1.04791
1.04791
1.04724
1.047
1.047
1.047
1.07172
1.07159
1.07159
1.07159
1.07117
1.04541
1.04541
1.04541
1.0448
1.04474
1.04474
1.04474
1.06952
1.06927
1.06927
1.06927
1.06848
1.0683
1.0683
1.0683
1.06696
1.06665
1.06665
1.06665
1.06537
1.06506
1.06506
1.06506
1.06458
1.06445
1.06445
1.06445
1.06348
1.06323
1.06323
1.06323
1.06256
1.06213
1.06213
1.06213
1.06128
1.06097
1.06097
1.06097
1.05994
1.05939
1.05939
1.05939
1.05829
1.05774
1.05774
1.05774
1.05774
1.05682
1.05664
1.05664
1.05664
1.05664
1.0556
1.05518
1.05518
1.05518
1.05426
1.05402
1.05402
1.05402
1.05316
1.05267
1.05267
1.05267
1.05133
1.05103
1.05103
1.05103
1.04938
1.04907
1.04907
1.04907
1.04907
1.04907
1.04907
1.04761
1.0473
1.0473
1.0473
1.0473
1.0473
1.0473
1.0473
1.07568
1.07544
1.07544
1.07544
1.07544
1.07544
1.07544
1.07544
1.04364
1.04358
1.04358
1.04358
1.04358
1.04358
1.04358
1.04358
1.04236
1.07147
1.07147
1.07147
1.07147
1.07147
1.07147
1.06348
1.06317
1.06317
1.06317
1.06317
1.06317
1.06317
1.06317
1.06122
1.06104
1.06104
1.06104
1.06104
1.06104
1.06104
1.06104
1.06635
1.0661
1.0661
1.0661
1.0661
1.0661
1.0661
1.0661
1.06458
1.06458
1.06458
1.06458
1.06458
1.06458
1.06458
1.06458
1.05469
1.05444
1.05444
1.05444
1.05444
1.05444
1.05444
1.05444
1.05249
1.08264
1.08264
1.08264
1.08264
1.08264
1.08264
1.08264
1.07965
1.07935
1.07935
1.07935
1.07935
1.07935
1.07935
1.07935
1.07812
1.07739
1.07739
1.07739
1.07739
1.07739
1.07739
1.07739
1.08722
1.07538
1.07538
1.07538
1.07538
1.07538
1.07538
1.07538
1.07385
1.07397
1.07397
1.07397
1.07397
1.07397
1.07397
1.07397
1.0719
1.07776
1.07776
1.07776
1.07776
1.07776
1.07776
1.07776
1.09973
1.08441
1.08441
1.08441
1.08441
1.08441
1.08441
1.08441
1.09204
1.08258
1.08258
1.08258
1.08258
1.08258
1.08258
1.08258
1.08032
1.10376
1.10376
1.10376
1.10376
1.10376
1.10376
1.10376
1.10181
1.11853
1.11853
1.11853
1.11853
1.11853
1.11853
1.11853
1.11609
1.12256
1.12256
1.12256
1.12256
1.12256
1.12256
1.12256
1.11993
1.09595
1.09595
1.09595
1.09595
1.09595
1.09595
1.09595
1.11743
1.11688
1.11688
1.11688
1.11688
1.11688
1.11688
1.11688
1.11523
1.11523
1.11523
1.11523
1.11523
1.11523
1.13019
1.13019
1.12982
1.10925
1.10925
1.10925
1.10925
1.10925
1.10815
1.10815
1.10773
1.13733
1.13733
1.13733
1.13635
1.13635
1.13635
1.13635
1.13513
1.13483
1.13483
1.13483
1.13397
1.13397
1.13397
1.13397
1.16602
1.13245
1.13245
1.13245
1.13135
1.13135
1.13135
1.13135
1.15253
1.13434
1.13434
1.13434
1.15948
1.15948
1.15948
1.15948
1.15814
1.14984
1.14984
1.14984
1.14923
1.14923
1.14923
1.14923
1.17804
1.17236
1.17236
1.17236
1.17126
1.17126
1.17126
1.17126
1.1698
1.16943
1.16943
1.16943
1.16864
1.16864
1.16864
1.16864
1.16772
1.16748
1.16748
1.16748
1.16602
1.16602
1.16602
1.16602
1.19794
1.19775
1.19775
1.19775
1.19653
1.19653
1.19653
1.19653
1.16125
1.1908
1.1908
1.1908
1.18982
1.18982
1.18982
1.18982
1.19202
1.19171
1.19171
1.19171
1.19067
1.19067
1.19067
1.19067
1.16199
1.18829
1.18829
1.18829
1.1864
1.1864
1.1864
1.1864
1.18524
1.18463
1.18463
1.18463
1.16638
1.16638
1.16638
1.16638
1.16681
1.21606
1.21606
1.21606
1.21472
1.21472
1.21472
1.21472
1.22223
1.17517
1.17517
1.17517
1.16357
1.16357
1.16357
1.16357
1.17236
1.17047
1.17047
1.17047
1.17157
1.17157
1.17157
1.17157
1.17157
1.17157
1.17065
1.17584
1.17584
1.17584
1.17584
1.17584
1.17584
1.17584
1.1756
1.1756
1.1756
1.1756
1.1756
1.1756
1.1756
1.1756
1.18195
1.18195
1.18195
1.18195
1.18195
1.18195
1.18195
1.18195
1.18262
1.18262
1.18262
1.18262
1.18262
1.18262
1.18262
1.18262
1.18329
1.20026
1.20026
1.20026
1.20026
1.20026
1.20026
1.20026
1.19928
1.19928
1.19928
1.19928
1.19928
1.19928
1.19928
1.19928
1.20953
1.20953
1.20953
1.20953
1.20953
1.20953
1.20953
1.20953
1.2099
1.2099
1.2099
1.2099
1.2099
1.2099
1.2099
1.2099
1.20996
1.2099
1.2099
1.2099
1.2099
1.2099
1.2099
1.2099
1.21027
1.21027
1.21027
1.21027
1.21027
1.21027
1.21027
1.21027
1.21075
1.23187
1.23187
1.23187
1.23187
1.23187
1.23187
1.23187
1.22986
1.22986
1.22986
1.22986
1.22986
1.22986
1.22986
1.22986
1.22699
1.23309
1.23309
1.23309
1.23309
1.23309
1.23309
1.23309
1.23309
1.23309
1.23309
1.23309
1.23309
1.23309
1.23309
1.23309
1.23358
1.23364
1.23364
1.23364
1.23364
1.23364
1.23364
1.23364
1.26208
1.26208
1.26208
1.26208
1.26208
1.26208
1.26208
1.26208
1.26257
1.24683
1.24683
1.24683
1.24683
1.24683
1.26343
1.26343
1.26367
1.26367
1.26367
1.26367
1.26367
1.26367
1.26379
1.26379
1.24774
1.24786
1.24786
1.24786
1.24786
1.24786
1.26434
1.26434
1.24817
1.24817
1.24817
1.24817
1.24817
1.24817
1.2699
1.2699
1.26447
1.26428
1.26428
1.26428
1.26428
1.26428
1.27374
1.27374
1.26965
1.26965
1.26965
1.26965
1.28009
1.28009
1.28009
1.28009
1.27936
1.28436
1.28436
1.28436
1.284
1.284
1.284
1.284
1.21332
1.21332
1.21332
1.21332
1.21222
1.21222
1.21222
1.21222
1.21155
1.2113
1.2113
1.2113
1.21106
1.21106
1.21106
1.21106
1.21606
1.21606
1.21606
1.21606
1.21655
1.21655
1.21655
1.21655
1.21698
1.21698
1.21698
1.21698
1.21722
1.21722
1.21722
1.21722
1.20721
1.20721
1.20721
1.20721
1.21692
1.21692
1.21692
1.21692
1.21643
1.21643
1.21643
1.21643
1.21655
1.21655
1.21655
1.21655
1.21686
1.21686
1.21686
1.21686
1.21704
1.21704
1.21704
1.21704
1.20203
1.2019
1.2019
1.2019
1.20129
1.20129
1.20129
1.20129
1.26306
1.26306
1.26306
1.26306
1.26251
1.26251
1.26251
1.26251
1.26263
1.26282
1.26282
1.26282
1.26685
1.26685
1.26685
1.26685
1.27112
1.27112
1.27112
1.27112
1.2832
1.2832
1.2832
1.2832
1.27716
1.28284
1.28284
1.28284
1.28314
1.28314
1.28314
1.28314
1.26312
1.26312
1.26312
1.26312
1.26343
1.26343
1.26343
1.26343
1.26404
1.26416
1.26416
1.26416
1.2644
1.2644
1.2644
1.2644
1.26453
1.26453
1.26453
1.26453
1.26404
1.26404
1.26404
1.26404
1.26825
1.26428
1.26428
1.26428
1.26416
1.26416
1.26416
1.26416
1.26807
1.26807
1.26807
1.26807
1.30115
1.30115
1.30115
1.30115
1.30151
1.26788
1.26788
1.26788
1.26843
1.26843
1.26843
1.26843
1.30383
1.30383
1.30383
1.30383
1.30457
1.30457
1.30457
1.30457
1.2879
1.30511
1.30511
1.30511
1.27295
1.27295
1.27295
1.27295
1.28821
1.28821
1.28821
1.28821
1.29059
1.29059
1.29059
1.29059
1.29077
1.29077
1.29077
1.29077
1.29089
1.29089
1.29089
1.29089
1.29077
1.29077
1.29077
1.29077
1.2915
1.2915
1.2915
1.2915
1.29175
1.29187
1.29187
1.29187
1.29193
1.29193
1.29193
1.29193
1.28967
1.28967
1.28967
1.28967
1.29224
1.29224
1.29224
1.29224
1.29254
1.29272
1.29272
1.29272
1.28973
1.28973
1.28973
1.28973
1.29205
1.29205
1.29205
1.29205
1.29199
1.29199
1.29199
1.29199
1.29199
1.29187
1.29187
1.29187
1.29138
1.29138
1.29138
1.29138
1.28363
1.28363
1.28363
1.28363
1.30963
1.30963
1.30963
1.30963
1.29218
1.29169
1.29169
1.29169
1.30896
1.30896
1.30896
1.30896
1.29077
1.29077
1.29077
1.29077
1.30823
1.30823
1.30823
1.30823
1.30847
1.29089
1.29089
1.29089
1.30829
1.30829
1.30829
1.30829
1.30872
1.30872
1.30872
1.30872
1.30847
1.30847
1.30847
1.30847
1.30908
1.30908
1.30908
1.30908
1.30933
1.30933
1.30933
1.30933
1.30994
1.30994
1.30994
1.30994
1.31073
1.31073
1.31073
1.31073
1.31012
1.3103
1.3103
1.3103
1.31097
1.31097
1.31097
1.31097
1.31195
1.31195
1.31195
1.31195
1.33624
1.33624
1.33624
1.33624
1.36292
1.33575
1.33575
1.33575
1.34222
1.34222
1.34222
1.34222
1.36853
1.36853
1.36853
1.36853
1.36652
1.36652
1.36652
1.36652
1.37164
1.36548
1.36548
1.36548
1.38544
1.38544
1.38544
1.38544
1.40967
1.40967
1.40967
1.40967
1.409
1.409
1.409
1.409
1.43005
1.37708
1.37708
1.37708
1.40845
1.40845
1.40845
1.40845
1.42914
1.42914
1.42914
1.42914
1.42798
1.42798
1.42798
1.42798
1.46094
1.43506
1.43506
1.43506
1.42633
1.42633
1.42633
1.42633
1.45898
1.45898
1.45898
1.45898
1.45825
1.45825
1.45825
1.45825
1.48676
1.42102
1.42102
1.42102
1.45593
1.45593
1.45593
1.45593
1.48761
1.48761
1.48761
1.48761
1.45111
1.45111
1.45111
1.45111
1.46436
1.43018
1.43018
1.43018
1.44928
1.44928
1.44928
1.44928
1.50769
1.50769
1.50769
1.50769
1.50623
1.50623
1.50623
1.50623
1.54602
1.45538
1.45538
1.45538
1.50317
1.50317
1.50317
1.50317
1.72314
1.72314
1.72314
1.72314
1.72272
1.72272
1.72272
1.72272
1.54559
1.62689
1.62689
1.62689
1.73474
1.73474
1.73474
1.73474
1.76135
1.76135
1.76135
1.76135
1.76935
1.76935
1.76935
1.76935
1.77362
1.76392
1.76392
1.76392
1.76294
1.76294
1.76294
1.76294
1.4707
1.4707
1.4707
1.4707
1.45947
1.45947
1.45947
1.45947
1.44452
1.4126
1.4126
1.4126
1.4295
1.4295
1.4295
1.4295
1.79877
1.79877
1.79877
1.79877
1.79987
1.79987
1.79987
1.79987
1.78674
1.36713
1.36713
1.36713
1.77948
1.77948
1.77948
1.77948
1.80414
1.80414
1.80414
1.80414
1.80377
1.80377
1.80377
1.80377
1.80347
1.79364
1.79364
1.79364
1.79803
1.79803
1.79803
1.79803
1.81421
1.81421
1.81421
1.81421
1.80902
1.80902
1.80902
1.80902
1.81842
1.81207
1.81207
1.81207
1.81091
1.81091
1.81091
1.81091
1.82159
1.82159
1.82159
1.82159
1.82257
1.82257
1.82257
1.82257
1.86792
1.83191
1.83191
1.83191
1.86688
1.86688
1.86688
1.86688
1.86542
1.86542
1.86542
1.86542
1.87042
1.87042
1.87042
1.87042
1.86938
1.86914
1.86914
1.86914
1.86914
1.86914
1.86804
1.86804
1.86804
1.85443
1.83533
1.83533
1.83533
1.85413
1.85333
1.85333
1.85333
1.88318
1.86505
1.82928
1.82928
1.82928
1.81958
1.81958
1.81958
1.92737
1.91449
1.91449
1.91449
1.87122
1.89203
1.89203
1.89203
1.94354
1.94318
1.90924
1.90924
1.90924
1.90863
1.90863
1.90863
1.92078
1.94171
1.94171
1.94171
1.95245
1.90167
1.90167
1.90167
1.91327
1.9129
1.93872
1.93872
1.93872
1.91162
1.91162
1.91162
1.91089
1.94891
1.94891
1.94891
1.92737
1.927
1.927
1.927
1.8573
1.92487
1.94598
1.94598
1.94598
1.92389
1.92389
1.92389
1.93616
1.91876
1.91876
1.91876
1.91803
1.91742
1.91742
1.9209
1.9209
1.9201
1.91974
1.91974
1.91479
1.91412
1.91412
1.95984
1.95984
1.9552
1.9552
1.91223
1.91223
1.91168
1.91168
1.91119
1.91119
1.92731
1.92706
1.92706
1.92627
1.9259
1.9259
1.62744
1.62744
1.61157
1.61157
1.62683
1.62683
1.61932
1.61932
1.61847
1.61847
1.61743
1.61688
1.61688
1.65143
1.61493
1.61493
1.6048
1.6048
1.62384
1.62384
1.60803
1.60803
1.96442
1.96442
1.60144
1.60144
1.71979
1.67731
1.67731
1.60461
1.96179
1.96179
1.49963
1.49963
1.49921
1.49921
1.49896
1.49896
1.58826
1.58826
1.56
1.56
1.56
1.56
1.69434
1.53674
1.53656
1.53656
1.53601
1.53601
1.53564
1.53564
1.53503
1.53503
1.53473
1.53473
1.53436
1.53436
1.53387
1.53387
1.95276
1.53326
1.53265
1.53265
1.53174
1.53174
1.53101
1.53101
1.53015
1.53015
1.53528
1.53528
1.52911
1.52911
1.95044
1.95044
1.9502
1.94995
1.9502
1.9502
1.9502
1.9502
1.95013
1.95013
1.94977
1.94977
1.94958
1.94958
1.95001
1.95001
1.58826
1.58826
1.58722
1.94916
1.94904
1.94904
1.58545
1.58545
1.90027
1.90027
1.90039
1.90039
1.90033
1.90033
1.89972
1.89972
1.8844
1.8844
1.8847
1.8847
1.88422
1.88422
1.88391
1.88391
1.88348
1.88348
1.88269
1.88269
1.88202
1.88202
1.89636
1.89636
1.99255
1.99255
1.89532
1.76013
1.94379
1.94379
1.8938
1.8938
1.87854
1.87854
1.87903
1.87903
1.94238
1.94238
1.94159
1.94159
1.94061
1.94061
1.93927
1.7536
1.75281
1.75281
1.93805
1.93805
1.96582
1.96582
1.96442
1.96442
2.0022
2.0022
1.53418
1.53418
1.52911
1.52911
1.52826
1.96124
1.96033
1.96033
1.9599
1.9599
1.52704
1.52704
1.53033
1.53033
1.53064
1.53064
1.55328
1.55328
1.60535
1.60535
1.60583
1.60504
1.60504
1.60504
1.69354
1.69354
1.69232
1.69232
1.6911
1.6911
1.73151
1.73151
1.73157
1.73157
1.7312
1.7312
1.75635
1.72974
1.729
1.729
1.77527
1.77527
1.98755
1.98755
1.98682
1.98682
1.55237
1.55237
1.73718
1.73718
1.73499
1.73499
1.57983
1.98315
1.67963
1.67963
1.58276
1.58276
1.72705
1.72705
1.72516
1.72516
1.72339
1.72339
1.7218
1.7218
1.72052
1.72052
1.60907
1.7298
1.72949
1.72949
1.61359
1.61359
1.72803
1.72803
1.72729
1.72729
1.59277
1.59277
1.58374
1.58374
1.58905
1.58905
1.60797
1.73737
1.72327
1.72327
1.7359
1.7359
1.72137
1.72137
1.72113
1.72113
1.77362
1.77362
1.75085
1.75085
1.74487
1.74487
1.70959
1.77173
1.77173
1.70679
1.70679
1.70569
1.70569
1.80444
1.80444
1.80359
1.80359
1.80292
1.80292
1.80261
1.80261
1.802
1.802
1.8017
1.80121
1.80103
1.80103
1.80145
1.80145
1.80109
1.80109
1.80096
1.80096
1.70459
1.70459
1.72211
1.72211
1.72089
1.72089
1.72089
1.79883
1.79871
1.79883
1.79883
1.79852
1.79852
1.79785
1.79785
1.79749
1.79749
1.79712
1.79712
1.79712
1.79706
1.79706
1.79688
1.79688
1.79657
1.79584
1.79626
1.79626
1.7959
1.7959
1.79584
1.79584
1.79657
1.79657
1.79608
1.79608
1.7959
1.7959
1.79559
1.79559
1.79541
1.79529
1.79517
1.79517
1.79541
1.79541
1.79504
1.79504
1.7948
1.7948
1.79486
1.79486
1.79492
1.79492
1.79547
1.79547
1.79474
1.75952
1.76331
1.76331
1.79315
1.79315
1.96289
1.96289
1.9856
1.9856
1.79706
1.79706
1.797
1.797
1.79718
1.79718
1.7124
1.771
1.78845
1.78845
1.71179
1.71179
1.77069
1.77069
1.83521
1.83521
1.83423
1.83423
1.70514
1.70514
1.83282
1.83282
1.79547
1.97864
2.03204
2.03204
1.7948
1.7948
2.02972
2.02972
2.02899
2.02899
2.0282
2.0282
2.03192
2.03192
1.91779
1.91779
2.02625
2.02441
2.02393
2.02393
2.02863
2.02863
2.02179
2.02179
2.02191
2.02191
1.86719
1.86719
1.84363
1.84363
1.81287
1.81287
1.81293
1.80695
1.80701
1.80701
2.02008
2.02008
1.99597
1.99597
1.79578
1.79578
1.7738
1.7738
1.77435
1.77435
1.77051
1.77051
1.77112
1.70801
1.7085
1.7085
1.74103
1.74103
1.70911
1.70911
1.73248
1.73248
1.79584
1.79584
1.73059
1.73059
1.68231
1.68231
1.71948
1.75598
1.79419
1.79419
1.79266
1.79266
1.79242
1.79242
1.79181
1.79181
1.79126
1.79126
1.89355
1.89355
1.79102
1.79102
1.70215
1.77484
1.77478
1.77478
1.7326
1.7326
1.75781
1.75781
1.7655
1.7655
1.75751
1.75751
1.79669
1.79669
1.79633
1.79633
1.79602
1.79547
1.7948
1.7948
1.79443
1.79443
1.79449
1.79449
1.79456
1.79456
1.79395
1.79395
1.79272
1.79272
1.79163
1.79163
1.79138
1.62012
1.79059
1.79059
1.69818
1.69818
1.7901
1.7901
1.78931
1.78931
1.65668
1.65668
1.7876
1.7876
1.60376
1.60376
1.60333
1.59888
1.94855
1.94855
1.73309
1.73309
1.73254
1.73254
1.59882
1.59882
1.59869
1.59869
1.59894
1.59894
1.73059
1.73059
1.68909
1.61041
1.61108
1.61108
1.78424
1.78424
1.74347
1.74347
1.69135
1.69135
1.77374
1.77374
1.80286
1.80286
1.98523
1.98523
1.76752
1.98376
1.85211
1.85211
1.76764
1.76764
1.78381
1.78381
1.8042
1.8042
1.79181
1.79181
1.72986
1.72986
1.72083
1.72083
1.72113
1.68921
1.68976
1.68976
1.70697
1.70697
1.71753
1.71753
1.64044
1.64044
1.64026
1.64026
1.7157
1.7157
1.95734
1.95734
1.95734
1.95734
1.74188
1.92108
1.92108
1.92108
1.92059
1.92059
1.92059
1.92059
1.75739
1.75739
1.75739
1.75739
1.77319
1.77319
1.77319
1.77319
1.77216
1.77216
1.77216
1.77216
1.86664
1.86664
1.86664
1.86664
1.77881
1.77881
1.77881
1.77881
1.82788
1.82788
1.82788
1.82788
1.75214
1.74792
1.74792
1.74792
1.82117
1.82117
1.82117
1.82117
1.77606
1.77606
1.77606
1.77606
1.86389
1.86389
1.77411
1.77411
1.77319
1.77319
1.77325
1.77325
1.86389
1.86389
1.77252
1.77234
1.7724
1.7724
1.77203
1.77203
1.8598
1.8598
1.77185
1.77185
1.77203
1.77203
1.77283
1.77283
1.85663
1.85663
1.77277
1.77332
1.85504
1.85504
1.77338
1.77338
1.88525
1.88525
1.73169
1.73169
1.98218
1.98218
1.80585
1.80585
1.95691
1.95691
1.96106
1.95129
1.94702
1.94702
1.94794
1.94794
1.72839
1.72839
1.72772
1.72772
1.72711
1.72711
1.72729
1.72729
1.72656
1.72656
1.76868
1.72577
1.72607
1.72607
1.72656
1.72656
1.72601
1.72601
1.72614
1.72614
1.72583
1.72583
1.72485
1.72485
1.72443
1.72443
1.96289
1.72382
1.72424
1.72424
1.72369
1.72369
1.72424
1.72424
1.71777
1.71777
1.71771
1.71771
1.71759
1.71759
1.71722
1.71722
1.95862
1.95917
1.95911
1.95911
1.7467
1.7467
1.9281
1.9281
1.74542
1.74542
1.74536
1.74536
1.74408
1.74408
1.74384
1.74384
1.75153
