51504.8
40703.6
39833.1
39776.4
39866.4
39649.7
39602.8
39700.1
39638.8
39478
39525.9
39465.3
39402.2
39348.8
39290.1
39109.8
39157.7
39086.3
38994.5
38976.8
38896.4
38812.8
38718.6
38516.9
38542.8
38383.6
38366.9
38270.3
38185.6
38103.3
38021.1
37956.3
37794.6
37760.5
37718.7
37564.4
37571.1
37486.4
37418.8
36798.7
36722.2
36673.3
36527.6
36551.5
36479.4
36382.2
36395.5
36345.5
36298.9
36252.3
36211.8
36169.8
36135.6
36111.7
36076.8
36045
36025.4
35993.6
35969
35895.9
35951.6
35875.6
35867.6
35842.1
35795
35756.9
35723.8
35685.7
35639.9
35602.6
35587.2
35559
35533.8
35518.4
35501.3
35477.5
36009.2
36039.2
36060.2
36068.7
36045.2
36027.3
35958.3
35939.4
35989.4
35940.8
35966
36016.6
35721.5
35733.2
35782
35821.1
223.738
36563.3
244.51
36606.5
222.883
36666.1
225.768
216.381
200.968
36684.9
200.857
329.776
215.33
36732.3
198.202
798.063
214.412
36768.1
1158.84
36825.4
1365.05
320.966
36551.1
589.766
1637.15
812.044
36238.9
863.71
1643.18
1249.32
36259.2
1221.26
1726.65
1321.72
36303.8
984.771
1844.46
746.241
36943.5
868.98
2069.84
774.157
36977.4
519.826
2332.52
543.447
37092.2
557.516
2350.56
618
37203.3
773.162
2747.16
1010.16
37443.6
1516.05
3055.86
1635.26
37417.9
1571.81
3069.8
2183.77
37532.8
2140.09
3897.33
2239.57
37620.5
2403.94
4725.27
2259.07
37684.3
2548.79
5255.47
2817.3
37740.7
3560.22
6038.45
4037.63
37770.5
4413.55
6385.5
4594.33
37831.8
4483.32
7236.18
4178.69
37884
4365.29
7478.1
4601.59
37957.6
4968.25
7494.04
5047.45
37962.5
6559.5
7924.19
7336.31
216.479
37697.8
185.837
8567.03
9064.51
9271.52
37787.2
9694.53
9177.97
9356.23
37861.6
10105.6
9614.77
9011.29
37968.8
9930.27
10070.1
9658.33
38044.1
12027.8
10618.7
12996.3
38120.9
14120.2
209.116
10601.1
210.357
13619.8
319.331
38235.5
657.413
15488.4
622.278
10333.6
619.125
17718.4
606.634
39008.6
734.577
18676.5
817.834
10728.9
698.05
18153.7
523.597
39150.5
434.106
17130.1
439.418
10941.2
450.491
16453.6
313.362
39308.3
220.496
16922.8
11320.4
211.621
17079
214.415
39346.9
436.781
16240.3
205.711
11594.1
315.27
16104.5
429.126
39508.9
436.501
15897.3
422.581
11722.8
518.418
16500.6
729.778
39721.5
513.44
17116.1
637.698
11866.4
739.809
17981.1
815.862
39864.5
936.016
18121.1
1315.21
12108.8
1058.92
19319.8
938.387
39976
1060.74
20834.5
1048.91
12232
843.544
20872.5
924.977
40260.4
1908.27
21192.6
2439.94
12301.8
2220.15
22388.4
1724.47
40066.4
1711.97
21897.6
1728.77
12403.8
2310.59
22385.9
2112.27
40254.1
2093.75
23647.5
2511.89
12583.2
2928.42
24902.5
2502.58
39956.4
2406.54
24586.4
2462.86
12711.6
2753.01
24357.6
1906.58
40103.3
1650.01
23698.3
1250.4
12637.5
1806.19
23680.9
2077.62
40222.8
2246.87
24243.1
2689.79
12591.8
2554.23
24433.8
3299.45
40284.1
3679.43
25187
4639.83
12384.5
4950.13
25192.4
4693.74
40614.7
5575.94
25795.9
6045
12477.2
5883.64
25098.3
5547.81
40366.3
6610.46
26086.5
6991.22
12626.5
6316.06
24055.4
6529.23
40161.7
5984.93
24444.5
6081.2
12760.9
6680.83
24501.6
7439.77
40135.5
5809.46
24798.7
7306.92
12989.9
8163.95
24373.6
7654.89
40022.7
8697.99
24226.1
8299.01
13302.5
9717.34
24294.4
8670.27
40275.7
9003.76
25367
9910.11
13618.6
9283.32
26474
9205.95
40397.7
10202.7
26719.3
9562.34
13976.3
9975.56
26627.6
10246.2
40369.9
10607.2
26718.4
10340.2
14348.6
10112.6
26965.6
10998.8
40844.7
11820.9
27147.8
11240.4
14850.3
10168.4
27445
10569.4
40389.1
11297.6
27621.9
12362
15393.7
13542.9
27967.2
15751.3
39921.7
15054.7
28096.7
13152.8
15917.9
15455.5
27748.7
14995.1
40269
15875.7
27424
15332
16385.3
16385.8
28298.7
17663.5
40192.6
17558
28557.2
18615
17071.4
18384.4
27937
20112.9
39842.7
21147.7
27720
21063.7
17935
20901.8
27674.9
22315.7
40333.9
23248.4
27002.2
24048.2
18603.6
23119.7
26940.4
22958.2
40628.3
22362
26962.7
23862.4
19286
23135.8
26786.5
23172.8
39837.2
21134.7
28142.3
21268.1
20649.3
22206.3
27967
21510.9
40662.6
21224.7
27890.3
21355.3
20673.3
19985.7
27579.6
18778.7
40464.2
18843.8
28933.7
20165.7
21940.4
19266.6
28823.4
18355.4
40171.6
18766.2
29012.7
19042.3
22877.8
19966.4
28432.8
19956.7
41090.9
20863
28330.6
19540.7
25264.1
19993.2
28511.9
19518.3
40377.5
20315.6
28457.1
19671.5
25214.4
19686.2
28202.5
18649.1
40402.4
18867.5
29083.4
19465.8
27799.8
19339.6
28858.6
18820.5
40517.1
19687.3
28930.7
18681.1
28876.5
19254.4
103.585
28724.9
18553.5
305.567
40759.6
419.853
19325
716.483
28606.8
1031.19
18161.7
1687.6
29626.1
1895.95
18251.4
1556.3
28169.8
1272.31
17249
1667.78
41016.6
1660.8
19117.3
1384.47
28386.5
1333.65
18111.4
945.799
30535.8
590.72
18924.7
198.945
28276.7
100.493
18337.1
304.794
41304
418.965
19120.8
476.024
28464
579.624
18667
989.611
31287
820.283
19203
708.629
27856.4
391.868
18201
196.149
41408
523.729
18225.9
295.18
27995.2
204.854
17841.6
198.575
32342.2
397.266
18344.7
1089.69
27960.7
975.753
17599.5
898.285
41443.8
302.803
19008.3
301.65
27913.6
298.112
18536.1
387.889
33385.8
296.134
18681.8
485.09
27731
697.455
17766.4
400.792
41528.6
419.218
18934.6
192.328
27979.8
288.841
18158
300.513
34283.7
581.807
18074.1
708.522
27624
388.289
17127.6
480.818
41005.1
413.051
17943.4
289.278
27780.7
194.582
16949.5
201.306
35987
194.347
17705.3
189.718
27891.3
295.655
16786.8
487.241
41516.9
477.206
17392.2
500.046
28004.2
386.161
16280.5
467.954
39085.4
480.871
18192.7
385.864
29461.5
96.1809
17389.1
98.8058
40690.9
202.672
17802.4
295.185
28969.7
289.205
18063.6
373.975
40086.8
741.597
17338.2
899.942
29335.8
1074.4
17342.2
1280.84
41332.1
1402.77
16834.3
1681.06
28794.9
1612.22
17222
1938.01
39306.7
2452.55
16528.2
2765.28
28569.3
4212.82
16741.4
4224.8
41127.1
4978.58
16790.7
4898.88
28794.9
4810.38
16690.5
5053.05
41730.3
4332.01
16163.6
3149.12
29329.6
2775.5
16160.6
2377.34
40690.9
1779.4
16327.3
1254.09
29422.9
966.055
16080.9
939.389
44064.7
1369.75
18385.2
1234.48
33418.5
1245.21
18557.8
1856.1
43115.1
2239.45
18534.2
2814.78
33233.9
2994.13
18654
4131.38
44278
4504.86
18740.5
4095.81
33496.4
4143.07
18698.6
3910.7
43215.1
4132
18877.6
4119.99
33263.6
4254.93
18539.8
4421.19
43542.5
4540.48
19491.7
4460.8
32752.7
4624.33
18076.6
3713.35
43445
3342.2
18403.6
2646.51
32549.4
2471.83
18170.8
2908.83
45330.5
2955.62
18159
3044.67
32832
2988.31
17876.5
3761.8
43095.9
3505.78
19823.3
3315.65
35257.5
2623.01
19566.8
2382.54
45719.2
3065.1
18739.3
3753.33
34199.4
3377.37
18661.8
3840.06
42145
3759.46
18774.1
3674.77
34344.8
3640.04
18447.3
3748.01
46070.3
3948.17
18204.1
4002.69
34943.7
4144.75
18261.3
4039.29
41681.2
4374.08
18455.4
4599.34
34699.4
4661.81
18359.9
4409.53
45090.5
4709.33
20312.4
4406.88
37821.1
4473.86
20372.1
4140.99
42285.2
4229.9
20524.3
4082.86
37875
4469.72
20071.7
4219.12
45454.5
4459.07
20576.6
4279.9
38059
4653.59
20744.4
4503.65
42252.4
4648.45
21257.1
4851.69
38750.9
5046.61
20991.9
4703.06
45607.9
4970.5
21282.5
4463.89
37361.1
4606.36
20984
4351.92
41380
4692.89
21491.1
4333.11
38746.9
4369.72
21530
4219.97
43605.8
4507.08
20964.4
4202.76
37182.1
4472.69
20886.9
4413.19
41916.1
4729.82
21074.7
4332.03
40000.2
4438.47
21522.4
4199.68
45395.4
4228.22
21255.6
4050.95
41414.8
4411.19
21037.7
4122.05
41959
4181.7
21195
3952.21
41902.2
3964.58
20641.6
3740.62
45416.6
4213.21
20726.9
4061.61
42132.3
4402.07
20848.8
4031.3
42233.3
4653.63
21194.2
4280.54
42233.4
4247.83
20751.8
4259.56
44695.7
4808.5
20716.1
4637.43
43786.6
4857.64
20777.3
4964.27
42344.1
5723.5
20609.2
5948.04
43768.5
6397.86
20448.6
6594.29
46006.7
7176.46
20598.8
6390.25
44148.5
7159.39
20553.1
7181.52
42530.5
6733.62
20039.8
7179.06
42221.3
7497.32
19705.9
7602.84
46961.9
8592.05
20719.3
7539.1
42541.5
7471.92
22073.8
6547.92
42763.7
7506.02
20399.8
6643.63
42465.2
6727.43
22090.5
5907.96
45793.3
6635.62
20454.7
6441.75
43505
6844.72
22109.7
6410.02
42319.6
7169.45
20532.8
6933.67
42575.1
7299.65
22510.9
6702.16
44364.2
6826.46
22542.5
6212.29
42550
6830.39
22325.6
6272.56
42419.1
6891.05
23060.8
6470.59
42612.3
6638.05
22733.7
6233.62
44394.7
5964.48
23089.7
5393.66
43394
5855.51
22849.4
6089.31
42543.3
6501.1
23541.2
6440.63
43630.8
6776.27
23457.2
6802.63
44359
7620.97
23997.2
7313.66
42910.6
7667.65
23789.7
7571.51
42168.2
7677.49
24701.3
7557.86
42946.2
7921.53
24625.8
7779.14
43404.1
8784.75
24823.5
8577.58
38866.7
10074.8
21102.2
9747.74
42210.5
10734.3
24918.2
10441.5
42705.9
10919.9
24639.9
10177.5
43022.7
10601.6
24903.1
9910.92
44031.6
10602.5
25139.8
9461.97
40677.4
10437.5
25665.4
9697.49
42868.7
10681
25411.2
9655.46
42280.3
10316.3
25735.2
9336.62
43728.2
10360.6
26081.2
9176.51
40283.4
9705.14
26559.9
8986.71
42371.8
9435.99
25978.4
8161.87
42325.1
8777.81
26002.2
7889.82
42643.2
8294.55
25896.5
7327.58
39795.3
8073.46
26076.2
7566.38
42359.1
8137.44
25699
7610.52
41146.9
8558.34
25730.6
7584.81
42110.6
7782.21
25716.2
7187.28
40227.2
8038.05
26153.3
6972.69
41916.6
7212.03
25765
6168.93
41958.8
6636.18
25795.4
5811.32
41660.8
6878.85
25592
6238.39
38692.6
7254.79
26897.1
6776.45
41874
7486.43
26073.7
6865.43
40827.5
7670.12
26604
6879.91
41850.8
8450.92
28269.8
7428.8
38772.4
8710.4
26710.3
8025.84
43272.9
8708.96
26287.6
8054.49
40457.8
9202.5
27801.1
8600.51
41740
10033.6
27815.8
8930.19
35134.9
10555.5
26669.3
9711.39
41366.7
10493.2
27654.4
9550.57
41690.2
10623.1
22928
9850.1
37708.1
10720.6
22654.6
9760.8
41486.6
10581.8
23114
9226.35
37660.2
9500.38
22511.9
8390.48
40785.4
10105.2
25525.1
8817.38
41429.2
9377.81
25645.6
8003.17
35301.1
8371.24
22209.3
7548.65
41382.5
8171.53
25540.5
7092.61
39836
8383
25189.8
7505.52
40972.7
8358.44
26690.3
7394.97
35084
9142.8
27106.5
8238.85
40703.6
9075.99
27001.4
7853.87
40739.1
9018.06
27168.3
7779.64
40586.5
8930.75
26995.9
7742.47
34915.6
8985.21
27675.7
7796.65
40363.1
8222.96
26406.3
7020.13
41301.4
8203.27
25912
7081.51
39458
8459.45
25720.7
7398.64
34200
9594.68
25732.9
8442.63
36973.5
9037.98
25605.5
7759.67
40845.3
8998.14
26544.3
7808.75
36958.1
9378.06
27014.8
7689.19
34340
9151.46
27735.4
85.7326
7862.49
84.6951
39527.7
9021.28
24688.8
9217.33
41039.1
9151.21
24821
9484.39
39347.6
8835.76
24564.4
9534.29
34628
9434.2
25638.6
8261.57
38991.9
9029.28
24767.6
9546.19
42537.8
8844.41
25153.8
9074.99
38582.1
8555.81
25599.1
8755.58
33030.1
8782.51
26574.5
7787.88
38319.9
8405.52
26148.3
8848.51
43269.3
8313.04
26333.3
8747.99
37963
8267.67
26392.3
8711.07
33742.2
8953.69
27452.5
7988.58
37697.5
8546.73
26541.8
9122.91
43553.5
8543.62
26521.8
9162.92
37508.3
8676.83
26518.4
9105.79
33708.2
8934.96
27302.6
7848.85
36589.5
8450.23
25999.8
8801.22
43412.8
8324.77
25360.1
8756.34
36497.6
8437.1
28391.8
8066.5
33912.1
8439.44
27284
8248.9
35969.2
7619.99
27899.6
7417.31
42519.2
7300.44
27483.3
7123.53
36468.2
9316.01
27652.6
7115.58
33625.3
7414.42
26405.4
10374.1
35749.6
9910.44
29003.2
10584.4
39025.1
10566.3
29078.2
10526.6
35530.5
9948.85
28968.3
9938.3
37390.7
10509
28247.5
10954.7
35280.7
9657.42
28724.6
10122.6
39024.1
10190.9
28792
10321.9
34862.4
10279
28934.8
10327.8
36918.5
8845.46
29151.7
11277.4
34686.4
10546.1
27205.1
6734.26
42199.1
6765.74
27436.1
6835.15
34284.2
6818.77
27616.5
85.3461
6841.37
84.2941
36334.2
7304.76
27710.8
7023.11
34039.6
7034.55
27867.4
7045.77
41800.2
7167.25
27776.9
7141.97
33819
7201.1
27724.2
7228.72
33586.5
7573.77
27178.5
7158.18
33647.6
7235.83
27478.3
7137.69
41535.2
7282.04
27291.3
7127.28
33451.3
7159.85
30195.7
10642.3
33654
11621.5
29861.3
10954.4
34629.1
11031.6
29830.1
11457.3
39519.7
11505.3
29513.2
12450
34488.8
12490.5
30238.9
12505.5
38249
9829.12
28248.8
11338
34605.7
13165.7
28777.1
9577.81
37692.5
9633.28
28691
9673.21
35764.8
9684.4
28924.6
9761.32
35176.5
10377.4
29203.8
9713.35
36029.8
9608.3
28713.5
12948
40702.7
13064.4
28791.5
13075
34033.5
13227.6
28481.6
12906.4
34795.3
10067.4
26288.6
9058.15
37519.7
9400.46
28397.7
12190.6
41094.1
12285.4
28197.6
12184.9
33956.4
12455.7
28396.5
12471.9
34222.7
9932.14
32620.2
9284.76
34048
13194.9
29130.6
13231.2
40313.7
13235.4
28912.5
13334.1
34445.6
8812.43
26307.6
8950.77
39243
9987.46
28036.9
9460.6
37958.9
9453.56
26173.5
8934.86
38513.4
8960.12
26222.2
9014.98
34123.4
9133.92
26366.9
9204.31
37293.5
9772.47
26234.2
9226.92
33451.8
9239.02
26320.2
9344.14
35850.7
9478.78
26606.4
9651.74
32404.8
9517.75
26561.2
9413.78
34567.6
10051
26619.3
9470.94
31947.4
9530.5
28535.5
12933.6
40351.6
12849.2
28575.3
13265
36888.4
9489.57
32983.2
9594.65
40411.7
13349.4
26441.8
9710.11
33396.8
13204.8
32641.3
9708.59
36985.9
9724.5
32490.8
9914.16
36525
9945.16
32238.8
10079.2
39012.7
10727.9
32066.3
10021.8
36306.3
9883.9
31846.9
10011.9
36736.2
9939.68
27523.1
12474.2
33073.8
12378.4
27532.2
12410.8
39673.7
11148
31174
10297.3
36029.7
10321
30919.7
10368.7
36871.5
10379.6
29903.8
10577.4
36306
10358.1
32079
10438.4
36773.7
81.3242
10891.6
30499.4
10458.6
35785.7
10348.8
30732.1
10367
36618.3
10126.1
30318.7
10188.1
35637.2
10215.8
29966.2
10341
36891.8
11232.5
29972.4
10200.4
36270.5
10064.5
30773.5
10029.2
35839.8
9945.51
30376.8
9926.45
35612.9
9861.8
30373.9
82.5259
9962.54
36050.4
10779.4
30727.7
10134.4
34762.6
10259.7
30864.2
10308.4
36063.7
10471
30805.8
80.6902
10260.2
35226.5
10374.1
29986.9
10068
36643.4
11160.5
29549.6
9533.98
34814.7
10296
29411.2
10065.9
36266.1
10256.6
29001
10368.6
35296.1
10347.3
28342.9
10545.8
36627.6
9282.57
27488.6
8583.92
33888.8
9720.25
29027.2
9701.03
35569.2
9744.93
29005.3
9752.11
33662.3
10002.9
27733.1
9041.91
36168.4
10154.2
27696.4
9227.66
34868.3
10159.8
25801.5
10269.3
35229.7
10665.4
28068.2
9874.87
34750.5
9811.1
28292.2
10225.5
36364.7
10717.1
27322.3
10249.8
34485.3
10456.4
27573.2
10763.3
36289.4
11244.5
27296.1
12237.2
37721.3
12329.4
27391.8
12624.1
36394.5
11884.5
25807.7
11328
35272.8
11315.8
26037.3
11350.7
36527.4
11803.8
26100.8
11992.3
37255.7
11917.8
27996.8
12304.2
33071.9
12698.6
25747
12338.9
37133.1
12255.3
26397.7
12584.8
36585
12544.9
27491.6
12785.8
35745.7
12839.1
27368.5
13006.5
36339.6
13798.2
27453.5
13166.8
36744.1
12740.7
27162
13384.3
34710
13548.7
27376.7
13443.9
35806.8
13501.5
27421.1
13486.2
37540.9
14109
26378.4
13481.7
35561.1
13694.6
26458.2
13630.9
37168
13763.1
26433.7
13674
35455.5
14100.5
24769.6
13180.8
37216.6
13770.7
24598.5
13069
35102.1
13065.5
24590.7
13078.2
35834.6
14441.9
23516.6
12832.7
35511.4
12907.7
23353.4
12816.6
37362.9
13900.9
24376
13003.8
34819.2
13084.5
23173.1
12733.7
35205.9
12832.3
23193.2
12492.8
35276
12370.3
22511.3
12323.1
37416.7
12998.9
22502.9
11891.2
33832.4
12207.2
22347.6
11741.3
36670.7
11930.8
22486
11790.1
32161.9
11511
22466.5
11509.8
37492.5
12587.6
22435.6
11036.8
36529
11661.9
22893.3
10303.8
37247.8
10113.4
22973.9
11211.7
30440.9
9768.7
23667.1
11160.9
38700.5
12542.5
21572.3
10871
31891.3
11431
23504.6
11319.5
38401
11353.4
23823.8
11337.6
31731.8
11225.8
23684.6
11147.3
37345.2
12434
23803.2
11336.4
31470.8
11446.1
23431.4
11453.3
37418.7
11853.3
23393.3
11206.8
31220.3
11204.1
24160.3
8096.27
37261.1
8609.84
22433.7
9044.42
31000.6
10409.7
24333.1
10194.8
35183
9888.78
24559.5
9682.21
30766.5
9548.85
24799.1
9489.76
38432.4
10270.4
25000.4
9218.14
30849.3
9371.73
25210.4
9401.87
36433.2
9630.87
25591.2
9786.48
30905.2
9240.49
24735.1
398.76
8048.16
1619.61
38609.3
2458.23
8451.46
2651.78
24282.3
2916.08
7947.02
2348.62
30839.9
2668.72
9363.28
2605.27
25445.1
3161.93
9271.24
2848.98
36394.2
3007.99
8984.39
2899.22
25255.3
3241.6
10397
2648.04
31303.1
2664.7
8409.21
2320.16
25686.8
2586.97
9444.35
2145.68
38812.5
2177.02
9587.29
2046.86
25027.3
2204.34
9718.64
1314.05
31399.9
1076.48
8230.94
170.41
24911.2
9500.58
36707
7662.66
24558.1
7863.13
30657.9
7421.77
24526
9579.05
38338.4
10119.8
24767.7
9196.48
29141.2
8117.25
25050.1
9355.3
37327.8
9194.39
25073.8
9116.86
31094.3
9166.22
24472.7
9593.8
38415.8
9878.53
25582.2
9379.48
31446.9
9338.61
22859
9659.98
36049.6
9409.15
20540.3
7758.41
27834
7917.88
20332
7925.32
34552.9
8809.05
20523.9
7887.56
28204.5
7895.85
21285.3
10254.8
36298.4
10469.3
21235.9
10437.2
29669.7
10563.5
20971
10631.4
38458.2
11012
20814.7
9798.61
29816.1
10251.1
20816.8
10387.7
36325.8
10253.1
20715.6
10290.4
27942.6
9604.76
20630.1
9805.77
34118.9
9875.45
20402.6
8693.88
27675.6
9557.7
20348.9
9335.04
34441.6
9144.65
20225.8
9025.86
27580.7
8775.73
20116.3
8646.49
34244.8
8071.07
18687.6
7143.6
27732.7
8308.85
23229.2
8634.8
34559.7
8225.09
18854.9
8098.4
26241.7
8404.71
18874.4
8440.03
37695.8
