1.02156
1.02096
1.04379
1.04362
1.03946
1.04263
1.04227
1.03781
1.03601
1.03757
1.03636
1.03556
1.03515
1.03419
1.03356
1.03365
1.03243
1.0318
1.03168
1.03019
1.02989
1.02974
1.03001
1.03024
1.03004
1.03191
1.02994
1.03038
1.0303
1.03015
1.02985
1.02967
1.03164
1.02997
1.02956
1.03136
1.02926
1.02934
1.02909
1.0444
1.04445
1.04387
1.04571
1.04315
1.04352
1.04209
1.04206
1.04148
1.04102
1.04014
1.0399
1.0398
1.03899
1.03819
1.03755
1.03676
1.03608
1.03561
1.03487
1.03629
1.03332
1.03308
1.03382
1.0335
1.03403
1.03414
1.03432
1.0348
1.03526
1.03617
1.03608
1.03648
1.03703
1.03726
1.03761
1.03823
1.02239
1.0218
1.02133
1.02154
1.02261
1.02335
1.02415
1.02722
1.02678
1.02898
1.02911
1.02876
1.03824
1.03865
1.03871
1.03851
1.12601
1.01856
1.14897
1.01855
1.12129
1.0176
1.12389
1.03927
1.09606
1.01861
1.28245
1.03431
1.0274
1.01917
1.30726
1.13263
1.04811
1.01957
1.2511
1.01982
1.26271
1.04465
1.02925
1.25981
1.15573
1.11381
1.04038
1.16487
1.13803
1.11177
1.04189
1.21084
1.16176
1.12545
1.04267
1.12462
1.25422
1.07508
1.0261
1.14755
1.347
1.13336
1.02699
1.17692
1.44618
1.09136
1.02542
1.15635
1.36153
1.07607
1.02442
1.12532
1.39631
1.21061
1.01811
1.14149
1.50799
1.09604
1.02305
1.43172
1.67154
1.11338
1.02253
1.19538
1.79993
1.08829
1.02249
1.23923
1.92651
1.14476
1.02305
1.28933
1.96155
1.18681
1.02441
1.41027
1.92919
1.31809
1.02597
1.39193
2.19553
1.30995
1.02733
1.32414
2.38119
1.21838
1.0286
1.18593
2.6165
1.10475
1.02952
1.16414
2.94196
1.12163
1.03134
1.19551
3.14287
1.14344
1.05338
1.04214
1.28581
1.16879
3.12347
1.27787
1.04311
1.48391
3.44
1.40812
1.04362
1.55675
3.54617
1.81324
1.04409
1.90598
3.66356
1.82787
1.04524
1.70431
3.67104
1.62774
1.04566
1.71146
1.04903
3.77169
1.04074
1.71417
1.06531
1.04667
1.10935
1.63503
1.05495
4.03239
1.10107
1.509
1.11958
1.02845
1.17022
1.53287
1.1271
4.0145
1.11752
1.63799
1.10405
1.02762
1.12022
1.84642
1.05763
4.02687
1.05086
2.12003
1.05665
1.02768
1.09804
2.26279
3.95618
1.05518
2.30309
1.0448
1.03027
1.1842
2.4383
1.07144
3.9059
1.04385
2.54579
1.06015
1.02915
1.14207
2.61753
1.06156
3.89725
1.06282
2.56666
1.069
1.0286
1.18893
2.51812
1.06115
3.88803
1.06587
2.48289
1.0871
1.02841
1.16021
2.54976
1.082
3.80202
1.06396
2.49905
1.0616
1.02922
1.11728
2.39952
1.072
3.85679
1.05041
2.40613
1.05074
1.02505
1.14393
2.43593
1.0911
3.85432
1.08658
2.35895
1.07446
1.03367
1.13216
2.45143
1.08331
3.82631
1.05546
2.44598
1.07614
1.03319
1.07627
2.33531
1.04097
3.78193
1.06261
2.24325
1.09802
1.0451
1.11842
2.3082
1.05123
3.75002
1.09003
2.3347
1.06213
1.04563
1.09789
2.41027
1.0426
3.77073
1.1455
2.45002
1.06831
1.04541
1.16498
2.43175
1.06013
3.79276
1.05389
2.42536
1.13184
1.05013
1.1246
2.3847
1.12216
3.8611
1.07895
2.38062
1.10424
1.04587
1.16788
2.35134
1.11564
3.84621
1.15803
2.42599
1.1604
1.05747
1.19573
2.36811
1.129
3.82245
1.14856
2.56552
1.14982
1.06757
1.20439
2.52555
1.13909
3.79356
1.15764
2.52824
1.14025
1.07326
1.403
2.50524
1.11418
3.72561
1.10311
2.53714
1.10468
1.08143
1.23278
2.57645
1.23556
3.65142
1.21033
2.5459
1.25528
1.07974
1.24195
2.47804
1.23527
3.57663
1.22822
2.36973
1.19862
1.08108
1.19702
2.3603
1.27516
3.49069
1.24145
2.37876
1.25756
1.08776
1.35769
2.36198
1.26123
3.41275
1.29553
2.35876
1.33421
1.08006
1.42621
2.32649
1.39216
3.32287
1.62376
2.31036
1.50129
1.098
1.50288
2.30664
1.43505
3.21701
1.33046
2.28657
1.27875
1.11642
1.33934
2.26759
1.33748
3.11637
1.24587
2.2862
1.39517
1.113
1.36386
2.31416
1.36801
3.03109
1.35285
2.23532
1.3535
1.12075
1.52798
2.21922
1.51606
2.91888
1.52171
2.2702
1.48792
1.13654
1.55752
2.2959
1.50966
2.7852
1.5055
2.29016
1.45435
1.12901
1.57662
2.35951
1.52704
2.6917
1.55905
2.36109
1.57233
1.12668
1.79247
2.35457
1.67186
2.60037
1.76721
2.36153
1.77558
1.15553
2.00532
2.24767
2.01496
2.43428
1.91539
2.26115
1.98534
1.13872
2.13813
2.2739
2.07547
2.4386
2.2191
2.28905
2.33119
1.14965
2.38489
2.18644
2.21656
2.30195
2.33775
2.19025
2.44557
1.16448
2.47162
2.17566
2.38372
2.21252
2.35066
2.21826
2.31182
1.14522
2.32708
2.22732
2.46248
2.00107
2.44573
2.20332
2.48231
1.17271
2.47301
2.21828
2.43585
2.01916
2.45651
2.22729
2.53395
1.17853
2.64663
2.15748
2.49799
1.82914
2.58373
2.16995
2.61654
1.18162
2.58466
2.16868
2.66583
1.76422
2.64859
1.13704
2.17514
2.70425
1.1353
1.18116
1.13653
2.66139
1.1283
2.18463
1.16951
2.814
1.33619
1.7262
1.29428
2.87953
1.22654
2.21265
1.22339
2.98996
1.2076
1.18097
1.27595
2.76978
1.15531
2.20219
1.23582
2.89001
1.17952
1.67948
1.12259
2.83141
1.13978
2.19881
1.15004
2.87859
1.1243
1.17918
1.11798
2.85985
1.16441
2.19217
1.13884
2.86443
1.10868
1.64256
1.112
2.80862
1.13197
2.22761
1.16193
2.91348
1.12943
1.18335
1.11885
2.97269
1.1492
2.21343
1.14592
2.99478
1.12845
1.59298
1.14364
2.98865
1.13051
2.20823
1.14121
3.0426
1.13186
1.18959
1.1606
2.93496
1.15886
2.21793
1.15929
2.96263
1.16633
1.54803
1.15377
2.99339
1.14679
2.22843
1.14704
3.08734
1.11624
1.19391
1.1902
2.95947
1.19368
2.21203
1.19425
3.00763
1.14994
1.51594
1.1375
3.07561
1.13307
2.23413
1.17943
3.18681
1.17454
1.21678
1.13881
3.11091
1.18659
2.22612
1.18402
3.21302
1.17992
1.44712
1.17208
3.13041
1.20467
2.20634
1.16618
3.22432
1.15213
1.2068
1.19649
3.21102
1.14491
2.19838
1.18216
3.35746
1.18711
1.33381
1.18033
3.04733
1.18843
2.07481
1.19889
3.13502
1.18413
1.23806
1.14205
3.13077
1.16203
2.11127
1.18319
3.11688
1.20488
1.30399
1.18213
3.18877
1.1261
2.08149
1.13829
3.23447
1.14197
1.22433
1.10196
3.29754
1.18046
2.11537
1.15467
3.2385
1.15551
1.33091
1.16619
3.35304
1.15957
2.12451
1.19205
3.3519
1.12401
1.239
1.19388
3.34251
1.14873
2.11766
1.23746
3.3591
1.18319
1.25827
1.16835
3.46746
1.20579
2.08782
1.14595
3.48123
1.18533
1.25915
1.13292
3.45415
1.17704
2.07803
1.16065
3.518
1.18778
1.19222
1.11855
3.02561
1.16035
1.81325
1.14101
2.98527
1.12009
1.19135
1.22424
3.00818
1.29912
1.81768
1.37454
2.96969
1.37253
1.18962
1.52071
2.9528
1.58603
1.80178
1.63824
2.97239
1.70811
1.19517
1.72866
2.95221
1.70432
1.81018
1.63293
2.99295
1.70058
1.2128
1.59444
2.82616
1.3419
1.83377
1.11992
3.04746
1.08467
1.19454
1.09807
3.01278
1.1073
1.84204
1.08705
3.03325
1.10246
1.16896
1.10347
3.03992
1.16644
1.8252
1.12403
3.09339
1.15229
1.20985
1.1656
2.81129
1.1559
1.69986
1.15275
2.8445
1.11717
1.16169
1.15561
2.96238
1.17132
1.74845
1.25862
2.97969
1.24026
1.24397
1.34853
2.9833
1.49189
1.73778
1.48731
3.00917
1.81855
1.15573
1.91024
3.02614
2.28639
1.70399
2.22042
3.00636
2.13522
1.26347
2.13454
2.97922
2.11653
1.71473
2.08716
2.98318
2.17265
1.18494
2.10456
2.70207
2.54715
1.57026
2.55638
2.68797
2.67441
1.25165
2.72823
2.66878
2.82366
1.56578
2.75683
2.71682
2.91619
1.1765
2.86111
2.65408
3.05225
1.55637
3.00053
2.6295
3.18598
1.25685
3.04952
2.57303
3.30406
1.52387
3.17174
2.5807
3.24936
1.17456
3.1025
2.5404
3.21819
1.57317
3.1203
2.56535
3.18412
1.28823
3.04505
2.52642
2.99058
1.51743
2.87127
2.50643
2.84283
1.2322
2.79355
2.5598
2.86227
1.57657
2.65895
2.56767
2.77047
1.27796
2.8186
2.55635
2.97539
1.46673
3.07813
2.4932
3.09122
1.18738
3.27202
2.51835
3.47812
1.41043
3.49577
2.52338
3.71206
1.28224
3.72415
2.51042
3.74682
1.39001
3.99204
2.55189
4.01181
1.18956
3.85356
2.53108
3.93309
1.38145
3.70648
2.5137
3.99369
1.27929
3.69753
2.49448
3.77984
1.37742
3.69296
2.52836
3.74466
1.21593
3.43458
2.52649
3.56667
1.32965
3.479
2.51999
3.62552
1.28151
3.27781
2.55487
3.2714
1.32813
3.18593
2.55461
3.05597
1.18338
2.98226
2.52423
3.33915
1.31017
3.02103
2.51404
2.95324
1.28098
3.06663
2.58951
2.76608
1.36936
2.77306
2.60885
2.71458
1.16187
2.61669
2.47621
2.71385
1.35268
2.69924
2.29922
2.91533
1.27918
2.65036
2.52778
2.88026
1.35404
2.68086
2.2992
2.92282
1.19442
2.6573
2.48974
2.79093
1.31707
2.73298
2.28016
2.72371
1.29739
2.51891
2.49159
2.57183
1.3455
2.50003
2.23507
2.60318
1.23384
2.56587
2.2173
2.6804
1.34185
2.60351
2.23107
2.7924
1.29769
2.74157
2.18695
2.7494
1.33763
2.69335
2.19645
2.79559
1.23395
3.01609
2.15118
3.19254
1.30811
3.05425
2.17039
3.02658
1.29822
2.91762
2.1164
3.07803
1.29881
3.07917
2.10101
3.0802
1.2384
2.98796
2.05352
3.09116
1.32218
3.03272
2.06706
3.02455
1.31525
3.08336
2.01064
3.16586
1.32088
3.08675
1.99826
3.10122
1.26957
2.90841
1.97629
2.99295
1.4556
2.71231
2.32341
2.77867
1.31986
2.69757
1.98398
2.77183
1.32267
2.69309
1.98606
2.80817
1.28256
2.80489
1.96643
2.90157
1.28039
2.85245
1.94794
3.03614
1.37147
2.93424
1.93286
3.06623
1.31458
2.87259
1.92484
3.03675
1.30861
2.94379
1.89704
3.14652
1.28504
2.98923
1.86828
3.25796
1.39376
3.25498
1.85986
3.37328
1.32229
3.29743
1.87173
3.62593
1.3087
3.53667
1.86936
3.68016
1.31354
3.63254
1.8715
3.82154
1.4147
3.70888
1.88161
3.87062
1.319
3.68398
1.87532
3.79773
1.34802
3.52768
1.86828
3.78865
1.32426
3.77907
1.86395
3.96613
1.40156
3.77299
1.85495
4.10178
1.32697
4.14423
1.85346
4.54356
1.32347
4.45681
1.84752
4.78428
1.33334
4.35073
1.86106
4.57465
1.46401
4.38063
1.79266
4.52532
1.32641
4.30109
1.81848
4.40225
1.36578
4.30351
1.77809
4.50175
1.32585
3.9657
1.6742
4.27555
1.46268
3.85098
1.79728
3.98517
1.27739
3.84712
1.79133
3.95749
1.3799
3.61064
1.68718
3.62587
1.32325
3.32771
1.6872
3.51609
1.62215
3.18098
1.78853
3.29429
1.33194
3.12772
1.69187
3.20686
1.33458
3.03342
2.0267
3.08248
1.45046
2.96693
2.03739
3.03711
1.37302
3.03616
2.03748
3.2051
1.45401
3.2219
2.05829
3.42169
1.37262
3.07724
1.81966
3.24273
1.32179
3.30624
1.80795
3.61116
1.62523
3.79819
2.11081
3.93191
1.32442
3.8045
1.81081
4.0715
1.40641
3.8202
1.82782
3.9273
1.33659
3.83099
1.72791
3.97062
1.64051
3.56646
1.73301
3.70385
1.34247
3.51757
1.70294
3.68129
1.37756
3.54251
1.69151
3.75911
1.34369
3.68665
1.70417
3.895
1.65077
3.79521
1.68898
4.02992
1.34837
4.01202
1.73401
4.25679
1.35891
3.9748
1.76139
4.17535
1.3735
3.88078
1.78272
4.02284
1.69221
3.52066
1.8197
3.68893
1.46778
3.61735
1.78222
3.78869
1.37906
3.69598
1.71637
3.81741
1.46835
3.5517
1.68093
3.85269
1.69118
3.78296
1.67676
1.53276
3.99829
1.54314
1.37132
3.69697
1.83551
3.71429
1.37411
3.60337
1.82136
3.63017
1.37075
3.69544
1.82802
3.58153
1.6812
3.59098
1.79374
3.75681
1.38106
3.61882
1.80904
3.53789
1.32312
3.67847
1.77077
3.68873
1.39532
3.77815
1.73988
3.78526
1.76087
3.79301
1.71543
3.95325
1.40454
3.86075
1.70323
3.76852
1.30377
3.87641
1.68501
3.81974
1.41184
3.90866
1.67993
3.82891
1.72811
3.7466
1.65368
3.89916
1.42136
3.84333
1.66884
3.71771
1.29033
3.84233
1.66147
3.72426
1.42418
3.80029
1.65614
3.73474
1.72985
3.81568
1.64584
4.03147
1.45834
3.93034
1.68726
3.89934
1.29843
4.01373
1.7265
3.93223
1.4562
3.97323
1.59602
4.10868
1.71923
4.04486
1.63691
4.10627
1.47225
4.27054
1.62122
4.36067
1.32101
4.41821
1.63405
4.52082
1.44473
3.39767
1.6257
4.54377
1.7328
4.51332
1.67716
3.15332
1.47164
3.17578
1.54152
3.02534
1.44258
3.0101
1.53752
3.04344
1.48176
3.16942
1.53397
3.156
1.56313
3.10032
1.55375
3.03669
1.49111
3.27513
1.55389
3.1562
1.44303
3.15742
1.55168
3.10973
1.50762
3.15136
1.53549
3.11162
1.589
3.77199
1.49903
2.99085
1.51057
3.0839
1.64238
4.76252
1.31963
4.74106
1.62766
4.70566
1.52717
4.68913
1.6216
1.39931
4.67739
1.37482
1.61704
4.58357
1.61871
4.62708
1.53838
4.59049
1.60693
4.59214
1.33386
4.5171
1.60833
4.55432
1.54427
4.5474
1.60869
4.53284
1.74521
4.45585
1.64075
4.58242
1.54808
4.54924
1.6165
4.58264
1.34044
4.50241
1.62516
4.57949
1.55247
4.55962
1.45577
3.02145
1.73892
2.84322
1.46903
2.87701
1.48822
2.87668
1.46624
2.78107
1.41394
2.76888
1.48838
2.59313
1.49294
2.5828
1.44341
2.55738
1.53224
3.4027
1.5516
2.81868
1.49264
2.47809
1.52553
3.40152
1.4859
3.39629
1.5309
3.39684
1.43727
3.38997
1.51666
3.36422
1.67024
3.28425
1.49936
3.39872
1.42574
3.43911
1.51837
2.50347
1.37197
2.48244
1.51261
2.47244
1.50646
2.45488
1.52788
2.50069
1.68496
3.35799
1.65543
3.65111
1.36414
3.49882
1.5329
2.65082
1.36042
2.63955
1.54245
2.65235
1.50666
2.6092
1.52467
2.60082
1.71783
3.46049
1.32775
3.57942
1.50223
2.49248
1.49337
2.47421
1.38364
2.47901
1.5024
2.45525
1.48464
3.73869
1.66462
3.69122
1.48232
3.40077
1.55293
3.46085
1.34456
3.44246
1.66983
3.65538
1.43337
3.64122
1.66546
3.61768
1.49707
3.58343
1.6545
3.55031
1.56073
3.47797
1.66581
3.56498
1.52613
3.56285
1.66085
3.52287
1.53861
3.45978
1.6375
3.37558
1.57403
3.41351
1.63639
3.44249
1.6858
3.37371
1.63419
3.44665
1.59575
3.42151
1.52487
2.52327
1.37518
2.54571
1.50246
2.42619
1.37767
3.40366
1.2958
3.38292
1.45656
2.56865
1.6411
3.33594
1.52702
2.46713
1.30851
3.33072
1.50629
3.33607
1.31867
3.28161
1.38658
3.26952
1.32641
3.22897
1.51002
3.14788
1.33327
3.23564
1.40311
3.30857
1.34375
3.26335
1.51503
3.2636
1.55947
2.61242
1.53709
2.62923
1.55718
2.63834
1.48765
3.05682
1.37408
3.16829
1.40136
3.14097
1.37861
3.1357
1.50695
3.1138
1.43205
3.09436
1.39132
3.1471
1.3261
3.0978
1.60297
1.57448
3.10506
1.39635
3.12925
1.40975
3.1574
1.38824
3.17714
1.51483
3.22963
1.40767
3.21375
1.41853
3.20454
1.42434
3.16538
1.60398
3.05094
1.42523
3.20311
1.39233
3.21265
1.38056
3.20674
1.54763
3.2075
1.39561
3.18639
1.41417
3.18687
1.39159
1.57801
3.15692
1.63851
3.10935
1.38134
3.12933
1.44962
3.10637
1.37492
3.08957
1.53662
3.05369
1.38017
1.59701
3.1185
1.42882
3.07428
1.41491
3.16896
1.61412
3.03208
1.43895
3.39195
1.44487
3.09088
1.43634
3.15333
1.52155
3.09102
1.45595
3.06217
1.41831
3.05406
1.48405
2.98528
1.61442
3.56655
1.52626
3.65594
1.47621
3.2377
1.43979
3.23476
1.55166
3.22369
1.43602
3.21623
1.48337
3.13961
1.49819
3.45774
1.62941
3.27147
1.49554
3.37751
1.42609
3.13115
1.61482
3.07851
1.56445
2.97286
1.46756
3.16566
1.42072
3.17758
1.45611
3.0723
1.61805
3.03214
1.50297
3.0384
1.43165
2.98875
1.49031
2.91853
1.49963
2.7465
1.49374
2.51938
1.29936
2.49392
1.48584
2.44668
1.62167
2.83046
1.59097
2.82755
1.39665
2.80189
1.58003
2.80132
1.48935
2.70482
1.57451
2.66626
1.31613
2.67731
1.45913
2.56057
1.7835
2.62853
1.59406
2.56818
1.32002
2.58251
1.55419
2.52378
1.48442
2.53044
1.48218
2.43759
1.3734
2.42775
1.49255
2.3977
1.62234
2.39456
1.49207
2.38778
1.33118
2.49983
1.50199
2.36108
1.56828
2.31265
1.48784
2.31974
1.37024
2.3104
1.48034
2.31761
1.56792
2.31343
1.53628
2.3038
1.37351
2.26897
1.52854
2.27089
1.46086
2.24599
1.52742
2.24303
1.37323
2.17947
1.61881
2.3117
1.57861
2.33218
1.63032
2.33865
1.38731
2.33945
1.63018
2.33256
1.50715
2.1033
1.70026
2.37318
1.36579
2.37587
1.71661
2.38281
1.57249
2.29679
1.63805
2.3215
1.39317
2.30427
1.72101
2.35886
1.53005
2.34767
1.71523
2.39756
1.37047
2.40643
1.7663
2.41464
1.5687
2.40911
1.76678
2.51114
1.42893
2.43969
1.7754
2.53318
1.46597
2.50012
1.75897
2.52218
1.49602
2.57268
1.755
2.58047
1.56302
2.47299
1.75686
2.68953
1.31234
2.57352
1.7217
2.89867
1.43492
2.95508
1.70365
2.64158
1.56979
3.04631
1.65872
2.65576
1.50394
2.49177
1.82185
2.72691
1.49331
2.59791
1.65999
2.61658
1.3852
2.60062
1.64485
2.60968
1.50044
2.61909
1.64242
2.63332
1.55262
2.50242
1.64427
2.59662
1.51146
2.58063
1.66948
2.57991
1.41264
2.50786
1.66921
2.6185
1.52133
2.62941
1.61977
3.63701
1.56597
3.62879
1.7408
3.23122
1.53027
2.79544
1.60643
2.86286
1.50563
2.93263
1.58758
2.9873
1.54103
3.02035
1.57607
3.03999
1.52096
3.00996
1.57069
3.1303
1.5409
3.09011
1.55871
3.0747
1.44767
3.01255
1.53063
2.97892
1.53589
3.12535
1.57912
1.60743
3.56773
1.67149
1.51547
1.80619
3.57489
1.94769
1.6129
1.91593
3.62289
1.94283
1.53411
1.61347
3.05758
1.67508
1.53883
1.57804
3.09193
1.58415
1.451
1.479
3.18324
1.75578
1.54113
1.53205
2.73464
1.47819
1.51439
1.56801
3.45249
1.8405
1.52844
1.90458
3.09294
1.5729
1.50529
2.27291
3.11364
2.01784
1.5511
1.63351
2.89882
1.45879
1.50701
1.38423
3.49073
1.41478
1.55318
2.94782
1.43601
3.74113
1.58743
3.65457
1.52991
3.82494
1.57124
2.91843
1.52597
3.04782
1.57264
3.11833
1.61288
3.52726
1.53606
3.0055
1.40784
3.10518
1.53924
3.12008
1.50863
3.11252
1.55776
2.904
1.52125
3.06248
1.49482
2.99077
1.48747
3.02991
1.6652
2.87984
1.45027
2.98868
1.86242
3.61641
1.67053
3.55098
1.8722
3.52906
1.68797
3.37635
1.85586
3.54386
1.63766
3.53348
1.78998
2.73088
1.42955
2.67385
1.78823
2.67821
1.55033
2.65819
1.80646
2.63962
1.51061
2.71211
1.8123
2.83282
1.53903
2.70977
1.80744
2.67658
1.4205
2.72164
1.81099
2.70239
1.63396
2.85967
1.81403
2.81577
1.69939
2.96092
1.82406
3.13634
1.64097
2.83344
1.82036
2.88588
1.48888
2.92687
1.82575
2.95893
1.63908
3.01818
1.82908
3.04616
1.68605
3.5094
1.97454
3.68944
1.63036
3.16322
1.57896
3.06064
1.48319
3.19991
1.96167
3.2521
1.72601
3.1265
1.96073
3.10207
1.53685
