1.42
10.63
16.74
23.11
29.49
35.54
41.92
48.24
54.48
60.60
66.69
72.54
78.37
84.49
90.56
96.66
102.68
108.65
114.66
120.64
126.63
132.35
138.21
144.07
149.71
155.53
161.34
167.09
172.60
178.32
183.84
189.34
195.00
200.70
206.16
211.80
217.38
222.96
228.60
234.18
239.78
245.09
250.73
256.20
261.63
267.04
272.26
277.71
283.09
288.17
293.50
298.55
303.83
309.15
314.19
319.55
324.73
329.99
334.91
339.82
344.94
350.03
355.17
360.26
365.38
370.40
375.16
379.91
384.65
389.61
394.60
399.28
404.20
409.09
413.97
418.84
423.50
423.79
428.32
428.60
433.11
433.39
438.14
438.42
438.47
443.22
443.50
443.54
443.59
448.28
448.56
448.60
448.65
453.37
453.65
453.69
453.74
458.44
458.72
458.77
458.82
463.28
463.56
463.61
463.65
468.30
468.59
468.64
468.69
473.33
473.62
473.67
473.72
478.15
478.44
478.49
478.54
478.59
483.23
483.50
483.55
483.59
483.65
483.70
483.74
483.79
488.33
488.61
488.65
488.71
488.76
493.00
493.28
493.35
493.39
497.91
498.19
498.26
498.31
502.57
502.85
502.93
502.97
507.44
507.73
507.81
507.86
512.33
512.63
512.72
512.77
517.19
517.48
517.58
517.63
522.05
522.33
522.45
522.50
526.92
527.20
527.25
527.29
527.43
527.47
527.52
527.57
531.92
532.20
532.25
532.40
532.45
536.80
537.07
537.12
537.17
537.35
537.39
537.44
537.49
541.58
541.86
541.91
541.95
542.16
542.20
542.25
542.30
546.41
546.69
546.74
546.78
547.01
547.06
547.11
547.16
551.20
551.48
551.53
551.58
551.84
551.88
551.93
551.98
556.02
556.30
556.35
556.40
556.69
556.73
556.78
556.83
560.84
561.13
561.18
561.23
561.55
561.60
561.65
561.70
565.92
566.20
566.26
566.30
566.67
566.72
566.77
566.82
570.78
571.05
571.10
571.15
571.56
571.60
571.66
571.71
575.91
576.19
576.24
576.29
576.74
576.79
576.85
576.89
581.09
581.36
581.41
581.46
581.95
582.00
582.06
582.11
586.25
586.52
586.57
586.62
587.16
587.21
587.26
587.31
591.44
591.71
591.77
591.82
592.40
592.45
592.51
592.55
596.69
596.96
597.02
597.06
597.70
597.74
597.80
597.85
601.76
602.03
602.09
602.14
602.80
602.85
602.91
602.96
606.87
607.14
607.20
607.25
607.96
608.01
608.07
608.11
612.30
612.58
612.64
612.69
613.46
613.51
613.57
613.62
617.64
617.91
617.97
618.02
618.83
618.88
618.94
618.99
623.12
623.40
623.46
623.51
624.35
624.40
624.46
624.51
628.61
628.89
628.95
629.00
629.89
630.18
630.24
630.29
634.41
634.70
634.76
634.83
636.00
636.05
636.12
636.16
640.28
640.56
640.63
640.68
641.86
641.91
641.98
642.03
646.15
646.44
646.51
646.56
647.78
647.83
647.90
647.95
651.80
652.08
652.16
652.21
653.46
653.51
653.59
653.64
657.48
657.76
657.84
657.89
659.18
659.23
659.31
659.36
663.47
663.75
663.83
663.88
665.21
665.26
665.34
665.39
669.24
669.52
669.60
669.65
671.02
671.07
671.15
671.20
675.29
675.58
675.66
675.71
677.09
677.15
677.23
677.28
681.20
681.48
681.57
681.62
683.03
683.09
683.18
683.23
687.33
687.62
687.71
687.76
689.19
689.25
689.34
689.39
693.50
693.81
693.90
693.95
695.39
695.44
695.54
695.59
699.41
699.70
699.80
699.85
701.30
701.36
701.46
701.51
705.34
705.63
705.74
705.79
707.27
707.33
707.44
707.49
711.48
711.77
711.89
711.94
713.43
713.49
713.61
713.66
717.50
717.80
717.92
717.97
719.47
719.53
719.65
719.70
723.78
724.09
724.22
724.27
725.78
725.84
725.97
726.02
730.10
730.41
730.54
730.60
732.13
732.19
732.33
732.38
736.43
736.73
736.88
736.93
738.48
738.54
738.59
738.73
738.79
742.59
742.87
742.92
742.97
743.12
743.16
743.22
743.26
744.86
744.91
744.97
745.01
745.17
745.21
745.26
745.31
749.07
749.36
749.41
749.46
749.62
749.67
749.72
749.77
751.36
751.41
751.47
751.63
751.69
755.45
755.76
755.92
755.98
756.03
757.65
757.70
757.76
757.80
757.98
758.02
758.08
758.12
762.22
762.51
762.57
762.62
762.79
762.84
762.90
762.94
764.59
764.65
764.70
764.75
764.93
764.98
765.04
765.08
769.15
769.43
769.49
769.54
769.73
769.77
769.83
769.88
771.55
771.60
771.66
771.71
771.90
771.95
772.01
772.05
775.88
776.20
776.26
776.30
776.50
776.55
776.61
776.66
778.36
778.43
778.48
778.68
778.73
778.80
778.84
782.89
783.18
783.25
783.29
783.50
783.54
783.61
783.66
785.37
785.42
785.49
785.54
785.75
785.80
785.86
785.91
789.94
790.23
790.30
790.34
790.56
790.61
790.68
790.72
792.46
792.51
792.58
792.62
792.85
792.89
792.97
796.99
797.32
797.36
797.59
797.64
797.71
797.76
799.52
799.57
799.65
799.69
799.93
799.97
800.05
800.09
804.17
804.46
804.54
804.58
804.82
804.87
804.94
804.99
806.80
806.85
806.93
806.97
807.22
807.27
807.35
807.39
811.52
811.82
811.89
811.94
812.19
812.24
812.32
812.36
814.18
814.23
814.31
814.36
814.62
814.66
814.75
814.79
818.90
819.20
819.28
819.33
819.59
819.64
819.72
819.77
821.61
821.66
821.75
821.79
822.07
822.11
822.20
822.25
826.33
826.63
826.71
826.76
827.04
827.09
827.18
827.22
829.08
829.13
829.22
829.26
829.55
829.60
829.69
829.74
833.80
834.12
834.21
834.26
834.55
834.60
834.69
834.74
836.62
836.67
836.77
836.81
837.12
837.16
837.26
837.31
841.39
841.71
841.81
841.85
842.16
842.21
842.31
842.36
844.27
844.33
844.43
844.47
844.79
844.84
844.94
844.99
849.02
849.34
849.44
849.49
849.81
849.86
849.97
850.02
851.93
851.99
852.09
852.89
853.23
853.27
853.38
853.43
857.46
857.79
857.89
857.94
858.28
858.33
858.44
858.49
860.44
860.49
860.60
860.65
861.00
861.04
861.16
861.21
864.99
865.30
865.41
865.46
865.81
865.86
865.97
866.02
867.99
868.04
868.16
868.21
868.57
868.62
869.02
869.07
872.87
873.18
873.30
873.34
873.71
873.76
874.16
874.21
876.18
876.23
876.36
876.40
876.78
876.83
877.24
877.29
881.04
881.36
881.48
881.53
881.92
881.97
882.38
882.43
884.42
884.47
884.60
884.65
885.04
885.09
885.52
885.57
889.33
889.64
889.78
889.83
890.50
890.55
890.68
890.73
892.77
892.82
892.96
893.01
893.70
893.75
893.89
893.94
897.95
898.29
898.43
898.48
899.18
899.23
899.37
899.43
901.50
901.56
901.70
901.76
902.47
902.52
902.66
902.75
906.51
906.84
906.98
907.04
907.75
907.81
907.96
908.01
910.09
910.15
910.30
910.36
911.09
911.14
911.30
911.36
915.18
915.50
915.65
915.72
916.44
916.50
916.65
916.72
918.80
918.86
919.02
919.08
919.83
919.89
920.05
920.12
924.02
924.36
924.52
924.59
925.34
925.40
925.57
925.64
927.73
927.80
927.96
928.03
928.79
928.85
929.02
929.09
932.94
933.28
933.45
933.52
934.28
934.35
934.52
934.59
936.71
936.78
936.95
937.02
937.79
937.85
938.03
938.09
941.68
942.02
942.20
942.26
943.05
943.11
943.29
943.35
945.48
945.54
945.73
945.79
946.57
946.63
946.82
946.89
950.83
951.19
951.38
951.45
952.25
952.32
952.51
952.59
954.74
954.82
955.02
955.09
955.91
955.98
956.18
956.26
960.20
960.56
960.76
960.84
961.66
961.74
961.95
962.04
964.23
964.31
964.52
964.60
965.43
965.51
965.73
965.81
969.48
969.87
970.08
970.16
971.01
971.09
971.31
971.40
973.64
973.72
973.94
974.03
974.88
974.97
975.19
975.28
979.14
979.52
979.74
979.83
980.70
980.78
981.01
981.09
983.32
983.41
983.63
983.72
984.60
984.68
984.91
984.99
988.67
989.05
989.28
989.37
990.25
990.34
990.58
990.67
992.91
993.00
993.24
993.33
994.23
994.32
994.56
994.66
998.21
998.60
998.85
998.94
999.85
999.94
1000.19
1000.29
1002.51
1002.60
1002.86
1002.95
1003.87
1003.96
1004.22
1004.32
1008.07
1008.46
1008.72
1008.81
1009.75
1009.84
1010.11
1010.21
1012.46
1012.55
1012.82
1012.92
1013.86
1013.95
1014.23
1014.32
1018.09
1018.48
1018.76
1018.85
1019.81
1019.90
1020.19
1020.28
1022.57
1022.66
1022.91
1023.00
1023.97
1024.06
1024.32
1024.41
1027.92
1028.31
1028.60
1028.69
1029.67
1029.76
1030.09
1030.19
1032.46
1032.54
1032.82
1032.91
1033.90
1033.99
1034.26
1034.36
1038.12
1038.53
1038.83
1038.93
1039.93
1040.02
1040.30
1040.40
1042.70
1042.79
1043.08
1043.18
1044.18
1044.27
1044.57
1044.67
1048.48
1048.88
1049.17
1049.27
1050.28
1050.37
1050.67
1050.77
1053.08
1053.18
1053.48
1053.58
1054.60
1054.70
1055.01
1055.10
1058.82
1059.20
1059.50
1059.60
1060.63
1060.72
1061.04
1061.14
1063.49
1063.59
1063.90
1064.00
1065.05
1065.10
1065.20
1065.52
1065.62
1069.37
1069.78
1070.09
1070.19
1071.24
1071.29
1071.39
1071.43
1071.76
1071.87
1074.24
1074.34
1074.67
1074.78
1075.84
1075.93
1076.27
1076.37
1080.15
1080.55
1080.87
1080.98
1082.05
1082.15
1082.49
1082.60
1084.98
1085.09
1085.43
1085.53
1086.63
1086.73
1087.08
1087.19
1090.67
1091.08
1091.42
1091.53
1092.64
1092.74
1093.09
1093.20
1095.59
1095.69
1096.05
1096.16
1097.28
1097.39
1097.73
1097.84
1101.65
1102.06
1102.41
1102.52
1103.66
1103.76
1104.12
1104.24
1106.63
1106.74
1107.09
1107.21
1108.36
1108.47
1108.83
1108.94
1112.51
1112.92
1113.29
1113.40
1114.53
1114.64
1115.02
1115.14
1117.55
1117.66
1118.04
1118.16
1119.32
1119.43
1119.81
1119.93
1123.74
1124.16
1124.54
1124.65
1125.81
1125.92
1126.31
1126.44
1128.87
1128.99
1129.38
1129.51
1130.69
1130.81
1131.20
1131.33
1135.07
1135.52
1135.91
1136.04
1137.22
1137.34
1137.74
1137.89
1140.32
1140.46
1140.87
1140.91
1141.06
1141.11
1142.31
1142.36
1142.50
1142.55
1142.95
1143.00
1143.15
1143.20
1146.68
1147.04
1147.18
1147.23
1147.63
1147.68
1147.84
1147.89
1149.06
1149.11
1149.25
1149.30
1149.70
1149.75
1149.94
1149.99
1152.51
1152.56
1152.71
1152.75
1153.13
1153.18
1153.34
1153.39
1154.56
1154.61
1154.75
1154.80
1155.18
1155.24
1155.40
1155.46
1158.86
1159.23
1159.37
1159.43
1159.85
1159.91
1160.07
1160.14
1161.34
1161.40
1161.55
1161.61
1161.98
1162.05
1162.22
1162.29
1164.90
1164.96
1165.09
1165.16
1165.61
1165.67
1165.82
1165.88
1167.10
1167.16
1167.31
1167.37
1167.75
1167.81
1167.98
1168.05
1171.54
1171.91
1172.05
1172.11
1172.54
1172.60
1172.77
1172.83
1174.04
1174.09
1174.24
1174.29
1174.69
1174.74
1174.92
1174.97
1177.58
1177.64
1177.79
1177.84
1178.23
1178.28
1178.45
1178.50
1179.72
1179.77
1179.92
1179.97
1180.37
1180.42
1180.60
1180.65
1184.11
1184.48
1184.63
1184.68
1185.14
1185.19
1185.37
1185.76
1186.95
1187.00
1187.15
1187.20
1187.61
1187.66
1188.16
1188.21
1190.81
1190.86
1191.02
1191.07
1191.55
1191.60
1192.10
1192.15
1193.38
1193.43
1193.58
1193.63
1194.12
1194.17
1194.67
1194.72
1198.15
1198.53
1198.68
1198.73
1199.21
1199.26
1199.76
1199.81
1201.04
1201.09
1201.25
1201.30
1201.80
1201.85
1202.37
1202.42
1205.09
1205.15
1205.31
1205.36
1205.86
1205.91
1206.42
1206.48
1207.73
1207.78
1207.94
1208.45
1208.98
1212.40
1212.91
1212.96
1213.46
1213.51
1214.02
1215.29
1215.34
1215.50
1215.56
1216.38
1216.43
1216.60
1216.65
1219.33
1219.39
1219.56
1219.61
1220.44
1220.49
1220.66
1220.71
1221.98
1222.04
1222.19
1222.24
1223.01
1223.06
1223.22
1223.27
1226.91
1227.29
1227.45
1227.50
1228.33
1228.38
1228.56
1228.61
1229.91
1229.96
1230.12
1230.17
1230.94
1230.99
1231.15
1231.20
1233.91
1233.97
1234.13
1234.18
1234.95
1235.01
1235.17
1235.22
1236.52
1236.57
1236.73
1236.78
1237.56
1237.61
1237.77
1237.82
1241.17
1241.55
1241.72
1241.77
1242.63
1242.68
1242.85
1242.90
1244.22
1244.27
1244.43
1244.48
1245.27
1245.32
1245.48
1245.53
1248.24
1248.30
1248.46
1248.51
1249.38
1249.43
1249.61
1249.66
1251.01
1251.06
1251.24
1251.29
1252.10
1252.15
1252.31
1252.36
1255.68
1256.07
1256.24
1256.29
1257.16
1257.21
1257.39
1257.44
1258.80
1258.86
1259.04
1259.09
1259.98
1260.03
1260.21
1260.26
1262.97
1263.03
1263.19
1263.24
1264.06
1264.11
1264.28
1264.33
1265.66
1265.71
1265.88
1265.93
1266.76
1266.81
1266.98
1267.03
1270.43
1270.82
1271.01
1271.06
1271.92
1271.97
1272.14
1272.19
1273.49
1273.55
1273.72
1273.77
1274.63
1274.68
1274.86
1274.91
1277.64
1277.70
1277.88
1277.93
1278.80
1278.85
1279.03
1279.08
1280.41
1280.46
1280.64
1280.69
1281.56
1281.61
1281.83
1281.88
1285.51
1285.90
1286.09
1286.14
1287.00
1287.05
1287.24
1287.29
1288.63
1288.68
1288.87
1288.92
1289.81
1289.86
1290.05
1290.10
1292.90
1292.96
1293.15
1293.20
1294.10
1294.15
1294.35
1294.40
1295.71
1295.77
1295.96
1296.01
1296.90
1296.95
1297.15
1297.20
1301.00
1301.40
1301.59
1301.64
1302.54
1302.60
1302.80
1302.85
1304.20
1304.25
1304.45
1304.50
1305.41
1305.46
1305.66
1305.71
1308.52
1308.58
1308.78
1308.83
1309.76
1309.81
1310.01
1310.06
1311.41
1311.47
1311.67
1311.72
1312.64
1312.69
1312.90
1312.96
1316.76
1317.15
1317.36
1317.41
1318.33
1318.38
1318.60
1318.65
1320.01
1320.06
1320.25
1320.30
1321.21
1321.26
1321.45
1321.51
1324.30
1324.36
1324.58
1324.64
1325.57
1325.62
1325.85
1325.90
1327.28
1327.33
1327.56
1327.62
1328.56
1328.62
1328.85
1328.91
1332.36
1332.77
1333.00
1333.05
1334.00
1334.05
1334.29
1334.35
1335.72
1335.78
1335.99
1336.05
1336.95
1337.01
1337.22
1337.28
1340.14
1340.21
1340.42
1340.48
1341.42
1341.47
1341.69
1341.74
1343.13
1343.19
1343.40
1343.46
1344.40
1344.45
1344.67
1344.73
1348.20
1348.61
1348.82
1348.88
1349.84
1349.90
1350.15
1350.21
1351.59
1351.65
1351.87
1351.93
1352.88
1352.94
1353.16
1353.22
1356.08
1356.14
1356.37
1356.42
1357.37
1357.43
1357.65
1357.71
1359.11
1359.17
1359.39
1359.45
1360.40
1360.45
1360.68
1360.74
1364.46
1364.87
1365.97
1366.03
1366.99
1367.05
1367.28
1367.34
1368.74
1368.80
1369.04
1369.09
1370.04
1370.09
1370.33
1370.39
1373.29
1373.36
1373.60
1373.66
1374.63
1374.69
1374.93
1374.99
1376.43
1376.49
1376.73
1376.80
1377.78
1377.84
1378.08
1378.15
1381.92
1382.35
1382.59
1382.65
1383.64
1383.71
1383.96
1384.02
1385.47
1385.53
1385.79
1385.85
1386.81
1386.87
1387.12
1387.19
1390.12
1390.19
1390.45
1390.51
1391.50
1391.56
1391.82
1391.89
1393.37
1393.43
1393.68
1393.75
1394.71
1394.78
1395.02
1395.10
1398.91
1399.33
1399.57
1399.64
1400.60
1400.67
1400.92
1401.01
1402.47
1402.55
1402.81
1402.90
1403.87
1403.96
1404.21
1404.30
1407.30
1407.39
1407.65
1407.74
1408.72
1408.80
1409.06
1409.15
1410.61
1410.69
1410.95
1411.04
1412.05
1412.13
1412.39
1412.49
1416.60
1417.07
1417.32
1417.41
1418.42
1418.50
1418.76
1418.86
1420.36
1420.44
1420.71
1420.80
1421.82
1421.91
1422.17
1422.27
1425.34
1425.43
1425.70
1425.80
1426.82
1426.91
1427.18
1427.27
1428.76
1428.85
1429.12
1429.21
1430.25
1430.33
1430.59
1430.68
1434.99
1435.48
1435.75
1435.99
1437.25
1437.32
1437.61
1437.69
1439.20
1439.28
1439.53
1439.62
1440.70
1440.77
1441.03
1441.11
1444.27
1444.35
1444.61
1444.69
1445.77
1445.84
1446.10
1446.17
1447.74
1447.81
1448.07
1448.14
1449.22
1449.29
1449.55
1449.62
1454.12
1454.63
1454.88
1454.95
1456.02
1456.08
1456.36
1456.42
1458.00
1458.07
1458.34
1458.41
1459.49
1459.56
1459.84
1459.90
1463.11
1463.18
1463.47
1463.53
1464.63
1464.69
1464.98
1465.04
1466.64
1466.71
1467.00
1467.06
1468.16
1468.22
1468.52
1468.59
1473.21
1473.72
1474.01
1474.07
1475.16
1475.22
1475.52
1475.59
1477.19
1477.26
1477.56
1477.63
1478.67
1478.73
1479.01
1479.08
1482.08
1482.15
1482.43
1482.50
1483.52
1483.58
1483.87
1483.93
1485.49
1485.55
1485.84
1485.91
1486.94
1487.00
1487.28
1487.35
1491.72
1492.20
1492.47
1492.53
1493.57
1493.63
1493.92
1493.98
1495.57
1495.63
1495.92
1495.99
1497.03
1497.10
1497.40
1497.46
1500.51
1500.59
1500.88
1500.95
1501.99
1502.06
1502.35
1502.42
1504.02
1504.09
1504.39
1504.45
1505.50
1505.57
1505.87
1505.95
1510.59
1511.11
1511.40
1511.48
1512.52
1512.60
1512.90
1512.98
1514.67
1514.75
1515.06
1515.14
1516.17
1516.24
1516.56
1516.64
1519.88
1519.96
1520.27
1520.35
1521.38
1521.45
1521.77
1521.84
1523.52
1523.60
1523.93
1524.00
1525.05
1525.13
1525.46
1525.54
1529.77
1530.24
1530.56
1530.63
1531.70
1531.77
1532.11
1532.18
1533.89
1533.96
1534.29
1534.37
1535.40
1535.47
1535.84
1535.92
1539.23
1539.32
1539.70
1539.78
1540.87
1540.95
1541.33
1541.41
1543.19
1543.27
1543.66
1543.74
1544.84
1544.92
1545.31
1545.39
1549.98
1550.49
1550.86
1550.95
1552.03
1552.12
1552.51
1552.61
1554.39
1554.50
1554.87
1555.00
1556.14
1556.25
1556.64
1556.78
1560.41
1560.55
1560.94
1561.13
1562.25
1562.38
1562.77
1562.91
1564.84
1564.97
1565.37
1565.52
1566.74
1566.87
1567.27
1567.43
1572.54
1573.15
1573.52
1573.66
1574.82
1574.96
1575.34
1575.50
1577.49
1577.63
1578.01
1578.17
1579.43
1579.56
1579.94
1580.10
1584.00
1584.14
1584.53
1584.67
1585.95
1586.07
1586.46
1586.61
1588.58
1588.73
1589.13
1589.30
1590.55
1590.71
1591.08
1591.28
1595.80
1596.42
1596.81
1597.01
1598.22
1598.42
1598.79
1599.05
1601.06
1601.27
1601.65
1601.93
1603.12
1603.29
1603.70
1603.91
1607.64
1607.86
1608.24
1608.50
1609.80
1610.01
1610.39
1610.64
1612.80
1613.01
1613.40
1613.64
1614.95
1615.14
1615.52
1615.76
1620.27
1620.91
1621.30
1621.54
1622.78
1623.17
1623.60
1623.85
1625.92
1626.13
1626.53
1626.78
1628.07
1628.27
1628.67
1628.91
1632.47
1632.67
1633.08
1633.31
1634.58
1634.76
1635.19
1635.40
1637.45
1637.63
1638.05
1638.25
1639.49
1639.65
1640.08
1640.24
1644.80
1645.36
1645.77
1645.92
1647.14
1647.27
1647.72
1647.86
1649.82
1649.95
1650.40
1650.53
1651.80
1651.91
1652.35
1652.47
1655.82
1655.94
1656.38
1656.50
1657.75
1657.86
1658.32
1658.43
1660.35
1660.45
1660.91
1661.02
1662.25
1662.35
1662.81
1662.92
1667.21
1667.76
1668.22
1668.33
1669.48
1669.58
1670.06
1670.17
1672.10
1672.20
1672.66
1672.77
1674.02
1674.11
1674.57
1674.68
1678.00
1678.11
1678.57
1678.68
1679.97
1680.06
1680.52
1680.63
1682.60
1682.70
1683.21
1683.31
1684.61
1684.70
1685.21
1685.32
1689.84
1690.36
1690.84
1690.94
1692.11
1692.21
1692.69
1692.80
1694.77
1694.87
1695.33
1695.44
1696.73
1696.84
1697.34
1697.46
1700.77
1700.89
1701.34
1701.47
1702.75
1702.87
1703.33
1703.46
1705.42
1705.54
1706.01
1706.14
1707.48
1707.59
1708.06
1708.19
1712.40
1712.93
1713.39
1713.51
1714.74
1714.85
1715.35
1715.51
1717.51
1717.63
1718.09
1718.21
1719.54
1719.65
1720.11
1720.23
1723.54
1723.66
1724.12
1724.25
1725.59
1725.70
1726.16
1726.28
1728.31
1728.43
1728.90
1729.03
1730.39
1730.50
1730.97
1731.10
1735.43
1736.00
1736.52
1736.64
1737.89
1738.01
1738.50
1738.63
1740.67
1740.79
1741.26
1741.39
1742.76
1742.88
1743.35
1743.49
1746.90
1747.04
1747.51
1747.64
1748.92
1749.03
1749.54
1749.67
1751.62
1751.74
1752.25
1752.39
1753.66
1753.78
1754.29
1754.42
1758.67
1759.20
1759.68
1759.79
1761.07
1761.18
1761.63
1761.76
1763.81
1763.93
1764.40
1764.53
1765.94
1766.06
1766.53
1766.66
1770.00
1770.14
1770.59
1770.73
1772.15
1772.27
1772.73
1772.86
1774.90
1775.03
1775.44
1775.59
1776.96
1777.09
1777.51
1777.65
1782.05
1782.62
1783.05
1783.19
1784.57
1784.70
1785.12
1785.29
1787.37
1787.51
1787.92
1788.10
1789.50
1789.64
1790.06
1790.24
1793.64
1793.80
1794.21
1794.39
1795.79
1795.94
1796.35
1796.52
1798.66
1798.81
1799.22
1799.38
1800.80
1800.94
1801.35
1801.51
1806.03
1806.59
1807.04
1807.18
1808.60
1808.72
1809.17
1809.32
1811.45
1811.58
1812.00
1812.14
1813.60
1813.72
1814.17
1814.31
1817.71
1817.85
1818.30
1818.44
1819.86
1819.98
1820.43
1820.57
1822.70
1822.82
1823.27
1823.41
1824.83
1824.96
1825.40
1825.54
1830.06
1830.66
1831.12
1831.27
1832.73
1832.86
1833.31
1833.47
1835.64
1835.79
1836.21
1836.38
1837.83
1837.97
1838.40
1838.57
1841.94
1842.11
1842.54
1842.72
1844.17
1844.33
1844.76
1844.95
1847.12
1847.28
1847.71
1847.89
1849.38
1849.53
1849.96
1850.14
1854.67
1855.28
1855.73
1855.91
1857.36
1857.51
1857.94
1858.16
1860.33
1860.48
1860.91
1861.07
1862.56
1862.70
1863.13
1863.28
1866.65
1866.81
1867.24
1867.39
1868.86
1868.99
1869.43
1869.59
1871.74
1871.88
1872.31
1872.46
1873.95
1874.09
1874.53
1874.68
1879.24
1879.84
1880.28
1880.44
1881.83
1881.96
1882.41
1882.56
1884.72
1884.86
1885.30
1885.46
1886.96
1887.10
1887.54
1887.70
1891.19
1891.34
1891.78
1891.94
1893.47
1893.60
1894.04
1894.20
1896.40
1896.54
1896.98
1897.13
1898.65
1898.79
1899.22
1899.38
1903.73
1904.37
1904.84
1905.01
1906.53
1906.66
1907.14
1907.30
1909.49
1909.63
1910.06
1910.22
1911.76
1911.90
1912.33
1912.48
1915.95
1916.10
1916.54
1916.69
1918.22
1918.35
1918.80
1918.95
1921.16
1921.30
1921.75
1921.90
1923.44
1923.57
1924.03
1924.18
1928.82
1929.42
1929.92
1930.06
1931.48
1931.61
1932.07
1932.23
1934.45
1934.59
1935.05
1935.21
1936.77
1936.91
1937.37
1937.53
1941.01
1941.16
1941.61
1942.46
1944.02
1944.15
1944.60
1944.75
1947.01
1947.16
1947.65
1947.82
1949.40
1949.54
1950.03
1950.19
1954.84
1955.43
1955.98
1956.14
1957.53
1957.69
1958.27
1958.46
1960.67
1960.82
1961.27
1961.44
1963.00
1963.15
1963.60
1963.77
1967.26
1967.42
1967.88
1968.04
1969.62
1969.76
1970.22
1970.38
1972.60
1972.75
1973.21
1973.37
1974.98
1975.13
1975.64
1975.81
1981.08
1981.77
1982.25
1982.45
1984.05
1984.20
1984.70
1984.87
1987.23
1987.39
1987.91
1988.07
1989.78
1989.93
1990.45
1990.61
1994.01
1994.16
1994.62
1994.79
1996.44
1996.58
1997.09
1997.31
1999.71
1999.87
2000.37
2000.54
2002.07
2002.21
2002.71
2002.88
2007.83
2008.59
2009.18
2009.40
2011.08
2011.22
2011.73
2011.89
2014.26
2014.44
2014.98
2015.19
2016.79
2016.96
2017.51
2017.71
2021.72
2021.91
2022.46
2022.65
2024.27
2024.43
2024.98
2025.16
2027.53
2027.71
2028.25
2028.44
2029.98
2030.14
2030.69
2030.87
2035.67
2036.32
2036.81
2036.97
2038.35
2038.50
2039.03
2039.20
2041.50
2041.65
2042.22
2042.39
2043.97
2044.12
2044.68
2044.85
2048.06
2048.21
2048.75
2048.92
2050.44
2050.59
2051.15
2051.33
2053.66
2053.82
2054.38
2054.57
2056.04
2056.18
2056.70
2056.89
2061.80
2062.44
2062.93
2063.11
2064.58
2064.75
2065.29
2065.50
2067.86
2068.05
2068.60
2068.81
2070.41
2070.58
2071.14
2071.35
2075.25
2075.44
2076.00
2076.22
2077.82
2078.00
2078.56
2078.78
2081.19
2081.36
2081.90
2082.11
2083.63
2083.81
2084.38
2084.61
2089.58
2090.29
2090.80
2091.00
2092.57
2092.75
2093.31
2093.53
2096.09
2096.29
2096.85
2097.07
2098.73
2098.90
2099.47
2099.69
2103.07
2103.25
2103.80
2104.01
2105.51
2105.68
2106.23
2106.44
2108.72
2108.89
2109.45
2109.65
2111.13
2111.30
2111.86
2112.06
2115.95
2116.56
2117.10
2117.32
2118.82
2118.99
2119.54
2119.75
2122.04
2122.23
2122.78
2123.00
2124.50
2124.68
2125.24
2125.46
2128.72
2128.91
2129.48
2129.71
2131.44
2131.62
2132.17
2132.39
2134.87
2135.05
2135.65
2135.87
2137.69
2137.87
2138.41
2138.62
2142.80
2143.42
2144.01
2144.23
2145.78
2145.98
2146.57
2146.81
2148.98
2149.15
2149.72
2149.92
2151.47
2151.66
2152.25
2152.49
2155.93
2156.14
2156.74
2156.98
2158.56
2158.75
2159.35
2159.58
2161.94
2162.14
2162.74
2162.98
2164.57
2164.75
2165.36
2165.59
2169.65
2170.29
2170.93
2171.14
2172.76
2172.95
2173.60
2173.84
2176.26
2176.46
2177.08
2177.31
2178.94
2179.13
2179.75
2179.99
2183.53
2183.73
2184.35
2184.59
2186.18
2186.37
2187.00
2187.24
2189.72
2189.92
2190.56
2190.81
2192.51
2192.71
2193.35
2193.60
2197.95
2198.57
2199.15
2199.39
2201.03
2201.24
2201.90
2202.16
2204.36
2204.59
2205.22
2205.52
2206.99
2207.23
2207.84
2208.15
2211.40
2211.65
2212.26
2212.57
2214.18
2214.41
2215.03
2215.33
2217.63
2217.87
2218.49
2218.79
2220.46
2220.70
2221.32
2221.62
2225.46
2226.15
2226.75
2227.11
2228.75
2228.98
2229.62
2229.89
2232.22
2232.44
2233.05
2233.33
2234.78
2235.03
2235.70
2236.03
2239.44
2239.67
2240.26
2240.52
2242.00
2242.25
2242.93
2243.26
2245.35
2245.60
2246.29
2246.61
2248.10
2248.34
2249.02
2249.34
2252.96
2253.59
2254.19
2254.46
2255.91
2256.15
2256.80
2257.11
2259.21
2259.44
2260.08
2260.37
2261.87
2262.09
2262.73
2263.00
2266.05
2266.31
2266.97
2267.23
2268.81
2269.02
2269.67
2269.93
2272.09
2272.29
2272.95
2273.20
2274.79
2274.98
2275.64
2275.88
2279.76
2280.36
2280.96
2281.20
2282.77
2282.96
2283.58
2283.81
2285.98
2286.18
2287.06
2287.31
2288.87
2289.07
2289.74
2289.98
2293.09
2293.29
2293.97
2294.19
2295.77
2295.95
2296.58
2296.79
2298.96
2299.15
2299.78
2300.00
2301.59
2301.77
2302.40
2302.61
2306.26
2306.83
2307.42
2307.63
2309.21
2309.40
2310.03
2310.27
2312.57
2312.76
2313.37
2313.60
2315.33
2315.53
2316.15
2316.40
2319.76
2320.13
2320.93
2321.15
2322.76
2322.94
2323.58
2323.80
2325.90
2326.08
2326.72
2326.95
2328.59
2328.76
2329.40
2329.62
2333.87
2334.51
2335.10
2335.36
2336.87
2337.07
2337.72
2337.96
2340.04
2340.24
2340.86
2341.11
2342.80
2342.99
2343.67
2343.91
2347.22
2347.42
2348.10
2348.33
2350.01
2350.21
2350.88
2351.12
2353.49
2353.69
2354.36
2354.61
2356.32
2356.52
2357.19
2357.44
2361.50
2362.11
2362.69
2362.92
2364.56
2364.76
2365.40
2365.66
2368.04
2368.26
2368.97
2369.24
2370.97
2371.17
2371.76
2372.01
2375.37
2375.57
2376.18
2376.42
2378.09
2378.28
2378.88
2379.12
2381.50
2381.70
2382.30
2382.54
2384.16
2384.39
2385.01
2385.24
2389.35
2389.98
2390.55
2390.76
2392.38
2392.56
2393.18
2393.41
2395.79
2395.99
2396.62
2396.86
2398.52
2398.71
2399.31
2399.55
2402.80
2403.01
2403.61
2403.86
2405.56
2405.77
2406.37
2406.62
2408.98
2409.19
2409.80
2410.06
2411.71
2411.91
2412.53
2412.93
2417.39
2418.01
2418.58
2418.80
2420.44
2420.67
2421.29
2421.59
2423.92
2424.12
2424.74
2424.99
2426.62
2426.85
2427.48
2427.77
2431.03
2431.23
2431.81
2432.05
2433.73
2433.92
2434.50
2434.73
2437.08
2437.27
2437.86
2438.12
2439.90
2440.08
2440.67
2440.90
2445.00
2445.60
2446.13
2446.33
2448.01
2448.19
2448.77
2448.99
2451.31
2451.51
2452.09
2452.33
2454.01
2455.92
2456.51
2456.77
2460.03
2460.24
2460.84
2461.10
2462.82
2463.03
2463.63
2463.90
2466.26
2466.47
2467.05
2467.32
2469.05
2469.26
2469.84
2470.12
2474.40
2475.04
2475.60
2475.85
2477.50
2477.73
2478.33
2478.63
2480.92
2481.15
2481.79
2482.09
2483.71
2483.94
2484.60
2484.90
2488.07
2488.31
2488.98
2489.29
2491.08
2491.29
2491.94
2492.20
2494.45
2494.70
2495.41
2495.73
2497.52
2497.74
2498.40
2498.67
2502.91
2503.65
2504.29
2504.59
2506.37
2506.59
2507.25
2507.54
2509.98
2510.21
2510.90
2511.19
2512.99
2513.21
2513.92
2514.21
2517.55
2517.79
2518.51
2518.81
2520.61
2520.84
2521.58
2521.88
2524.47
2524.68
2525.35
2525.61
2527.50
2527.71
2528.41
2528.67
2533.11
2533.80
2534.40
2534.65
2536.47
2536.68
2537.37
2537.65
2540.12
2540.35
2541.06
2541.35
2543.19
2543.41
2544.14
2544.43
2547.75
2547.99
2548.72
2549.01
2550.86
2551.07
2551.81
2552.09
2554.56
2554.78
2555.52
2555.80
2557.71
2557.91
2558.66
2558.91
2562.99
2563.59
2564.25
2564.46
2566.32
2566.50
2567.19
2567.41
2570.05
2570.23
2570.93
2571.14
2573.08
2573.26
2573.99
2574.21
2577.54
2577.74
2578.58
2578.81
2580.75
2580.94
2581.68
2581.93
2584.56
2584.77
2585.51
2585.77
2587.71
2587.91
2588.68
2588.94
2593.33
2593.96
2594.72
2594.95
2596.81
2597.01
2597.79
2598.06
2600.73
2600.95
2601.73
2602.01
2604.04
2604.24
2605.10
2605.37
2609.00
2609.22
2610.10
2610.38
2612.40
2612.62
2613.49
2614.18
2616.68
2616.91
2617.74
2618.43
2620.29
2620.61
2621.42
2622.15
2626.06
2626.77
2627.59
2627.99
2629.95
2630.31
2631.20
2631.96
2634.43
2634.80
2635.62
2636.34
2638.23
2638.65
2639.48
2640.21
2643.50
2643.94
2644.75
2645.52
2647.40
2647.82
2648.66
2649.40
2651.96
2652.41
2653.22
2654.00
2655.91
2656.36
2657.29
2658.09
2662.31
2663.10
2663.83
2664.36
2666.44
2666.78
2667.55
2668.43
2671.04
2671.50
2672.30
2673.13
2675.13
2675.55
2676.37
2677.12
2680.55
2680.97
2681.77
2682.56
2684.52
2684.88
2685.71
2686.51
2689.12
2689.47
2690.28
2691.08
2692.98
2693.30
2694.13
2694.91
2698.91
2699.63
2700.36
2700.75
2702.83
2703.19
2704.05
2704.85
2707.50
2707.84
2708.67
2709.46
2711.43
2711.77
2712.60
2713.34
2716.61
2716.97
2717.81
2718.57
2720.37
2720.63
2721.33
2722.11
2724.52
2724.79
2725.44
2726.13
2728.11
2728.44
2729.27
2729.96
2733.99
2734.73
2735.53
2735.92
2737.97
2738.29
2739.20
2739.97
2742.63
2742.95
2743.81
2744.54
2746.50
2746.80
2747.67
2748.39
2751.74
2752.05
2752.95
2753.66
2755.67
2755.94
2756.80
2757.56
2760.23
2760.51
2761.38
2762.09
2764.11
2764.33
2765.19
2766.01
2770.60
2771.35
2772.17
2772.45
2774.56
2774.79
2775.68
2776.45
2779.13
2779.37
2780.26
2780.94
2782.92
2783.15
2784.05
2784.72
2788.04
2788.28
2789.16
2789.82
2791.75
2791.99
2792.85
2793.50
2796.17
2796.40
2797.26
2797.91
2799.89
2800.11
2801.02
2801.68
2805.99
2806.62
2807.50
2807.76
2809.79
2810.00
2810.93
2811.58
2814.26
2814.49
2815.38
2816.04
2818.00
2818.22
2819.12
2819.77
2823.16
2823.38
2824.27
2824.90
2826.90
2827.11
2828.04
2828.70
2831.40
2831.61
2832.54
2833.19
2835.19
2835.40
2836.30
2836.93
2841.21
2841.83
2842.71
2842.94
2844.98
2845.17
2846.10
2846.76
2849.49
2849.70
2850.61
2851.25
2853.25
2853.45
2854.37
2855.02
2858.37
2858.58
2859.50
2860.14
2862.15
2862.35
2863.27
2863.92
2866.62
2866.84
2867.76
2868.45
2870.52
2870.73
2871.66
2872.34
2876.64
2877.34
2878.19
2878.45
2880.58
2880.82
2881.81
2882.52
2885.19
2885.44
2886.37
2887.15
2889.26
2889.51
2890.41
2891.19
2894.65
2894.91
2895.84
2896.55
2898.63
2898.89
2899.79
2900.55
2903.40
2903.67
2904.60
2905.36
2907.45
2907.72
2908.63
2909.37
2913.88
2914.62
2915.47
2915.82
2918.03
2918.32
2919.30
2920.14
2922.98
2923.29
2924.67
2924.98
2927.17
2927.48
2928.44
2929.30
2932.68
2933.02
2933.97
2934.86
2936.99
2937.32
2938.26
2939.13
2942.01
2942.35
2943.29
2944.18
2946.29
2946.63
2947.57
2948.46
2948.46
