0002097152
0002097152
0002097152
0002097152
0002097152
0002097152
0002097152
0002097152
0002097152
0002097152
0002097152
0002097152
0002097152
0002097152
0002097152
0002097152
0002097152
0002097152
0002097152
0002097152
0002097152
0002097152
0002097152
0002097152
0002097152
0002097152
0002097152
0002097152
0002097152
0002097152
0002097152
0002097152
0002097152
0002097152
0002097152
0002097152
0002097152
0002097152
0002097152
0002097152
0002097152
0002097152
0002097152
0002097152
0002097152
0002097152
0002097152
0002097152
0002097152
0002097152
0002097152
0002097152
0002097152
0002097152
0002097152
0002097152
0002097152
0002097152
0002097152
0002097152
0002097152
0002097152
0002097152
0002097152
0002097152
0002097152
0002097152
0002097152
0002097152
0002097152
0002097152
0002097152
0002097152
0002097152
0002097152
0002097152
0002097152
0000000002
0002097152
0000000005
0002097152
0000000007
0002097152
0000000009
0000000001
0002097152
0000000002
0000000016
0000000002
0002097152
0000000003
0000000026
0000000006
0002097152
0000000009
0000000053
0000000010
0002097152
0000000010
0000000102
0000000012
0002097152
0000000014
0000000164
0000000016
0002097152
0000000016
0000000258
0000000014
0002097152
0000000018
0000000397
0000000021
0002097152
0000000022
0000000618
0000000027
0000000002
0002097152
0000000002
0000000030
0000000002
0000000914
0000000002
0000000037
0000000003
0002097152
0000000002
0000000041
0000001273
0000000043
0002097152
0000000058
0000001707
0000000067
0002097152
0000000077
0000002359
0000000087
0002097152
0000000105
0000003159
0000000117
0002097152
0000000133
0000004090
0000000153
0002097152
0000000180
0000005286
0000000187
0002097152
0000000206
0000006710
0000000250
0002097152
0000000276
0000008313
0000000268
0002097152
0000000003
0000000303
0000000003
0000010283
0000000002
0000000333
0000000002
0002097152
0000000003
0000000378
0000012784
0000000399
0002097152
0000000003
0000000424
0000000003
0000015810
0000000003
0000000490
0000000001
0002097152
0000000007
0000000574
0000000005
0000019480
0000000005
0000000628
0000000006
0002097152
0000000010
0000000668
0000000013
0000023729
0000000010
0000000720
0000000005
0002097152
0000000004
0000000801
0000000004
0000028667
0000000003
0000000900
0000000004
0002097152
0000000004
0000000977
0000000001
0000034354
0000000005
0000001023
0000000009
0002097152
0000000012
0000001138
0000000016
0000040896
0000000015
0000001246
0000000019
0002097152
0000000017
0000001392
0000000016
0000048171
0000000012
0000001486
0000000012
0002097152
0000000011
0000001626
0000000013
0000056447
0000000010
0000001739
0000000018
0002097152
0000000017
0000001905
0000000019
0000065376
0000000022
0000002051
0000000016
0002097152
0000000014
0000002219
0000000021
0000075217
0000000017
0000002417
0000000018
0002097152
0000000020
0000002647
0000000026
0000085687
0000000031
0000002868
0000000028
0002097152
0000000033
0000003141
0000000039
0000097047
0000000047
0000003390
0000000034
0002097152
0000000037
0000003716
0000000044
0000109265
0000000042
0000004025
0000000057
0002097152
0000000053
0000004277
0000000060
0000122282
0000000063
0000004566
0000000076
0002097152
0000000079
0000004872
0000000081
0000136236
0000000081
0000005129
0000000088
0002097152
0000000088
0000005493
0000000099
0000151378
0000000105
0000005828
0000000090
0002097152
0000000087
0000006186
0000000116
0000167187
0000000127
0000006585
0000000123
0002097152
0000000140
0000006957
0000000156
0000183900
0000000170
0000007359
0000000188
0002097152
0000000194
0000007866
0000000195
0000201617
0000000190
0000008397
0000000194
0002097152
0000000213
0000008855
0000000230
0000220183
0000000255
0000009376
0000000243
0002097152
0000000245
0000009977
0000000226
0000239890
0000000241
0000010658
0000000261
0002097152
0000000298
0000011323
0000000316
0000260558
0000000338
0000011858
0000000346
0002097152
0000000349
0000012570
0000000342
0000282482
0000000333
0000013378
0000000333
0002097152
0000000358
0000014174
0000000358
0000304853
0000000354
0000015017
0000000367
0002097152
0000000383
0000015846
0000000407
0000328344
0000000427
0000016693
0000000459
0002097152
0000000479
0000017557
0000000527
0000352518
0000000544
0000018542
0000000596
0002097152
0000000624
0000019469
0000000640
0000377767
0000000675
0000020366
0000000688
0002097152
0000000718
0000021395
0000000773
0000403956
0000000782
0000022448
0000000800
0002097152
0000000814
0000023496
0000000833
0000430982
0000000854
0000024775
0000000902
0002097152
0000000960
0000026018
0000001015
0000458744
0000001043
0000027336
0000001094
0002097152
0000001145
0000028744
0000001204
0000487191
0000001236
0000030053
0000001277
0002097152
0000001350
0000031532
0000001398
0000516256
0000001485
0000033012
0000001556
0002097152
0000001617
0000034582
0000001733
0000546144
0000001776
0000036131
0000001830
0002097152
0000001910
0000037616
0000001953
0000576811
0000002043
0000039291
0000002174
0002097152
0000002244
0000040981
0000002294
0000607989
0000002314
0000042625
0000002378
0002097152
0000002485
0000044568
0000002588
0000639106
0000002696
0000046329
0000002825
0002097152
0000002904
0000048407
0000003046
0000670741
0000000001
0000003086
0000050459
0000003268
0002097152
0000000001
0000003381
0000000001
0000052584
0000000002
0000003516
0000000004
0000702767
0000000003
0000003661
0000000002
0000054727
0000000004
0000003771
0000000002
0002097152
0000000002
0000003899
0000000002
0000056877
0000000001
0000003997
0000000001
0000735137
0000000001
0000004133
0000059089
0000004239
0002097152
0000004389
0000061393
0000004602
0000000002
0000767501
0000000006
0000004771
0000000009
0000063787
0000000009
0000004968
0000000009
0002097152
0000000006
0000005133
0000000007
0000066222
0000000008
0000005293
0000000007
0000800016
0000000006
0000005445
0000000006
0000068631
0000000006
0000005477
0000000006
0002097152
0000000003
0000005698
0000000002
0000071149
0000000007
0000005814
0000000012
0000832287
0000000010
0000006018
0000000011
0000073835
0000000013
0000006215
0000000012
0002097152
0000000011
0000006369
0000000009
0000076597
0000000009
0000006509
0000000005
0000864833
0000006667
0000000002
0000079406
0000000005
0000006847
0000000006
0002097152
0000000007
0000007115
0000000008
0000082168
0000000005
0000007426
0000000006
0000897078
0000000001
0000007692
0000000001
0000084837
0000000002
0000008016
0000000003
0002097152
0000000006
0000008251
0000000003
0000087709
0000000003
0000008521
0000000007
0000928929
0000000003
0000008758
0000000002
0000090523
0000000002
0000009014
0002097152
0000009285
0000000002
0000093623
0000000005
0000009562
0000000011
0000960237
0000000017
0000009804
0000000023
0000096405
0000000019
0000010154
0000000024
0002097152
0000000033
0000010443
0000000042
0000099508
0000000041
0000010736
0000000049
0000991632
0000000048
0000011081
0000000058
0000102717
0000000059
0000011352
0000000052
0002097152
0000000042
0000011624
0000000040
0000105954
0000000040
0000011851
0000000055
0001022732
0000000054
0000012119
0000000043
0000109259
0000000036
0000012444
0000000031
0002097152
0000000030
0000012829
0000000036
0000112729
0000000037
0000013142
0000000032
0001053295
0000000029
0000013578
0000000030
0000116117
0000000032
0000013865
0000000033
0002097152
0000000031
0000014264
0000000041
0000119868
0000000046
0000014546
0000000050
0001083596
0000000050
0000014944
0000000062
0000123268
0000000069
0000015354
0000000074
0002097152
0000000077
0000015650
0000000097
0000127167
0000000100
0000016017
0000000113
0001113321
0000000128
0000016420
0000000129
0000130700
0000000131
0000016754
0000000136
0002097152
0000000150
0000017169
0000000160
0000134639
0000000166
0000017691
0000000179
0001142615
0000000189
0000018183
0000000195
0000138317
0000000218
0000018609
0000000230
0002097152
0000000243
0000019116
0000000253
0000142387
0000000261
0000019460
0000000258
0001171186
0000000258
0000019827
0000000254
0000146175
0000000247
0000020241
0000000247
0002097152
0000000232
0000020608
0000000228
0000150577
0000000230
0000021062
0000000221
0001198976
0000000233
0000021542
0000000237
0000154657
0000000240
0000022173
0000000235
0002097152
0000000224
0000022602
0000000197
0000159298
0000000182
0000022997
0000000178
0001226242
0000000174
0000023408
0000000155
0000163086
0000000135
0000023835
0000000139
0002097152
0000000140
0000024394
0000000136
0000167581
0000000146
0000024894
0000000140
0001253260
0000000145
0000025514
0000000167
0000171909
0000000185
0000026152
0000000185
0002097152
0000000207
0000026625
0000000202
0000176885
0000000212
0000027116
0000000213
0001279535
0000000226
0000027685
0000000258
0000181215
0000000275
0000028301
0000000304
0002097152
0000000307
0000028933
0000000334
0000186420
0000000379
0000029699
0000000418
0001305053
0000000472
0000030227
0000000539
0000190873
0000000571
0000030913
0000000621
0002097152
0000000661
0000031609
0000000681
0000196062
0000000727
0000032121
0000000755
0001330311
0000000819
0000032847
0000000865
0000200658
0000000910
0000033566
0000000955
0002097152
0000001025
0000034432
0000001086
0000205884
0000001136
0000035181
0000001186
0001354619
0000001257
0000035844
0000001321
0000210722
0000001362
0000036707
0000001379
0002097152
0000001412
0000037541
0000001469
0000216418
0000001510
0000038295
0000001544
0001378152
0000001590
0000039010
0000001616
0000221068
0000001652
0000039684
0000001651
0002097152
0000001687
0000040639
0000001770
0000226920
0000001783
0000041355
0000001812
0001401038
0000001810
0000042205
0000001831
0000231880
0000001834
0000042824
0000001822
0002097152
0000001832
0000043559
0000001860
0000237946
0000001875
0000044232
0000001877
0001423281
0000001861
0000045134
0000001857
0000242923
0000001849
0000045808
0000001834
0002097152
0000001864
0000046606
0000001853
0000249475
0000001896
0000047429
0000001939
0001444898
0000001976
0000048412
0000001980
0000254645
0000002072
0000049308
0000002113
0002097152
0000002172
0000050361
0000002227
0000261096
0000002343
0000051155
0000002445
0001465686
0000002541
0000052015
0000002637
0000266174
0000002730
0000052723
0000002779
0002097152
0000002808
0000053814
0000002914
0000272704
0000002979
0000054675
0000003004
0001485891
0000003004
0000055683
0000003067
0000278052
0000003106
0000056457
0000003129
0002097152
0000003181
0000057526
0000003259
0000284675
0000003365
0000058642
0000003419
0001505434
0000003439
0000059539
0000003473
0000290196
0000003497
0000060347
0000003508
0002097152
0000003555
0000061406
0000003567
0000297156
0000003627
0000062308
0000003599
0001524302
0000003635
0000063302
0000003642
0000302760
0000003725
0000064438
0000003761
0002097152
0000003822
0000065461
0000003860
0000309788
0000003889
0000066374
0000003949
0001542620
0000004014
0000067325
0000003995
0000315129
0000004013
0000068515
0000004054
0002097152
0000004107
0000069567
0000004154
0000322271
0000004205
0000070929
0000004243
0001560422
0000004284
0000072099
0000004305
0000327478
0000004390
0000073197
0000004477
0002097152
0000004536
0000074542
0000004555
0000334991
0000004496
0000075849
0000004553
0001577570
0000004478
0000077002
0000004514
0000340427
0000004445
0000078222
0000004414
0002097152
0000004437
0000079521
0000004481
0000348248
0000004502
0000080659
0000004494
0001594565
0000004555
0000082084
0000004629
0000354020
0000004662
0000083230
0000004689
0002097152
0000004753
0000084518
0000004892
0000361784
0000004893
0000085899
0000004983
0001610676
0000005078
0000087066
0000005190
0000367315
0000005299
0000088407
0000005385
0002097152
0000005543
0000089905
0000005692
0000375172
0000005825
0000091295
0000005993
0001625944
0000006177
0000092415
0000006341
0000381478
0000006512
0000093514
0000006723
0002097152
0000006811
0000094933
0000006950
0000389908
0000007009
0000096140
0000007089
0001640764
0000007189
0000097507
0000007200
0000395431
0000007253
0000099003
0000007281
0002097152
0000007331
0000100477
0000007412
0000403610
0000007473
0000101675
0000007514
0001655126
0000007498
0000103080
0000007521
0000409691
0000000001
0000007532
0000104375
0000007570
0002097152
0000007646
0000105719
0000007675
0000418191
0000000002
0000007783
0000000002
0000107125
0000007852
0001668905
0000007852
0000108268
0000007889
0000424083
0000007927
0000109633
0000007909
0002097152
0000007938
0000111266
0000007916
0000433037
0000007846
0000112609
0000007802
0001682154
0000007814
0000114063
0000007789
0000438711
0000007752
0000115430
0000007771
0002097152
0000007834
0000116889
0000007911
0000447644
0000007897
0000118318
0000008042
0001695014
0000008051
0000119732
0000008027
0000453695
0000008141
0000121223
0000008181
0002097152
0000008325
0000122740
0000008303
0000462356
0000008366
0000124134
0000008597
0001707391
0000008780
0000125662
0000008884
0000468046
0000009116
0000127216
0000009185
0002097152
0000009364
0000128997
0000009543
0000476991
0000009743
0000130598
0000009928
0001719323
0000010087
0000132238
0000010180
0000482821
0000010194
0000133455
0000010259
0002097152
0000010347
0000135282
0000010421
0000491892
0000010598
0000137004
0000010747
0001730608
0000010857
0000138646
0000011043
0000497506
0000011237
0000140304
0000011346
0002097152
0000011610
0000142206
0000011728
0000506441
0000011850
0000144066
0000012001
0001741664
0000012107
0000145721
0000000001
0000012198
0000000004
0000512073
0000000006
0000012398
0000000005
0000147476
0000000004
0000012576
0000000008
0002097152
0000000005
0000012786
0000000008
0000149344
0000000004
0000012957
0000000005
0000521371
0000000005
0000013051
0000000006
0000151127
0000000007
0000013225
0000000009
0001751864
0000000007
0000013363
0000000012
0000152709
0000000015
0000013609
0000000037
0000526658
0000000083
0000013751
0000000124
0000154612
0000000151
0000013969
0000000185
0002097152
0000000218
0000014259
0000000260
0000156255
0000000284
0000014403
0000000322
0000536293
0000000333
0000014697
0000000350
0000158073
0000000364
0000014980
0000000374
0001761803
0000000391
0000015237
0000000389
0000159897
0000000369
0000015478
0000000347
0000541816
0000000341
0000015671
0000000337
0000161579
0000000315
0000016003
0000000292
0002097152
0000000303
0000016296
0000000290
0000163690
0000000272
0000016620
0000000242
0000551487
0000000224
0000017041
0000000196
0000165436
0000000169
0000017370
0000000151
0001771291
0000000144
0000017719
0000000117
0000167352
0000000117
0000018088
0000000105
0000557335
0000000093
0000018394
0000000076
0000169429
0000000062
0000018663
0000000065
0002097152
0000000073
0000018949
0000000061
0000171349
0000000065
0000019275
0000000055
0000566648
0000000057
0000019527
0000000063
0000173313
0000000064
0000019729
0000000064
0001780654
0000000061
0000019942
0000000059
0000175142
0000000062
0000020047
0000000071
0000572148
0000000076
0000020278
0000000086
0000177266
0000000074
0000020500
0000000077
0002097152
0000000060
0000020729
0000000054
0000179521
0000000046
0000020910
0000000028
0000581752
0000000010
0000021225
0000000005
0000181335
0000000001
0000021396
0000000002
0001789284
0000000003
0000021656
0000000003
0000183214
0000000003
0000021723
0000000002
0000587222
0000000004
0000021853
0000185307
0000021808
0002097152
0000022064
0000000001
0000187659
0000000003
0000022067
0000597179
0000000001
0000022162
0000000001
0000189502
0000000002
0000022189
0000000007
0001797706
0000000001
0000022332
0000000007
0000191436
0000000020
0000022542
0000000031
0000602421
0000000024
0000022770
0000000022
0000193452
0000000016
0000023036
0000000015
0002097152
0000000013
0000023217
0000000011
0000195795
0000000016
0000023382
0000000018
0000612348
0000000023
0000023528
0000000031
0000197701
0000000038
0000023723
0000000041
0001805829
0000000037
0000023849
0000000037
0000199580
0000000028
0000024017
0000000035
0000617962
0000000037
0000024140
0000000046
0000201654
0000000047
0000024242
0000000054
0002097152
0000000056
0000024435
0000000072
0000204008
0000000083
0000024585
0000000078
0000628180
0000000078
0000024685
0000000067
0000205926
0000000052
0000024855
0000000031
0001813437
0000000026
0000024967
0000000017
0000208128
0000000011
0000024997
0000000007
0000633999
0000000002
0000025045
0000000005
0000209952
0000000001
0000025012
0000000005
0002097152
0000000007
0000025217
0000000011
0000212485
0000000018
0000025346
0000000019
0000643718
0000000021
0000025475
0000000024
0000214518
0000000020
0000025728
0000000020
0001820744
0000000023
0000025935
0000000016
0000216404
0000000020
0000026057
0000000016
0000649126
0000000016
0000026218
0000000008
0000218420
0000000016
0000026490
0000000010
0002097152
0000000018
0000026838
0000000026
0000220647
0000000036
0000027084
0000000036
0000659192
0000000035
0000027299
0000000048
0000222660
0000000031
0000027561
0000000022
0001827920
0000000030
0000027958
0000000027
0000224319
0000000025
0000028181
0000000019
0000664621
0000000017
0000028600
0000000022
0000226314
0000000021
0000028940
0000000017
0002097152
0000000018
0000029462
0000000015
0000228561
0000000017
0000029776
0000000018
0000674564
0000000017
0000030086
0000000023
0000230401
0000000018
0000030478
0000000024
0001834684
0000000035
0000030828
0000000049
0000232420
0000000059
0000031259
0000000078
0000679701
0000000087
0000031542
0000000076
0000234616
0000000063
0000031872
0000000072
0002097152
0000000092
0000032434
0000000096
0000237126
0000000100
0000032998
0000000101
0000689781
0000000107
0000033368
0000000096
0000239037
0000000097
0000033694
0000000095
0001840949
0000000087
0000033962
0000000111
0000241056
0000000125
0000034183
0000000144
0000694860
0000000148
0000034673
0000000161
0000242930
0000000152
0000035083
0000000134
0002097152
0000000115
0000035498
0000000100
0000245428
0000000100
0000035925
0000000111
0000704652
0000000125
0000036205
0000000123
0000247271
0000000134
0000036548
0000000151
0001847089
0000000168
0000036958
0000000193
0000249395
0000000203
0000037312
0000000228
0000709786
0000000233
0000037610
0000000261
0000251385
0000000297
0000037929
0000000322
0002097152
0000000349
0000038414
0000000362
0000253957
0000000383
0000038918
0000000389
0000719476
0000000388
0000039336
0000000381
0000255951
0000000378
0000039753
0000000378
0001852871
0000000373
0000040257
0000000376
0000257665
0000000375
0000040593
0000000374
0000724148
0000000380
0000041026
0000000377
0000259716
0000000385
0000041405
0000000379
0002097152
0000000394
0000041805
0000000384
0000262139
0000000386
0000042226
0000000399
0000734361
0000000411
0000042657
0000000427
0000264036
0000000417
0000042963
0000000414
0001858438
0000000370
0000043130
0000000323
0000265833
0000000302
0000043569
0000000286
0000739001
0000000248
0000043822
0000000232
0000267869
0000000218
0000044259
0000000203
0002097152
0000000193
0000044688
0000000193
0000270421
0000000199
0000045314
0000000197
0000749056
0000000212
0000045787
0000000198
0000272622
0000000189
0000046248
0000000194
0001863627
0000000223
0000046589
0000000244
0000274585
0000000250
0000047076
0000000278
0000753713
0000000310
0000047480
0000000327
0000276728
0000000322
0000047791
0000000351
0002097152
0000000374
0000048469
0000000389
0000279335
0000000428
0000048954
0000000414
0000762931
0000000412
0000049316
0000000418
0000281438
0000000411
0000049771
0000000408
0001868738
0000000403
0000050224
0000000388
0000283474
0000000364
0000050576
0000000371
0000767335
0000000386
0000050991
0000000416
0000285494
0000000461
0000051303
0000000509
0002097152
0000000546
0000051774
0000000602
0000288141
0000000676
0000052229
0000000752
0000777016
0000000834
0000052538
0000000928
0000290179
0000000974
0000052923
0000001009
0001873403
0000000998
0000053416
0000001008
0000292041
0000001001
0000053968
0000000985
0000781279
0000001027
0000054323
0000001056
0000294003
0000001046
0000054588
0000001059
0002097152
0000001107
0000054967
0000001167
0000296680
0000001260
0000055368
0000001383
0000791243
0000001425
0000055813
0000001486
0000298969
0000001465
0000056021
0000001449
0001877922
0000001430
0000056318
0000001380
0000301255
0000001307
0000056560
0000001283
0000795477
0000001219
0000056714
0000001171
0000303138
0000001142
0000056911
0000001114
0002097152
0000001088
0000057482
0000001030
0000305931
0000000997
0000057792
0000000952
0000805048
0000000924
0000058181
0000000901
0000307885
0000000886
0000058359
0000000898
0001882110
0000000878
0000058378
0000000832
0000309680
0000000797
0000058706
0000000752
0000809376
0000000672
0000058861
0000000648
0000311661
0000000618
0000059031
0000000587
0002097152
0000000595
0000059451
0000000589
0000314638
0000000561
0000059849
0000000523
0000818978
0000000483
0000060057
0000000466
0000316732
0000000448
0000060452
0000000431
0001886141
0000000401
0000060642
0000000401
0000318758
0000000437
0000060948
0000000440
0000822922
0000000417
0000061301
0000000437
0000320725
0000000430
0000061448
0000000417
0002097152
0000000416
0000062005
0000000450
0000323472
0000000471
0000062331
0000000498
0000832214
0000000525
0000062820
0000000552
0000325550
0000000585
0000063253
0000000606
0001889861
0000000644
0000063545
0000000655
0000327832
0000000634
0000064033
0000000648
0000835919
0000000633
0000064340
0000000659
0000329853
0000000663
0000064794
0000000647
0002097152
0000000678
0000065486
0000000677
0000332786
0000000685
0000066047
0000000696
0000845268
0000000725
0000066602
0000000740
0000334795
0000000725
0000067230
0000000701
0001893318
0000000689
0000067857
0000000682
0000336781
0000000698
0000068433
0000000740
0000848844
0000000804
0000068922
0000000859
0000338876
0000000925
0000069354
0000000993
0002097152
0000001079
0000070036
0000001099
0000341895
0000001152
0000070625
0000001194
0000857969
0000001212
0000071154
0000001228
0000343909
0000001260
0000071498
0000001263
0001896695
0000001237
0000071868
0000001180
0000345838
0000001119
0000072263
0000001130
0000861605
0000001084
0000072761
0000001048
0000347824
0000001023
0000073057
0000000986
0002097152
0000001012
0000073540
0000001024
0000350859
0000001004
0000073778
0000000970
0000870693
0000000970
0000074167
0000000934
0000352567
0000000912
0000074570
0000000880
0001899635
0000000859
0000075110
0000000847
0000354472
0000000842
0000075524
0000000869
0000874245
0000000918
0000075926
0000000971
0000356485
0000001058
0000076293
0000001157
0002097152
0000001282
0000077100
0000001564
0000359489
0000001897
0000077699
0000002221
0000883345
0000002600
0000078369
0000002912
0000361668
0000003134
0000079149
0000003318
0001902319
0000003441
0000079820
0000003534
0000363432
0000003625
0000080302
0000003761
0000886856
0000003860
0000080893
0000003925
0000365305
0000004021
0000081538
0000004103
0002097152
0000004304
0000082420
0000004439
0000368096
0000004586
0000082908
0000004710
0000896085
0000004764
0000083453
0000004820
0000369935
0000004829
0000083855
0000004863
0001904906
0000004923
0000084392
0000004988
0000372001
0000005129
0000084759
0000005233
0000899472
0000005374
0000085197
0000005507
0000373808
0000005641
0000085797
0000005799
0002097152
0000005979
0000086573
0000006099
0000376706
0000006229
0000087216
0000006375
0000908031
0000006509
0000087744
0000006568
0000378490
0000006619
0000088361
0000006650
0001907268
0000006737
0000088910
0000006831
0000380513
0000006876
0000089448
0000006871
0000910876
0000006813
0000089947
0000006730
0000382561
0000006647
0000090401
0000006577
0002097152
0000006565
0000091310
0000006521
0000385536
0000006444
0000091942
0000006371
0000919529
0000006264
0000092561
0000006092
0000387269
0000005914
0000093165
0000005749
0001909524
0000005583
0000093799
0000005414
0000389075
0000005202
0000094511
0000004995
0000922212
0000004859
0000094953
0000004622
0000390783
0000004395
0000095513
0000004127
0002097152
0000004156
0000096357
0000004105
0000393760
0000004030
0000097014
0000004007
0000930686
0000003975
0000097496
0000003903
0000395408
0000003747
0000097995
0000003656
0001911423
0000003585
0000098471
0000003428
0000397453
0000003344
0000098989
0000003218
0000933258
0000003019
0000099472
0000002798
0000399129
0000002629
0000099932
0000002420
0002097152
0000002356
0000100613
0000002250
0000402020
0000002127
0000101301
0000002041
0000941714
0000001963
0000101866
0000001817
0000403764
0000001747
0000102267
0000001693
0001912969
0000001651
0000102531
0000001572
0000405598
0000001551
0000102756
0000001520
0000943636
0000001528
0000102962
0000001513
0000407456
0000001532
0000103208
0000001591
0002097152
0000001680
0000103834
0000001757
0000410371
0000001775
0000103991
0000001837
0000951566
0000001858
0000104172
0000001916
0000411826
0000002006
0000104261
0000002064
0001914416
0000002142
0000104356
0000002173
0000413764
0000002235
0000104329
0000002236
0000953873
0000002231
0000104371
0000002187
0000415509
0000002176
0000104265
0000002128
0002097152
0000002160
0000104777
0000002161
0000418608
0000002193
0000104970
0000002151
0000961788
0000002123
0000104973
0000002152
0000420737
0000002273
0000105291
0000002297
0001915778
0000002352
0000105409
0000002406
0000422497
0000002379
0000105480
0000002366
0000963757
0000002455
0000105415
0000002533
0000423956
0000002615
0000105386
0000002695
0002097152
0000002805
0000105694
0000002820
0000426784
0000002853
0000105798
0000002837
0000971666
0000002868
0000105924
0000002935
0000428511
0000003017
0000106130
0000003070
0001916967
0000003121
0000106129
0000003120
0000430447
0000003171
0000106254
0000003173
0000973570
0000003140
0000106372
0000003082
0000432160
0000003038
0000106325
0000002949
0002097152
0000002965
0000106804
0000002926
0000435210
0000002912
0000107219
0000002963
0000981312
0000003017
0000107559
0000003046
0000436885
0000003093
0000108042
0000003169
0001917565
0000003269
0000108388
0000003349
0000438629
0000003468
0000108662
0000003521
0000983169
0000003635
0000108805
0000003723
0000440192
0000003841
0000109174
0000003869
0002097152
0000004018
0000109829
0000004121
0000442885
0000004225
0000110218
0000004310
0000990153
0000004422
0000110582
0000004492
0000444606
0000004549
0000111131
0000004626
0001918233
0000004667
0000111543
0000004694
0000446096
0000004782
0000111869
0000004844
0000991586
0000004882
0000112569
0000004827
0000447640
0000004772
0000112904
0000004715
0002097152
0000004675
0000113548
0000004658
0000450512
0000004644
0000113983
0000004684
0000998840
0000004750
0000114170
0000004834
0000452094
0000004895
0000114314
0000004982
0001918854
0000005083
0000114498
0000005130
0000453887
0000005115
0000114743
0000005069
0001000096
0000005002
0000114985
0000004984
0000455618
0000005003
0000115229
0000005027
0002097152
0000005166
0000116118
0000005314
0000458663
0000005416
0000116592
0000005447
0001007062
0000005533
0000117207
0000005574
0000459968
0000005649
0000117551
0000005643
0001919308
0000005664
0000118198
0000005644
0000461523
0000005715
0000118525
0000005702
0001008461
0000005752
0000118848
0000005722
0000463331
0000005717
0000119022
0000005732
0002097152
0000005881
0000119943
0000005945
0000466587
0000005978
0000120388
0000006019
0001014984
0000005970
0000120881
0000005878
0000468073
0000005812
0000121399
0000005708
0001919254
0000005702
0000121801
0000005692
0000469805
0000005706
0000122108
0000005663
0001016309
0000005611
0000122404
0000005570
0000471390
0000005545
0000122573
0000005504
0002097152
0000005529
0000123192
0000005575
0000474501
0000005684
0000123592
0000005740
0001023161
0000005720
0000123847
0000005738
0000476069
0000005753
0000124036
0000005879
0001918834
0000005915
0000124434
0000006013
0000477847
0000006045
0000124701
0000006073
0001024101
0000006189
0000124887
0000006222
0000479124
0000006219
0000125068
0000006194
0002097152
0000006212
0000125731
0000006148
0000482044
0000006077
0000126162
0000006016
0001030918
0000005993
0000126535
0000005888
0000483457
0000005802
0000126948
0000005654
0001918282
0000005654
0000127451
0000005626
0000484732
0000005565
0000127786
0000005493
0001031792
0000005427
0000127930
0000005316
0000486187
0000005322
0000128009
0000005286
0002097152
0000005345
0000128769
0000005370
0000488967
0000005397
0000129250
0000005483
0001038062
0000005518
0000129636
0000005555
0000490305
0000005589
0000129930
0000005540
0001917583
0000005528
0000130207
0000005542
0000491867
0000005568
0000130470
0000005584
0001038881
0000005595
0000130854
0000005644
0000492932
0000005661
0000131228
0000005686
0002097152
0000005842
0000132067
0000005935
0000496179
0000006059
0000132692
0000006106
0001045049
0000006149
0000133194
0000006171
0000497305
0000006244
0000133636
0000006351
0001916708
0000006435
0000134088
0000006408
0000498895
0000006365
0000134524
0000006375
0001045492
0000006445
0000134636
0000006437
0000500452
0000006417
0000134864
0000006419
0002097152
0000006477
0000135499
0000006598
0000503531
0000006725
0000135951
0000006826
0001051501
0000006953
0000136385
0000007104
0000504684
0000007280
0000136846
0000007421
0001915614
0000007568
0000137183
0000007733
0000506130
0000007786
0000137525
0000007885
0001051800
0000008061
0000137675
0000008078
0000507650
0000008114
0000137787
0000008056
0002097152
0000008154
0000138353
0000008207
0000510861
0000008203
0000138689
0000008253
0001057527
0000008251
0000139040
0000008255
0000512319
0000008216
0000139522
0000008089
0001914262
0000007980
0000139809
0000007880
0000513572
0000007738
0000139926
0000007659
0001058092
0000007541
0000140269
0000007372
0000514934
0000007345
0000140545
0000007279
0002097152
0000007262
0000141361
0000007241
0000517944
0000007190
0000141764
0000007108
0001063369
0000007032
0000142395
0000006933
0000519417
0000006908
0000143067
0000006926
0001912452
0000007006
0000143465
0000006986
0000520616
0000006971
0000143882
0000007022
0001063674
0000007092
0000144603
0000007107
0000521406
0000007228
0000144995
0000007322
0002097152
0000007521
0000145844
0000007720
0000524457
0000007846
0000146436
0000007913
0001068842
0000008076
0000146957
0000008257
0000525741
0000008362
0000147459
0000008452
0001910603
0000008498
0000148052
0000008404
0000526721
0000008392
0000148468
0000008342
0001068884
0000008349
0000148838
0000008285
0000527767
0000008239
0000149020
0000008175
0002097152
0000008230
0000149811
0000008266
0000530588
0000008195
0000150292
0000008226
0001073943
0000008172
0000150828
0000008188
0000531577
0000008206
0000151404
0000008167
0001908505
0000008111
0000151819
0000008058
0000532289
0000008030
0000152192
0000008022
0001073946
0000008039
0000152653
0000008050
0000532967
0000008165
0000153123
0000008214
0002097152
0000008407
0000154299
0000008522
0000535928
0000008635
0000154904
0000008765
0001078696
0000008885
0000155486
0000009004
0000536898
0000009136
0000156087
0000009256
0001906007
0000009269
0000156546
0000009288
0000537937
0000009286
0000156852
0000009159
0001078738
0000009064
0000157333
0000008952
0000538931
0000008812
0000157658
0000008637
0002097152
0000008596
0000158631
0000008487
0000541501
0000008478
0000159186
0000008493
0001083410
0000008488
0000159667
0000008515
0000542386
0000008562
0000160101
0000008568
0001903199
0000008619
0000160671
0000008696
0000543287
0000008800
0000161017
0000008897
0001083283
0000008956
0000161296
0000009035
0000544084
0000009089
0000161680
0000009185
0002097152
0000009399
0000162445
0000009504
0000546380
0000009626
0000163119
0000009845
0001088205
0000010110
0000163586
0000010329
0000547557
0000010613
0000163969
0000010804
0001900248
0000010963
0000163923
0000011086
0000548490
0000011291
0000164058
0000011513
0001087477
0000011689
0000164086
0000011798
0000549130
0000011949
0000164107
0000012053
0002097152
0000012252
0000164630
0000012476
0000551565
0000012690
0000164677
0000012969
0001091715
0000013278
0000164779
0000013597
0000552778
0000013830
0000164837
0000013986
0001897066
0000014078
0000165032
0000014234
0000553353
0000014408
0000165015
0000014481
0001091211
0000014548
0000164947
0000014470
0000554188
0000014257
0000164737
0000014051
0002097152
0000014131
0000165158
0000014042
0000556780
0000013829
0000165296
0000013571
0001095209
0000013353
0000165238
0000013075
0000557735
0000012784
0000165034
0000012475
0001893683
0000012252
0000165153
0000012069
0000558411
0000011869
0000165150
0000011711
0001094421
0000011604
0000165228
0000011493
0000559177
0000011375
0000165358
0000011269
0002097152
0000011337
0000165923
0000011236
0000561550
0000011165
0000166243
0000010942
0001098124
0000010861
0000166468
0000010703
0000562354
0000010596
0000166801
0000010500
0001889878
0000010435
0000167100
0000010378
0000563176
0000010410
0000167413
0000010293
0001097379
0000010226
0000167735
0000010147
0000563840
0000010018
0000167782
0000009987
0002097152
0000010065
0000168248
0000010069
0000566234
0000010065
0000168472
0000010033
0001100953
0000010004
0000168909
0000009945
0000566857
0000009993
0000169308
0000009953
0001885502
0000010010
0000169585
0000010006
0000567507
0000009917
0000169847
0000009907
0001100526
0000009897
0000170017
0000009899
0000568096
0000010002
0000170327
0000010062
0002097152
0000010262
0000171120
0000010273
0000570285
0000010302
0000171583
0000010349
0001103594
0000010424
0000171838
0000010468
0000570821
0000010579
0000172269
0000010654
0001881082
0000010667
0000172694
0000010628
0000571290
0000010635
0000173096
0000010631
0001102687
0000010691
0000173355
0000010634
0000571676
0000010622
0000173375
0000010580
0002097152
0000010697
0000173968
0000010637
0000573683
0000010630
0000174226
0000010529
0001105686
0000010528
0000174473
0000010546
0000574391
0000010519
0000174627
0000010513
0001876107
0000010539
0000174846
0000010567
0000575093
0000010658
0000175152
0000010799
0001104499
0000010860
0000175391
0000010968
0000575193
0000011112
0000175491
0000011141
0002097152
0000011284
0000175978
0000011423
0000576826
0000011527
0000176253
0000011603
0001107337
0000011662
0000176087
0000011627
0000577509
0000011555
0000175998
0000011494
0001870856
0000011422
0000175977
0000011393
0000578201
0000011289
0000175765
0000011233
0001106183
0000011271
0000175662
0000011313
0000578401
0000011263
0000175528
0000011144
0002097152
0000011177
0000176095
0000011240
0000580238
0000011232
0000176216
0000011314
0001108734
0000011592
0000176277
0000011753
0000580709
0000011952
0000176476
0000012078
0001865042
0000012148
0000176674
0000012104
0000580952
0000012124
0000176609
0000012231
0001107291
0000012373
0000176672
0000012375
0000581224
0000012384
0000176485
0000012328
0002097152
0000012439
0000176951
0000012460
0000582873
0000012476
0000177252
0000012483
0001109782
0000012532
0000177485
0000012609
0000583285
0000012816
0000177656
0000012903
0001859022
0000013072
0000177818
0000013129
0000583787
0000013141
0000177904
0000013162
0001108314
0000013241
0000177901
0000013204
0000584055
0000013218
0000177636
0000013219
0002097152
0000013351
0000178153
0000013136
0000585904
0000012982
0000178354
0000012908
0001110553
0000012982
0000178417
0000013041
0000586484
0000013093
0000178855
0000013134
0001852745
0000012969
0000178794
0000012948
0000587203
0000012909
0000178705
0000012806
0001108904
0000012720
0000178795
0000012591
0000587644
0000012461
0000178876
0000012457
0002097152
0000012607
0000179600
0000012588
0000589510
0000012620
0000179649
0000012546
0001110845
0000012588
0000179993
0000012494
0000590042
0000012409
0000179997
0000012436
0001845872
0000012366
0000179674
0000012178
0000590557
0000012071
0000179447
0000011997
0001109184
0000011900
0000179166
0000011808
0000591004
0000011806
0000179177
0000011656
0002097152
0000011713
0000179720
0000011668
0000592778
0000011594
0000179757
0000011572
0001111055
0000011597
0000179931
0000011433
0000593381
0000011410
0000179882
0000011306
0001838567
0000011319
0000179976
0000011327
0000593722
0000011414
0000180043
0000011392
0001109101
0000011472
0000179911
0000011461
0000594070
0000011446
0000179721
0000011480
0002097152
0000011584
0000180388
0000011521
0000595546
0000011522
0000180558
0000011441
0001110765
0000011425
0000180504
0000011425
0000595892
0000011488
0000180381
0000011510
0001831257
0000011580
0000180278
0000011548
0000596189
0000011665
0000180088
0000011720
0001108791
0000011750
0000179731
0000011752
0000596141
0000011817
0000179564
0000011877
0002097152
0000012093
0000179900
0000012267
0000597327
0000012402
0000179845
0000012508
0001110293
0000012585
0000179659
0000012545
0000597487
0000012534
0000179746
0000012515
0001823213
0000012613
0000179620
0000012648
0000597838
0000012713
0000179581
0000012706
0001107996
0000012754
0000179701
0000012806
0000597915
0000012865
0000179674
0000012791
0002097152
0000012926
0000180366
0000012895
0000599099
0000012795
0000180358
0000012742
0001109284
0000012902
0000180585
0000013033
0000599268
0000013293
0000180606
0000013559
0001815051
0000013778
0000180567
0000014203
0000599122
0000014753
0000180566
0000015398
0001107226
0000016155
0000180565
0000016876
0000599163
0000017551
0000180628
0000017970
0002097152
0000018547
0000181326
0000018965
0000600662
0000019262
0000181817
0000019496
0001108555
0000019755
0000181958
0000019945
0000600903
0000020265
0000182302
0000020495
0001806702
0000020706
0000182503
0000020824
0000600710
0000021019
0000182530
0000021176
0001106434
0000021477
0000182690
0000021693
0000600661
0000021988
0000182873
0000022190
0002097152
0000022573
0000183580
0000022731
0000601751
0000022797
0000184057
0000022891
0001107256
0000022964
0000184389
0000022849
0000601427
0000022716
0000184614
0000022591
0001797515
0000022449
0000185075
0000022172
0000601146
0000021814
0000185245
0000021364
0001104497
0000020823
0000185237
0000020289
0000600502
0000019812
0000185473
0000019399
0002097152
0000019425
0000186240
0000018976
0000601191
0000018569
0000186655
0000018130
0001105624
0000017848
0000187050
0000017493
0000600703
0000017226
0000187415
0000016869
0001787998
0000016532
0000187606
0000016094
0000600148
0000015695
0000187792
0000015304
0001102927
0000015152
0000187837
0000014921
0000599433
0000014748
0000187744
0000014517
0002097152
0000014699
0000188196
0000014639
0000600061
0000014554
0000188497
0000014595
0001103485
0000014621
0000188607
0000014635
0000599564
0000014700
0000188755
0000014580
0001778382
0000014505
0000188924
0000014386
0000599080
0000014372
0000189035
0000014196
0001100869
0000014043
0000189100
0000013878
0000598436
0000013636
0000189069
0000013440
0002097152
0000013506
0000189517
0000013309
0000599017
0000013155
0000189830
0000013029
0001101392
0000013051
0000189925
0000012959
0000598685
0000012812
0000190178
0000012528
0001768499
0000012162
0000190208
0000011966
0000598183
0000011765
0000190480
0000011578
0001098556
0000011397
0000190436
0000011252
0000597667
0000011136
0000190376
0000010997
0002097152
0000011064
0000191031
0000010954
0000598570
0000010880
0000191173
0000010814
0001099181
0000010916
0000191165
0000010784
0000598384
0000010860
0000191169
0000010810
0001758459
0000010797
0000191147
0000010739
0000597928
0000010753
0000190981
0000010705
0001096243
0000010679
0000190915
0000010763
0000597343
0000010880
0000190668
0000010933
0002097152
0000011176
0000191672
0000011319
0000598036
0000011454
0000191543
0000011609
0001096395
0000011756
0000191440
0000011759
0000597790
0000011723
0000191230
0000011760
0001747968
0000011901
0000191149
0000011899
0000597265
0000011927
0000190848
0000012041
0001093613
0000012272
0000190769
0000012307
0000596552
0000012558
0000190315
0000012878
0002097152
0000013436
0000191239
0000013869
0000597279
0000014090
0000191321
0000014328
0001093427
0000014599
0000191435
0000014849
0000596740
0000015164
0000191284
0000015334
0001737505
0000015491
0000191209
0000015660
0000596311
0000015861
0000191198
0000015933
0001090479
0000016222
0000191286
0000016361
0000595706
0000016479
0000191383
0000016458
0002097152
0000016681
0000192341
0000016793
0000596503
0000016921
0000192697
0000016882
0001090488
0000016758
0000193044
0000016535
0000596113
0000016320
0000193156
0000016218
0001726586
0000016166
0000193271
0000016209
0000595569
0000016274
0000193405
0000016121
0001087567
0000016156
0000193304
0000016095
0000595032
0000016079
0000193333
0000015967
0002097152
