1.0042
1.0042
1.18254
1.18253
1.1945
1.19408
1.18927
1.18919
1.19389
1.18906
1.19386
1.18993
1.18993
1.2016
1.20312
1.20319
1.20323
1.21146
1.20448
1.21843
1.2231
1.22311
1.20522
1.20532
1.21214
1.21213
1.2122
1.21217
1.21199
1.21191
1.22528
1.22693
1.21931
1.22597
1.22539
1.21765
1.21706
1.22336
1.23682
1.2365
1.23601
1.23245
1.23509
1.21486
1.22253
1.22218
1.2334
1.23308
1.22125
1.22084
1.22052
1.22038
1.22015
1.24005
1.23979
1.23369
1.21133
1.2245
1.22408
1.22369
1.22345
1.22198
1.22171
1.22148
1.2276
1.2213
1.21574
1.216
1.21608
1.21637
1.22083
1.22319
1.21648
1.21629
1.2218
1.22134
1.22615
1.21274
1.20787
1.21217
1.21194
1.21159
1.21417
1.21358
1.21358
1.21315
1.21295
1.21295
1.21295
1.2122
1.21204
1.21204
1.21204
1.21149
1.20451
1.20451
1.20451
1.21352
1.21011
1.21011
1.21011
1.20958
1.20938
1.20938
1.20938
1.20868
1.2085
1.2085
1.2085
1.23596
1.20775
1.20775
1.20775
1.20757
1.2112
1.2112
1.2112
1.2112
1.2345
1.23459
1.23459
1.23459
1.23459
1.23459
1.23459
1.23459
1.23386
1.23373
1.23373
1.23373
1.23373
1.19453
1.19197
1.19197
1.19197
1.23285
1.23276
1.23276
1.23276
1.23265
1.23251
1.23251
1.23251
1.23218
1.23204
1.23204
1.23204
1.23167
1.19128
1.19128
1.19128
1.20934
1.22366
1.22366
1.22366
1.23102
1.22313
1.22313
1.22313
1.20859
1.20847
1.20847
1.20847
1.20847
1.20847
1.20847
1.20847
1.20787
1.20784
1.20784
1.20784
1.20784
1.20073
1.20065
1.20065
1.20065
1.20065
1.20065
1.20065
1.20065
1.20705
1.2002
1.2002
1.2002
1.2002
1.2002
1.2002
1.2002
1.19946
1.19933
1.19933
1.19933
1.19933
1.19933
1.19933
1.19933
1.19856
1.18938
1.18938
1.18938
1.18938
1.18938
1.18938
1.18938
1.1884
1.17924
1.17924
1.17924
1.17924
1.17924
1.17924
1.17924
1.17828
1.17035
1.17035
1.17035
1.17035
1.17035
1.17035
1.17035
1.16891
1.16887
1.16887
1.16887
1.16887
1.16887
1.16887
1.16887
1.16766
1.13588
1.13588
1.13588
1.13588
1.13588
1.13588
1.13588
1.13486
1.13458
1.13458
1.13458
1.13458
1.13458
1.13458
1.13458
1.1245
1.11644
1.11644
1.11644
1.11644
1.11644
1.11644
1.11644
1.11554
1.11255
1.11255
1.11255
1.11255
1.11255
1.11255
1.11255
1.11121
1.10481
1.10481
1.10481
1.10481
1.10481
1.10481
1.10481
1.10951
1.10316
1.10316
1.10316
1.10316
1.10316
1.10316
1.10316
1.10748
1.10097
1.10097
1.10097
1.10097
1.10097
1.10097
1.10097
1.09927
1.09892
1.09892
1.09892
1.09892
1.09892
1.09892
1.09892
1.105
1.10484
1.10484
1.10484
1.10484
1.10484
1.10484
1.10484
1.10304
1.10278
1.10278
1.10278
1.10278
1.10278
1.10278
1.10278
1.10088
1.10062
1.10062
1.10062
1.10062
1.10062
1.10062
1.10062
1.09846
1.09993
1.09993
1.09993
1.09993
1.09929
1.09929
1.09929
1.10355
1.10318
1.10318
1.10318
1.10884
1.10884
1.10884
1.10884
1.10779
1.10672
1.10672
1.10672
1.10609
1.10609
1.10609
1.10609
1.10551
1.11183
1.11183
1.11183
1.11154
1.11154
1.11154
1.11154
1.11102
1.11087
1.11087
1.11087
1.11046
1.11046
1.11046
1.11046
1.12183
1.12173
1.12173
1.12173
1.12122
1.12122
1.12122
1.12122
1.12054
1.13498
1.13498
1.13498
1.13438
1.13438
1.13438
1.13438
1.13373
1.13351
1.13351
1.13351
1.13292
1.13292
1.13292
1.13292
1.13213
1.14079
1.14079
1.14079
1.14861
1.14861
1.14861
1.14861
1.14796
1.14758
1.14758
1.14758
1.14725
1.14725
1.14725
1.14725
1.14659
1.14636
1.14636
1.14636
1.15497
1.15497
1.15497
1.15497
1.15459
1.14505
1.14505
1.14505
1.14427
1.14427
1.14427
1.14427
1.1434
1.15237
1.15237
1.15237
1.15193
1.15193
1.15193
1.15193
1.15112
1.1508
1.1508
1.1508
1.15016
1.15016
1.15016
1.15016
1.14934
1.14926
1.14926
1.14926
1.14859
1.14859
1.14859
1.14859
1.14769
1.14743
1.14743
1.14743
1.14699
1.14699
1.14699
1.14699
1.14629
1.15575
1.15575
1.15575
1.15524
1.15524
1.15524
1.15524
1.15453
1.15421
1.15421
1.15421
1.15352
1.15352
1.15352
1.15352
1.15262
1.15257
1.15257
1.15257
1.15199
1.15199
1.15199
1.15199
1.15199
1.16307
1.16811
1.16811
1.16811
1.16811
1.16811
1.16811
1.16811
1.17389
1.17389
1.17389
1.17389
1.17389
1.17389
1.17389
1.17389
1.16095
1.16695
1.16695
1.16695
1.16695
1.16695
1.16695
1.16695
1.17055
1.17055
1.17055
1.17055
1.17055
1.16576
1.17601
1.17601
1.17601
1.17601
1.1748
1.1748
1.1748
1.1748
1.1748
1.1748
1.1748
1.1748
1.1734
1.20168
1.20168
1.20168
1.20168
1.20168
1.20168
1.20168
1.18192
1.18192
1.18192
1.18192
1.18192
1.18192
1.18192
1.18192
1.18022
1.20314
1.20314
1.20314
1.20314
1.20314
1.20314
1.20314
1.20166
1.20166
1.20166
1.20166
1.20166
1.20166
1.20166
1.20166
1.18608
1.19003
1.19003
1.19003
1.19003
1.19003
1.19003
1.19003
1.1884
1.1884
1.1884
1.1884
1.1884
1.1884
1.1884
1.2049
1.19745
1.19745
1.19745
1.19745
1.19745
1.19745
1.19745
1.20541
1.20541
1.20541
1.20541
1.20541
1.20541
1.20541
1.20541
1.18768
1.20747
1.20747
1.20747
1.20747
1.20747
1.20747
1.20747
1.20573
1.20573
1.20573
1.20573
1.20573
1.20573
1.20573
1.19084
1.19957
1.19957
1.19957
1.19957
1.19957
1.19957
1.19827
1.19827
1.19827
1.19827
1.19827
1.19827
1.19827
1.19827
1.21236
1.22728
1.22728
1.22728
1.22728
1.22728
1.22728
1.22728
1.21443
1.21443
1.21443
1.21443
1.21443
1.21443
1.21443
1.21443
1.23087
1.23975
1.23975
1.23975
1.23975
1.23975
1.23975
1.23975
1.23793
1.23793
1.23793
1.23793
1.23793
1.23793
1.23793
1.23793
1.23616
1.2092
1.2092
1.2092
1.2092
1.2092
1.2092
1.2092
1.20772
1.20772
1.20772
1.20772
1.20772
1.20772
1.20772
1.20772
1.20607
1.20596
1.20596
1.20596
1.20596
1.20596
1.20596
1.20596
1.2048
1.2048
1.2048
1.2048
1.2048
1.2048
1.2048
1.2048
1.25101
1.21184
1.21184
1.21184
1.21184
1.21184
1.21184
1.21184
1.2103
1.2103
1.2103
1.2103
1.2103
1.2103
1.2103
1.2103
1.24893
1.2191
1.2191
1.2191
1.2191
1.2191
1.2191
1.2191
1.21768
1.21768
1.21768
1.21768
1.21768
1.21768
1.21768
1.21768
1.21625
1.25079
1.25079
1.25079
1.25079
1.25079
1.25079
1.25079
1.2494
1.2494
1.2494
1.2494
1.2494
1.2494
1.2494
1.2494
1.25177
1.25565
1.25565
1.25565
1.25565
1.25565
1.25565
1.25565
1.25156
1.25156
1.25156
1.25156
1.25156
1.25156
1.25156
1.25156
1.25392
1.25258
1.25258
1.25258
1.25258
1.25258
1.25258
1.25258
1.26242
1.26242
1.26242
1.26242
1.26242
1.26242
1.26085
1.26085
1.26045
1.26025
1.26025
1.26025
1.26025
1.26025
1.25908
1.25908
1.25862
1.25862
1.25862
1.25862
1.25862
1.25862
1.25714
1.25714
1.26108
1.26997
1.26997
1.26997
1.26997
1.26997
1.2832
1.2832
1.28262
1.28262
1.28262
1.28262
1.28262
1.28262
1.2897
1.2897
1.27936
1.27654
1.27654
1.27654
1.28828
1.28828
1.28828
1.28828
1.28737
1.28737
1.28737
1.28737
1.28622
1.28622
1.28622
1.28622
1.28505
1.28479
1.28479
1.28479
1.28394
1.28394
1.28394
1.28394
1.29369
1.29369
1.29369
1.29369
1.29239
1.29239
1.29239
1.29239
1.29106
1.29079
1.29079
1.29079
1.3008
1.3008
1.3008
1.3008
1.29974
1.29974
1.29974
1.29974
1.26361
1.26361
1.26361
1.26361
1.24727
1.26041
1.26041
1.26041
1.28104
1.28104
1.28104
1.28104
1.25838
1.25838
1.25838
1.25838
1.25862
1.25862
1.25862
1.25862
1.26353
1.26315
1.26315
1.26315
1.26237
1.26237
1.26237
1.26237
1.27333
1.27333
1.27333
1.27333
1.2608
1.2608
1.2608
1.2608
1.25943
1.27345
1.27345
1.27345
1.27751
1.27751
1.27751
1.27751
1.27185
1.27185
1.27185
1.27185
1.27629
1.27629
1.27629
1.27629
1.27562
1.27544
1.27544
1.27544
1.27519
1.27519
1.27519
1.27519
1.27435
1.27435
1.27435
1.27435
1.31128
1.31128
1.31128
1.31128
1.31664
1.31645
1.31645
1.31645
1.31607
1.31607
1.31607
1.31607
1.31548
1.31548
1.31548
1.31548
1.32909
1.32909
1.32909
1.32909
1.32828
1.32756
1.32756
1.32756
1.32088
1.32088
1.32088
1.32088
1.32732
1.32732
1.32732
1.32732
1.34535
1.34535
1.34535
1.34535
1.35976
1.34395
1.34395
1.34395
1.32538
1.32538
1.32538
1.32538
1.34904
1.34904
1.34904
1.34904
1.36548
1.36548
1.36548
1.36548
1.37167
1.34004
1.34004
1.34004
1.34717
1.34717
1.34717
1.34717
1.34662
1.34662
1.34662
1.34662
1.3828
1.3828
1.3828
1.3828
1.37132
1.34529
1.34529
1.34529
1.36998
1.36998
1.36998
1.36998
1.36169
1.36169
1.36169
1.36169
1.38245
1.38245
1.38245
1.38245
1.38179
1.36026
1.36026
1.36026
1.38141
1.38141
1.38141
1.38141
1.38118
1.38118
1.38118
1.38118
1.38089
1.38089
1.38089
1.38089
1.38065
1.3806
1.3806
1.3806
1.37994
1.37994
1.37994
1.37994
1.39418
1.39418
1.39418
1.39418
1.39374
1.39374
1.39374
1.39374
1.3933
1.38332
1.38332
1.38332
1.39308
1.39308
1.39308
1.39308
1.3851
1.3851
1.3851
1.3851
1.3775
1.3775
1.3775
1.3775
1.39165
1.39157
1.39157
1.39157
1.39136
1.39136
1.39136
1.39136
1.37604
1.37604
1.37604
1.37604
1.37566
1.37566
1.37566
1.37566
1.37505
1.39014
1.39014
1.39014
1.37489
1.37489
1.37489
1.37489
1.38953
1.38953
1.38953
1.38953
1.40971
1.40971
1.40971
1.40971
1.38884
1.37338
1.37338
1.37338
1.37791
1.37791
1.37791
1.37791
1.38783
1.38783
1.38783
1.38783
1.40562
1.40562
1.40562
1.40562
1.40704
1.38721
1.38721
1.38721
1.40535
1.40535
1.40535
1.40535
1.40649
1.40649
1.40649
1.40649
1.40582
1.40582
1.40582
1.40582
1.40582
1.40556
1.38773
1.38773
1.38773
1.40547
1.40547
1.40547
1.40547
1.40547
1.40547
1.40495
1.40495
1.40495
1.40495
1.40446
1.40446
1.40446
1.40446
1.40381
1.40381
1.40381
1.40381
1.40343
1.40343
1.40343
1.40343
1.40685
1.40685
1.40685
1.40685
1.40573
1.40573
1.40573
1.40573
1.40436
1.40207
1.40207
1.40207
1.40173
1.40173
1.40173
1.40173
1.40649
1.40649
1.40649
1.40649
1.40489
1.40489
1.40489
1.40489
1.40356
1.39993
1.39993
1.39993
1.39946
1.39946
1.39946
1.39946
1.3989
1.3989
1.3989
1.3989
1.39787
1.39787
1.39787
1.39787
1.44656
1.43216
1.43216
1.43216
1.44548
1.44548
1.44548
1.44548
1.39572
1.39572
1.39572
1.39572
1.44308
1.44308
1.44308
1.44308
1.44148
1.42989
1.42989
1.42989
1.40971
1.40971
1.40971
1.40971
1.46928
1.46928
1.46928
1.46928
1.47331
1.47331
1.47331
1.47331
1.44435
1.46895
1.46895
1.46895
1.47519
1.47519
1.47519
1.47519
1.44196
1.44196
1.44196
1.44196
1.44196
1.44196
1.44078
1.44078
1.44078
1.44078
1.44078
1.44078
1.44078
1.44078
1.43694
1.46346
1.46346
1.46346
1.46346
1.46346
1.46346
1.46346
1.43549
1.43549
1.43549
1.43549
1.43549
1.43549
1.43549
1.43549
1.42593
1.42593
1.42593
1.42593
1.42593
1.42593
1.42593
1.42593
1.42528
1.42528
1.42528
1.42528
1.42528
1.42528
1.42528
1.42528
1.50072
1.47964
1.47964
1.47964
1.47964
1.47964
1.47964
1.47964
1.49944
1.49944
1.49944
1.49944
1.49944
1.49944
1.49944
1.49944
1.51495
1.51495
1.51495
1.51495
1.51495
1.51495
1.51495
1.51495
1.49747
1.49747
1.49747
1.49747
1.49747
1.49747
1.49747
1.49747
1.50134
1.47459
1.47459
1.47459
1.47459
1.47459
1.47459
1.47459
1.50839
1.50839
1.50839
1.50839
1.50839
1.50839
1.50839
1.50839
1.53214
1.53214
1.53214
1.53214
1.53214
1.53214
1.53214
1.53214
1.54398
1.54398
1.54398
1.54398
1.54398
1.54398
1.54398
1.54398
1.55325
1.5155
1.5155
1.5155
1.5155
1.5155
1.5155
1.56273
1.56259
1.56259
1.56259
1.56259
1.56259
1.56259
1.56825
1.56825
1.54527
1.54527
1.54527
1.54527
1.54527
1.54527
1.57454
1.57454
1.55835
1.55835
1.55835
1.55835
1.55835
1.55835
1.60985
1.60985
1.57219
1.55649
1.55649
1.55649
1.55649
1.55649
1.60776
1.60776
1.57007
1.57007
1.57007
1.57007
1.57007
1.57007
1.65063
1.65063
1.60437
1.60437
1.60437
1.60437
1.60437
1.60437
1.65652
1.65652
1.61259
1.61259
1.61259
1.61259
1.66603
1.61095
1.59917
1.59917
1.59917
1.59917
1.61958
1.60013
1.60013
1.60013
1.60013
1.618
1.618
1.618
1.618
1.61702
1.61702
1.61702
1.61702
1.61168
1.61168
1.61168
1.61168
1.61092
1.61092
1.61092
1.61092
1.60986
1.60986
1.60986
1.60986
1.60904
1.59886
1.59886
1.59886
1.59846
1.59846
1.59846
1.59846
1.6151
1.6151
1.6151
1.6151
1.61433
1.61433
1.61433
1.61433
1.61349
1.61349
1.61349
1.61349
1.61664
1.61664
1.61664
1.61664
1.616
1.616
1.616
1.616
1.6152
1.6152
1.6152
1.6152
1.61432
1.59283
1.59283
1.59283
1.60204
1.60204
1.60204
1.60204
1.60866
1.60866
1.60866
1.60866
1.62268
1.62268
1.62268
1.62268
1.62167
1.62167
1.62167
1.62167
1.62068
1.62068
1.62068
1.62068
1.60951
1.60951
1.60951
1.60951
1.60852
1.60852
1.60852
1.60852
1.61771
1.59904
1.59904
1.59904
1.60675
1.60675
1.60675
1.60675
1.63251
1.63251
1.63251
1.63251
1.62889
1.62889
1.62889
1.62889
1.62726
1.62726
1.62726
1.62726
1.63432
1.63432
1.63432
1.63432
1.63335
1.63335
1.63335
1.63335
1.63246
1.63246
1.63246
1.63246
1.62363
1.6132
1.6132
1.6132
1.65405
1.65405
1.65405
1.65405
1.68585
1.68585
1.68585
1.68585
1.68504
1.68504
1.68504
1.68504
1.68423
1.68423
1.68423
1.68423
1.74358
1.74358
1.74358
1.74358
1.68265
1.68265
1.68265
1.68265
1.68161
1.68161
1.68161
1.68161
1.75319
1.64853
1.64853
1.64853
1.73955
1.73955
1.73955
1.73955
1.75375
1.75375
1.75375
1.75375
1.75154
1.75154
1.75154
1.75154
1.75708
1.75708
1.75708
1.75708
1.76244
1.76244
1.76244
1.76244
1.76849
1.76849
1.76849
1.76849
1.75967
1.75967
1.75967
1.75967
1.75874
1.74605
1.74605
1.74605
1.74556
1.74556
1.74556
1.74556
1.75078
1.75078
1.75078
1.75078
1.74216
1.74216
1.74216
1.74216
1.74103
1.74103
1.74103
1.74103
1.70576
1.70576
1.70576
1.70576
1.7133
1.7133
1.7133
1.7133
1.69539
1.69539
1.69539
1.69539
1.69958
1.67853
1.67853
1.67853
1.69058
1.69058
1.69058
1.69058
1.69763
1.69763
1.69763
1.69763
1.68941
1.68941
1.68941
1.68941
1.6935
1.6935
1.6935
1.6935
1.6927
1.6927
1.6927
1.6927
1.69176
1.69176
1.69176
1.69176
1.68068
1.68068
1.68068
1.68068
1.67978
1.66313
1.66313
1.66313
1.66962
1.66962
1.66962
1.66962
1.67802
1.67802
1.67802
1.67802
1.6769
1.6769
1.6769
1.6769
1.70747
1.70747
1.70747
1.70747
1.70641
1.70641
1.70641
1.70641
1.70146
1.70146
1.70146
1.70146
1.70062
1.70062
1.70062
1.70062
1.7001
1.66295
1.66295
1.66295
1.67754
1.67754
1.67754
1.67754
1.69879
1.69879
1.69879
1.69879
1.70786
1.70786
1.70786
1.70786
1.70702
1.70702
1.70702
1.70702
1.70628
1.70628
1.70628
1.70628
1.70532
1.70532
1.70532
1.70532
1.74352
1.74352
1.74352
1.74352
1.71957
1.70277
1.70277
1.70277
1.70212
1.70212
1.70212
1.70212
1.74483
1.74483
1.74483
1.74483
1.7437
1.7437
1.7437
1.7437
1.74863
1.74863
1.74863
1.74863
1.76335
1.76335
1.76335
1.76335
1.76242
1.76242
1.76242
1.76242
1.76762
1.76762
1.76762
1.76762
1.76646
1.74487
1.74487
1.74487
1.75603
1.75603
1.75603
1.75603
1.76654
1.76654
1.76654
1.76654
1.76546
1.76546
1.76546
1.76546
1.76457
1.76457
1.76457
1.76457
1.77475
1.77475
1.77475
1.77475
1.76221
1.76221
1.76221
1.76221
1.76109
1.76109
1.76109
1.76109
1.76553
1.74623
1.74623
1.74623
1.75417
1.75417
1.75417
1.75417
1.76312
1.76312
1.76312
1.76312
1.78218
1.78218
1.78218
1.78218
1.78101
1.78101
1.78101
1.78101
1.77386
1.77386
1.77386
1.77386
1.94913
1.94913
1.94913
1.94913
1.94791
1.94791
1.94791
1.94791
1.94656
1.89706
1.89706
1.89706
1.90448
1.90448
1.90448
1.90448
1.94408
1.94408
1.94408
1.94408
1.94319
1.94319
1.94319
1.94319
1.94742
1.94742
1.94742
1.94742
1.94934
1.94934
1.94934
1.94934
1.95232
1.95232
1.95232
1.95232
2.15924
2.15924
2.15924
2.15924
2.15793
1.89523
1.89523
1.89523
1.91461
1.91461
1.91461
1.91461
2.1713
2.1713
2.1713
2.1713
2.17007
2.17007
2.17007
2.17007
2.13748
2.13748
2.13748
2.13748
2.15926
2.15926
2.15926
2.15926
2.15784
2.15784
2.15784
2.15784
2.16714
2.16714
2.16714
2.16714
2.18352
2.16563
2.16563
2.16563
2.16924
2.16924
2.16924
2.16924
2.19174
2.19174
2.19174
2.19174
2.19077
2.19077
2.19077
2.19077
2.18951
2.18951
2.18951
2.18951
2.18987
2.18987
2.18987
2.18987
2.21754
2.21754
2.21754
2.21754
2.21609
2.21609
2.21609
2.21609
2.21451
2.18495
2.18495
2.18495
2.21326
2.21326
2.21326
2.21326
2.22859
2.22859
2.22859
2.22859
2.01015
2.01015
2.01015
2.01015
1.96136
1.96136
1.96136
1.96136
1.96014
1.96014
1.96014
1.96014
1.93445
1.93445
1.93445
1.93445
2.06694
2.06694
2.06694
2.06694
2.0591
2.03938
2.03938
2.03938
2.04745
2.04745
2.04745
2.04745
2.06345
2.06345
2.06345
2.06345
2.01634
2.01634
2.01634
2.01634
2.02805
2.02805
2.02805
2.02805
2.03221
2.03221
2.03221
2.03221
2.05058
2.05058
2.05058
2.05058
2.04941
2.04941
2.04941
2.04941
2.24953
2.00978
2.00978
2.00978
2.00887
2.00887
2.00887
2.00887
2.00479
2.00479
2.00479
2.00479
2.13786
2.13786
2.13786
2.13786
2.12776
2.12776
2.12776
2.12776
2.13698
2.13698
2.13698
2.13698
2.14536
2.14536
2.14536
2.14536
2.16251
2.16251
2.16251
2.16251
2.009
1.92032
1.92032
1.92032
1.95338
1.95338
1.95338
1.95338
1.98238
1.98238
1.98238
1.98238
2.18077
2.18077
2.18077
2.18077
2.18477
2.18477
2.18477
2.18477
2.18321
2.18321
2.18321
2.18321
2.19058
2.19058
2.19058
2.19058
2.25473
2.25473
2.25473
2.25473
2.2005
2.14642
2.14642
2.14642
2.17769
2.17769
2.17769
2.17769
2.33807
2.33807
2.33807
2.33807
2.36423
2.36423
2.36423
2.36423
2.38185
2.38185
2.38185
2.38185
2.40787
2.40787
2.40787
2.40787
2.45416
2.45416
2.45416
2.45416
2.53831
2.53831
2.53831
2.53831
2.51512
2.33966
2.33966
2.33966
2.45288
2.45288
2.45288
2.45288
2.57558
2.57558
2.57558
2.57558
2.64388
2.64388
2.64388
2.64388
2.60684
2.60684
2.60684
2.60684
2.44344
2.44344
2.44344
2.44344
2.41737
2.41737
2.41737
2.41737
2.35323
2.35323
2.35323
2.35323
2.33133
2.25711
2.25711
2.25711
2.28036
2.28036
2.28036
2.28036
2.3094
2.3094
2.3094
2.3094
1.8728
1.8728
1.8728
1.8728
2.30133
2.30133
2.30133
2.30133
2.28983
2.28983
2.28983
2.28983
2.24998
2.24998
2.24998
2.24998
2.24907
2.24907
2.24907
2.24907
2.22192
2.21655
2.21655
2.21655
2.14853
2.14853
2.14853
2.14853
2.23128
2.23128
2.23128
2.23128
2.21758
2.21758
2.21758
2.21758
2.21638
2.21638
2.21638
2.21638
2.21533
2.21533
2.21533
2.21533
2.21445
2.21445
2.21445
2.21445
2.21339
2.21339
2.21339
2.21339
2.21242
2.1413
2.1413
2.1413
2.1637
2.1637
2.1637
2.1637
2.21004
2.21004
2.21004
2.21004
2.22049
2.22049
2.22049
2.22049
2.23247
2.23247
2.23247
2.23247
1.89281
1.89281
1.89281
1.89281
1.89188
1.89188
1.89188
1.89188
1.90295
1.90295
1.90295
1.90295
2.25313
2.21394
2.21394
2.21394
2.15474
2.15474
2.15474
2.15474
2.25098
2.25098
2.25098
2.25098
2.22409
2.22409
2.22409
2.22409
2.22316
2.22316
2.22316
2.22316
2.22224
2.22224
2.22224
2.22224
2.24664
2.24664
2.24664
2.24664
2.24553
2.24553
2.24553
2.24553
2.24432
2.0948
2.0948
2.0948
2.06779
2.06779
2.06779
2.06779
2.08121
2.08121
2.08121
2.08121
2.24037
2.24037
2.24037
2.24037
2.07631
2.07631
2.07631
2.07631
2.13966
2.13966
2.13966
2.13966
2.13789
2.13789
2.13789
2.13789
2.07365
2.07365
2.07365
2.07365
2.10716
2.10736
2.10736
2.10736
2.10548
2.10548
2.10548
2.10548
2.13489
2.13489
2.13489
2.13489
2.16098
2.16098
2.16098
2.16098
2.15938
2.15938
2.15938
2.15938
2.1577
2.1577
2.1577
2.1577
2.27428
2.27428
2.27428
2.27428
2.27257
2.27257
2.27257
2.27257
2.27112
2.16972
2.16972
2.16972
2.26962
2.26962
2.26962
2.26962
2.28624
2.28624
2.28624
2.28624
2.28505
2.28505
2.28505
2.28505
2.29503
2.29503
2.29503
2.29503
2.28241
2.28241
2.28241
2.28241
2.28117
2.28117
2.28117
2.28117
2.27998
2.27998
2.27998
2.27998
2.16676
2.13074
2.13074
2.13074
2.14175
2.14175
2.14175
2.14175
2.2569
2.2569
2.2569
2.2569
2.25574
2.25574
2.25574
2.25574
2.25441
2.25441
2.25441
2.25441
2.2532
2.2532
2.2532
2.2532
2.13548
2.13548
2.13548
2.13548
2.13402
2.13402
2.13402
2.13402
2.15221
2.17178
2.17178
2.17178
2.13127
2.13127
2.13127
2.13127
2.14905
2.14905
2.14905
2.14905
2.19212
2.19212
2.19212
2.19212
2.19012
2.19012
2.19012
2.19012
2.18889
2.18889
2.18889
2.18889
2.21001
2.21001
2.21001
2.21001
2.20815
2.20815
2.20815
2.20815
2.22948
2.2043
2.2043
2.2043
2.1882
2.1882
2.1882
2.1882
2.24605
2.24605
2.24605
2.24605
2.26947
2.26947
2.26947
2.26947
2.26477
2.26477
2.26477
2.26477
2.26328
2.26328
2.26328
2.26328
2.26479
2.26479
2.26479
2.26479
2.26012
2.26012
2.26012
2.26012
2.25861
2.11
2.11
2.11
2.24193
2.24193
2.24193
2.24193
2.24974
2.24974
2.24974
2.24974
2.22871
2.22871
2.22871
2.22871
2.22714
2.22714
2.22714
2.22714
2.25792
2.25792
2.25792
2.25792
2.25664
2.25664
2.25664
2.25664
2.25513
2.25513
2.25513
2.25513
2.25392
2.20891
2.20891
2.20891
2.24986
2.24986
2.24986
2.24986
2.25194
2.25194
2.25194
2.25194
2.27153
2.27153
2.27153
2.27153
2.24944
2.24944
2.24944
2.24944
2.26846
2.26846
2.26846
2.26846
2.26726
2.26726
2.26726
2.26726
2.26593
2.26593
2.26593
2.26593
2.27672
2.21092
2.21092
2.21092
2.24231
2.24231
2.24231
2.24231
2.31351
2.31351
2.31351
2.31351
2.31245
2.31245
2.31245
2.31245
2.3363
2.3363
2.3363
2.3363
2.32974
2.32974
2.32974
2.32974
2.3286
2.3286
2.3286
2.3286
2.32759
2.32759
2.32759
2.32759
2.32678
2.23447
2.23447
2.23447
2.30315
2.30315
2.30315
2.30315
2.32457
2.32457
2.32457
2.32457
2.32344
2.32344
2.32344
2.32344
2.32234
2.32234
2.32234
2.32234
2.32124
2.32124
2.32124
2.32124
2.31996
2.31996
2.31996
2.31996
2.31905
2.31905
2.31905
2.31905
2.33133
2.22464
2.22464
2.22464
2.28728
2.28728
2.28728
2.28728
2.31763
2.31763
2.31763
2.31763
2.31697
2.31697
2.31697
2.31697
2.2861
2.2861
2.2861
2.2861
2.28534
2.28534
2.28534
2.28534
2.38026
2.38026
2.38026
2.38026
2.37198
2.37198
2.37198
2.37198
2.33223
2.278
2.278
2.278
2.29424
2.29424
2.29424
2.29424
2.32507
2.32507
2.32507
2.32507
2.32423
2.32423
2.32423
2.32423
2.32391
2.32391
2.32391
2.32391
2.29166
2.29166
2.29166
2.29166
2.29088
2.29088
2.29088
2.29088
2.80617
2.80617
2.80617
2.80617
2.76743
2.14503
2.14503
2.14503
2.74257
2.74257
2.74257
2.74257
2.7242
2.7242
2.7242
2.7242
2.72192
2.72192
2.72192
2.72192
2.20236
2.20236
2.20236
2.20236
2.75798
2.75798
2.75798
2.75798
2.75604
2.75604
2.75604
2.75604
2.76274
2.76274
2.76274
2.76274
2.75316
2.57982
2.57982
2.57982
2.72401
2.72401
2.72401
2.72401
2.74966
2.74966
2.74966
2.74966
2.74812
2.74812
2.74812
2.74812
2.74634
2.74634
2.74634
2.74634
2.74489
2.74489
2.74489
2.74489
2.74309
2.74309
2.74309
2.74309
2.67537
2.67537
2.67537
2.67537
2.66324
2.07463
2.07463
2.07463
2.07391
2.07391
2.07391
2.07391
2.68495
2.68495
2.68495
2.68495
2.68242
2.68242
2.68242
2.68242
2.08943
2.08943
2.08943
2.08943
2.67743
2.67743
2.67743
2.67743
2.59605
2.59605
2.59605
2.59605
2.1613
2.1613
2.1613
2.1613
2.56113
2.16588
2.16588
2.16588
2.18317
2.18317
2.18317
2.18317
2.62044
2.62044
2.62044
2.62044
2.60184
2.60184
2.60184
2.60184
2.64062
2.64062
2.64062
2.64062
2.69255
2.69255
2.69255
2.69255
1.96873
1.96873
1.96873
1.96873
2.74399
2.74399
2.74399
2.74399
2.72908
2.47147
2.47147
2.47147
2.60368
2.60368
2.60368
2.60368
2.77469
2.77469
2.77469
2.77469
2.74501
2.74501
2.74501
2.74501
1.90836
1.90836
1.90836
1.90836
1.93666
1.93666
1.93666
1.93666
1.93513
1.93513
1.93513
1.93513
1.93835
1.93835
1.93835
1.93835
1.93925
2.35912
2.35912
2.35912
1.9348
1.9348
1.9348
1.9348
1.93585
1.93585
1.93585
1.93585
1.93471
1.93471
1.93471
1.93471
1.94928
1.94928
1.94928
1.94928
2.3967
2.3967
2.3967
2.3967
2.50227
2.50227
2.50227
2.50227
2.50034
2.50034
2.50034
2.50034
2.03975
2.14227
2.14227
2.14227
2.2406
2.2406
2.2406
2.2406
2.16795
2.16795
2.16795
2.16795
2.07881
2.07881
2.07881
2.07881
2.07803
2.07803
2.07803
2.07803
1.9848
1.9848
1.9848
1.9848
1.98288
1.98288
1.98288
1.98288
1.9977
1.9977
1.9977
1.9977
2.04817
2.2314
2.2314
2.2314
2.35034
2.35034
2.35034
2.35034
2.15656
2.15656
2.15656
2.15656
2.20226
2.20226
2.20226
2.20226
2.24385
2.24385
2.24385
2.24385
2.2899
2.2899
2.2899
2.2899
2.28886
2.28886
2.28886
2.28886
2.28752
2.28752
2.28752
2.28752
2.28615
1.89542
1.89542
1.89542
2.25806
2.25806
2.25806
2.25806
2.01028
2.01028
2.01028
2.01028
2.02367
2.02367
2.02367
2.02367
2.04051
2.04051
2.04051
2.04051
1.83276
1.83276
1.83276
1.83276
2.07451
2.07451
2.07451
2.07451
2.07387
2.07387
2.07387
2.07387
1.9767
2.01082
2.01082
2.01082
1.98051
1.98051
1.98051
1.98051
1.90611
1.90611
1.90611
1.90611
1.97243
1.97243
1.97243
1.97243
1.97102
1.97102
1.97102
1.97102
1.8394
1.8394
1.8394
1.8394
1.866
1.866
1.866
1.866
2.05411
2.05411
2.05411
2.05411
1.86397
2.00217
2.00217
2.00217
1.899
1.899
1.899
1.899
1.85751
1.85751
1.85751
1.85751
1.85652
1.85652
1.85652
1.85652
1.8553
1.8553
1.8553
1.8553
1.85635
1.85635
1.85635
1.85635
1.85286
1.85286
1.85286
1.85286
1.85489
1.85489
1.85489
1.85489
1.9559
1.8586
1.8586
1.8586
1.86447
1.86447
1.86447
1.86447
1.95334
1.95334
1.95334
1.95334
1.96181
1.96181
1.96181
1.96181
1.96011
1.96011
1.96011
1.96011
1.879
1.879
1.879
1.879
1.97221
1.97221
1.97221
1.97221
1.97064
1.97064
1.97064
1.97064
1.9689
1.87433
1.87433
1.87433
1.83243
1.83243
1.83243
1.83243
2.20416
2.20416
2.20416
2.20416
2.20287
2.20287
2.20287
2.20287
2.20131
2.20131
2.20131
2.20131
2.19978
2.19978
2.19978
2.19978
2.26646
2.26646
2.26646
2.26646
2.37849
2.37849
2.37849
2.37849
2.46793
1.97438
1.97438
1.97438
2.02553
2.02553
2.02553
2.02553
2.54395
2.54395
2.54395
2.54395
2.18977
2.18977
2.18977
2.18977
2.067
2.067
2.067
2.067
2.1669
2.1669
2.1669
2.1669
2.15337
2.15337
2.15337
2.15337
2.13895
2.13895
2.13895
2.13895
2.13777
2.09314
2.09314
2.09314
2.01564
2.01564
2.01564
2.01564
2.02838
2.02838
2.02838
2.02838
2.06644
2.06644
2.06644
2.06644
2.11121
2.11121
2.11121
2.11121
2.0614
2.0614
2.0614
2.0614
2.06085
2.06085
2.06085
2.06085
2.15446
2.15446
2.15446
2.15446
2.06812
2.08325
2.08325
2.08325
2.09549
2.09549
2.09549
2.09549
2.03777
2.03777
2.03777
2.03777
2.09662
2.09662
2.09662
2.09662
2.09119
2.09119
2.09119
2.09119
2.08922
2.08922
2.08922
2.08922
2.06828
2.06828
2.06828
2.06828
2.06763
2.06763
2.06763
2.06763
2.05713
2.05038
2.05038
2.05038
2.04677
2.04677
2.04677
2.04677
2.06328
2.06328
2.06328
2.06328
2.06171
2.06171
2.06171
2.06171
2.06023
2.06023
2.06023
2.06023
2.05891
2.05891
2.05891
2.05891
2.05699
2.05699
2.05699
2.05699
2.03766
2.03766
2.03766
2.03766
2.03625
2.02481
2.02481
2.02481
2.03191
2.03191
2.03191
2.03191
2.03339
2.03339
2.03339
2.03339
2.10147
2.10147
2.10147
2.10147
2.10056
2.10056
2.10056
2.10056
2.08295
2.08295
2.08295
2.08295
2.12381
2.12381
2.12381
2.12381
2.09743
2.09743
2.09743
2.09743
2.10962
2.01227
2.01227
2.01227
2.12119
2.12119
2.12119
2.12119
2.10027
2.10027
2.10027
2.10027
2.09911
2.09911
2.09911
2.09911
2.09801
2.09801
2.09801
2.09801
2.27608
2.27608
2.27608
2.27608
2.15683
2.15683
2.15683
2.15683
2.27359
2.27359
2.27359
2.27359
2.2719
2.22896
2.22896
2.22896
2.23611
2.23611
2.23611
2.23611
2.27759
2.27759
2.27759
2.27759
2.27687
2.27687
2.27687
2.27687
2.27591
2.27591
2.27591
2.27591
2.27507
2.27507
2.27507
2.27507
2.27513
2.27513
2.27513
2.27513
2.27472
2.27472
2.27472
2.27472
2.27458
2.18948
2.18948
2.18948
2.23207
2.23207
2.23207
2.23207
2.27412
2.27412
2.27412
2.27412
2.27258
2.27258
2.27258
2.27258
2.27159
2.27159
2.27159
2.27159
2.27095
2.27095
2.27095
2.27095
2.27029
2.27029
2.27029
2.27029
2.27005
2.27005
2.27005
2.27005
2.27539
2.10051
2.10051
2.10051
2.11459
2.11459
2.11459
2.11459
2.27318
2.27318
2.27318
2.27318
2.272
2.272
2.272
2.272
2.27127
2.27127
2.27127
2.27127
2.27028
2.27028
2.27028
2.27028
2.24419
2.24419
2.24419
2.24419
2.26814
2.26814
2.26814
2.26814
2.13559
2.0759
2.0759
2.0759
2.08684
2.08684
2.08684
2.08684
2.2227
2.2227
2.2227
2.2227
2.263
2.263
2.263
2.263
2.25409
2.25409
2.25409
2.25409
2.26067
2.26067
2.26067
2.2598
2.25949
2.25949
2.25949
2.14713
2.25833
2.25833
2.25833
2.18491
2.11061
2.06557
2.06557
2.06557
2.14528
2.14528
2.14528
2.1281
2.03094
2.03094
2.03094
2.3492
2.03029
2.03029
2.03029
2.29347
1.99626
1.99626
1.99626
2.438
1.95569
1.95569
1.95569
2.43654
2.08803
2.08803
2.08803
2.31122
2.08667
2.08667
2.08667
2.52507
2.08502
2.03246
2.03246
2.03246
2.4892
2.4892
2.4892
2.56506
2.07092
2.07092
2.07092
2.60304
2.08205
2.08205
2.08205
2.46729
2.17589
2.17589
2.17589
2.43643
1.99168
1.99168
1.99168
2.44643
2.19145
2.19145
2.19145
2.49019
2.28699
2.28699
2.28699
2.44669
2.23824
2.16977
2.16977
2.16977
2.52661
2.52661
2.52661
2.30603
2.0334
2.0334
2.0334
2.28203
2.03949
2.03949
2.03949
2.18262
2.03777
2.03777
2.03777
2.28833
2.18102
2.18102
2.18102
2.14644
2.15327
2.15327
2.15327
2.21906
2.09077
2.09077
2.09077
2.21715
2.15279
2.01677
2.01677
2.01677
2.17731
2.17731
2.17731
2.22159
2.03516
2.03516
2.03516
2.19849
2.15906
2.15906
2.15906
2.18347
2.14363
2.14363
2.14363
2.16304
2.77821
2.77821
2.77821
2.56769
2.04694
2.04694
2.04694
2.82945
2.78137
2.78137
2.78137
2.82733
2.77939
2.3812
2.3812
2.3812
2.71312
2.71312
2.71312
2.61273
2.0172
2.0172
2.0172
2.38194
2.05119
2.05119
2.05119
2.42142
2.0502
2.0502
2.0502
2.04958
2.04929
2.04929
2.04929
2.04843
2.04807
2.04807
2.04807
2.04755
2.01352
2.01352
2.01352
2.14673
2.01308
2.01259
2.01259
2.01259
2.01216
2.01216
2.01216
2.17877
2.01125
2.01125
2.01125
2.15578
2.01041
2.01041
2.01041
2.20139
2.00945
2.00945
2.00945
2.26747
2.04074
2.04074
2.04074
2.38181
2.00722
2.00722
2.00722
2.38141
2.0067
2.0067
2.0067
2.20097
2.00601
1.92137
1.92137
1.92137
2.01001
2.01001
2.01001
2.3775
2.0397
2.0397
2.0397
2.39032
2.03851
2.03851
2.03851
2.38928
2.03688
2.03688
2.03688
2.38861
2.03574
2.03574
2.03574
2.38753
1.87875
1.87875
1.87875
2.76804
1.88644
1.88644
1.88644
2.649
1.88663
2.58884
2.58884
2.58884
2.20903
2.20903
2.20903
2.76143
2.63509
2.63509
2.63509
2.68083
2.76596
2.76596
2.76596
2.66876
2.39978
2.39978
2.39978
2.64841
2.55653
2.55653
2.55653
2.66701
2.39525
2.39525
2.39525
2.67349
2.55318
2.55318
2.55318
2.18549
2.52991
2.39343
2.39343
2.39343
2.61868
2.61868
2.61868
2.81271
2.59113
2.59113
2.55783
2.55783
2.55753
2.55753
2.55753
2.75835
2.58929
2.58929
2.58929
2.75771
2.53255
2.53255
2.53255
2.75722
2.53236
2.53236
2.53236
2.73138
2.53224
2.53224
2.53224
2.73067
2.53134
