26349.7
11353.2
11889.6
11955.5
11989.2
12025.1
12105.7
12178.3
12216.4
12304.8
12354.8
12401.5
12484.4
12495.3
12515.4
12577.9
12644.4
12623.1
12740.3
12781.2
12826.9
12887.9
12997.5
13054
13086.6
13140.8
13213.2
13275.4
13326.9
13390.6
13398.9
13424.2
13541.3
13556.8
13627
13718.3
13785.4
13844.8
13797.8
13868.8
13936.6
14062.9
14065.4
14237.6
14243.7
14319.4
14353.1
14421.1
14532.7
14604.3
14661.1
14739.4
14807.1
14779.8
14848.8
14970.2
15163.2
15149.2
15225.1
15299.9
15378.2
15487.5
15557.2
15632.2
15635.8
15775.6
15870
15947.2
16041.3
16113.8
16175.4
16196.9
16331.4
16430.9
16543.8
16621.3
16620.6
24.3261
16819.9
61.6644
16909
87.9127
16932.9
109.841
12.4467
17017.7
24.7291
194.907
24.5213
17123.8
36.8718
309.796
73.9538
17201.7
109.855
597.932
122.362
17240.3
122.646
1015.1
145.998
17410.4
173.156
1388.14
196.654
17512.2
198.249
1677.18
170.075
17436.5
219.086
1977.46
256.743
17692.6
270
2233.99
329.04
24.6728
17632.5
24.5782
352.868
24.162
2516.45
24.567
453.458
36.3353
17723.7
24.5286
490.631
2822.19
516.558
18040.3
716.888
3182.45
813.934
17913.8
928.038
3680.6
1033.86
18032.6
1245.14
4160.01
1375.35
18137
1556.87
3939.36
1771.71
18229
2092.26
3794.45
2113.09
18543.4
2399.67
3726.4
2717.43
18458.3
3017.48
3719.79
2930.47
18757.4
37.7827
3302.28
37.4921
3722.65
24.4341
3646.94
24.6317
18880.6
37.6806
3968.96
3767.59
4215.95
19103.5
37.4819
4379
37.042
3859.3
36.9226
5300.3
12.0938
19072.1
85.5682
5371.48
60.0095
3987.44
62.0851
5406.98
73.8429
19310.7
122.222
5795.7
159.458
4159.12
121.315
5943.03
61.0652
19410.1
48.0724
6174.67
48.5828
4319.08
36.5823
6609.74
49.3578
19545.5
49.8384
6877.75
12.4736
4493.8
62.4667
7336.42
112.453
19665.9
149.111
7778.54
194.792
4704.98
186.235
7895.37
233.22
19816.4
212.386
8514.29
197.537
4786.83
146.721
8420.38
145.853
19702.7
135.467
8701.12
162.895
5016.29
125.801
8733.01
226.886
19812.6
211.58
8399
230.426
5148.65
271.558
8390.43
198.852
19847.2
172.92
8736.39
258.898
5403.25
209.403
9407.52
224.929
20038.7
248.412
9571.12
322.691
5554.39
390.92
9723.41
347.512
20149
413.724
10495.2
477.534
5781.64
587.523
11187.5
423.915
20098.9
449.088
11979
535.693
5990.89
520.288
12419.1
714.394
20152.7
674.83
12534.9
746.924
6351.62
779.785
13229
926.242
20182.4
994.789
13904.1
994.71
6612.7
1015.62
13619.7
1072.5
20092.1
1067.55
13253
1179.22
6737.85
1285.06
13131.5
1095.69
20089.9
1072.77
13691.1
1453.44
7008.29
1544.66
14070.3
1460.56
20118.1
1756.48
14190.8
1885.79
7460.46
2092.1
14349.8
2255.57
20169.1
2341.96
15046.9
2403.11
7762.56
2297.33
15117.1
2353.95
20171.7
2614.18
15752.6
2768.39
8142.83
3009.23
15478.7
2847.81
20321.8
2980.31
15886.9
2728.5
8676.83
2848.88
15870.3
3093.41
20336.5
3336.48
15505.4
3757.76
9065.13
4075.28
15551.6
4024.46
20409.2
4061.79
15518.4
4037.16
9460.2
4009.88
15162
4038.67
20353.3
4166.1
15121.7
4224.86
9883.4
4174.67
15274.2
4347.29
20473.3
4428.77
15630.5
4654.99
10313.6
4952.19
15823.2
5118.38
20437.6
5345.91
15994.5
5475.07
10760.7
5773.33
16160.6
6131.57
20593.5
6401.7
16552.5
5648.16
11325.1
5895.64
16533
5953.65
20488.4
6119.64
16395.9
6263.22
11798.7
6066.38
16489.4
5987.65
20632.7
5829.65
16546.7
5962.56
12365.9
6045.48
16399.2
6548.23
20675.8
6781.73
16839.8
6864.96
13346.8
7110.69
17086.5
7062.11
20685.4
7110.55
17279.5
7171.23
13920.4
7537.87
16906.2
7888.21
20865.7
8303.75
16857.8
8280.46
14448.8
8148.84
16594.3
8602.65
20903
8945.11
16830.1
9469.43
15002.7
9424.61
16732.9
9680.81
21054.3
9772.79
16966.7
10065
15918.8
10374.8
16640.3
11198.8
20999
11620.4
16726.3
11211.3
16569.5
10557.2
16603.7
11108.1
20859.4
11354.6
16777.6
11108.1
17098.5
11656.6
16763.6
12266.6
20957.5
12621.9
16810.4
13104.2
17945.2
12.2517
12814.3
16801.3
12776.3
21052.7
12.1002
12853.9
12.2213
16766.3
24.5378
12750.3
47.9927
18405
36.4893
13276
23.8967
16653.4
48.6552
13346.3
24.4171
20998.8
24.2715
13350.6
23.9571
16752.4
12.0987
12951.2
12.3614
19052.4
12.3245
12842
16715.8
12135.3
21149.6
12802.9
16834.2
12503.2
24.5102
19479.6
74.3588
12064.8
109.612
16524.4
109.577
11663.1
109.703
20848.3
71.4941
11851
85.8784
16556.1
95.5713
11567.3
84.3626
19923.9
72.0733
11379.4
71.1576
16633.7
74.8687
11115.1
72.0891
20767.4
36.851
11421.8
23.9174
16598.5
86.523
11196.3
143.754
20367.1
117.318
11358.2
130.861
16535.6
154.468
10952.3
140.567
20810.2
134.994
11613.3
109.82
16565.1
111.295
10928.7
62.199
20674.4
11036.6
23.9132
16584.8
61.4849
10977.2
71.436
20720.7
84.0224
11427
94.6581
16735.6
62.7125
11178.5
74.4135
21173.5
11.9763
11434.1
11.9329
16584.2
24.3856
11137.5
37.0004
21112.9
71.2085
11744.3
35.7656
16816
35.956
11362.2
85.8284
21628.2
36.1317
11762
23.9962
16736.2
23.8398
11479.6
21211.7
12211.5
23.3804
16862.8
61.6663
11873.4
131.778
21975.8
211.024
12365.5
279.888
16784.4
229.433
11760.2
292.567
21013.4
396.982
12260
502.006
16824.5
484.212
11890.4
583.035
22426
567.34
11990.9
679.952
16646.8
699.157
11643.8
629.803
20748.6
501.24
11934.6
472.964
16766.2
478.397
11661.3
648.077
22601.9
632.293
11624.9
509.536
16796.2
433.823
11376.3
367
20861.6
365.946
11734
426.293
16853.6
452.514
11242.6
395.438
22995.7
340.705
11531.1
354.372
16666.4
379.359
11122.8
391.082
21586.6
366.681
11188.6
483.045
16741.4
545.345
10855.5
596.792
23445.2
589.556
11145.4
723.266
16643.8
813.416
10519.6
845.647
21073.1
919.184
10998.6
1138.5
16820.3
1180.83
10601.8
1280.42
23786.6
1439.51
10940.4
1421.6
16694.8
1394.04
10319
1393.76
21197.1
1508.92
10968.4
1640.06
16890.9
1573.3
10573.4
1617.69
23953.9
1635.08
10773.2
1592.26
16890.2
1610.69
10275.5
1560.49
21947.1
1725.07
10942.9
1644.9
17061.3
1660.73
10470.7
1572.62
24311.1
1636.52
10711.7
1636.45
16822.1
1565.48
10356.1
1531.09
21509.2
1613.45
10987.2
1574.22
17168.3
1491.55
10434
1458.89
24338.7
1620.43
10823.7
1656.41
16965.6
1628.55
10240.4
1566.91
21696.5
1610.62
11048.3
1439.64
17198.8
1302.61
10445.7
1219.59
24837.9
1295.67
10898.1
1169.41
17036.6
1026.72
11140
1112.66
21777.6
1120.85
10954.2
1080.45
17172.7
1186.86
11151.7
1181.33
24932.8
1204.95
11056.8
1319.2
16986.6
1475.94
11155.3
1469.51
21914.8
1585.99
11047
1537.74
17079.7
1543.75
11094.6
1596.32
25283.8
1682.2
10765.7
1828.7
17019.4
1843.49
11201.6
2069.64
21846.2
2036.41
10893.6
2194.61
17904.9
2470.02
10812.1
2738.77
25179.2
3312.31
10647.7
3707.75
17997.9
3670.24
10696.3
3384.06
21970.9
3520.57
10789.8
3172.49
18014.2
3138.85
10636.1
2939.62
25314.1
3093.37
10731
2997.68
18137.8
3238.69
10819
3108.37
22039.3
3557.1
11106.9
3365.7
18133
3598.64
10937.9
3341.4
26043.7
3684.61
11016.9
3444.44
18129.9
3573.74
10967.9
3200.19
22821.7
3495.32
11331.5
3222.49
18007.4
3349.78
11008.5
2889.09
26898.1
3159.44
11134.2
2809.1
18166.3
3065.14
11164.4
2689.76
22761.2
3126.22
11395.7
2805.56
18149.7
2938.22
11246.4
2534.91
27054.2
2957.74
11305.7
2640.22
18327.8
3195.15
11270.4
2796.05
23034.4
3459.01
11400.4
3264.51
18373.4
3685.39
11124.7
3356.59
26912.4
3908.66
11132.3
3574.01
18455.7
4042.83
11107.3
3614.62
23033.2
3989.18
11351
3718.59
18401.6
3819.85
11145.4
3444.09
27151.3
3645.93
11104
3226.38
19243.3
3541.7
11194.9
3180.2
22544.7
3372.6
11283.3
3059.4
19095.4
3254.14
11168.8
2807.03
26723.8
3166.29
11108.9
2738.44
19190.2
2998.47
10995.8
2608.55
22420.9
3137.71
11664.9
2824.79
18959.5
2981.63
11067
2587.15
27143.7
2976.99
11298
2609.98
19285
2969.49
11268.6
2578.88
22249.3
3092.03
11689.1
2811.95
19046.2
3082.17
11338.5
2736.33
26314.6
3095.89
11393.5
2724.36
19454.7
3105.57
11316.3
2701.27
22617.6
3280.29
11713.4
2931.73
19179
3203.86
11408
2836.65
26863.8
3302.96
11450.1
2940.27
19420.1
3452.69
11502.8
3021.55
22380.1
3461.32
11781
3094.71
19141.2
3283.41
11375.9
2814.62
27831.7
3188.53
11345.1
2822.95
18988.8
3263.87
11436.4
2828.73
23507.4
3434.53
11561.4
3013.22
19379.5
3302.8
11265
2908.28
28347.4
3285.85
11350.6
2909.38
19174.2
3366.66
11308.1
2964.46
23733.9
3581.09
11655.9
3192.94
19031.6
3416.25
11221.8
3030.15
28212.6
3434.67
11273.1
3045.89
19161.3
3476.97
11292
3051.75
23649.5
3590.21
11505.4
3262.77
19283.1
3494.68
11285.4
3106.18
27431.5
3805.22
13188
3458.17
19311.8
3899.65
13128.9
3549.8
23684
3820.87
11726
3510.72
19311
3658.83
11353.3
3321.16
27828.5
4101.78
13110.1
3716.62
19494.9
4200.39
13051.4
3846.47
23850.9
4024.04
11719.8
3690.48
19385.1
4259.16
12977.1
3861.3
28295.7
4373.97
12943.4
3985.6
20010.1
4522.36
12911.7
4134.37
24008.8
4970.49
13346.7
4584.01
19872.5
4939.45
12879.4
4332.85
28836.4
5097.37
13082.5
4498.36
20080.9
5122.26
13107.9
4632
24139.6
5481.36
13627.8
4924.54
19936.2
5170.1
13194.8
4545.39
28190.9
5214.9
13238.7
4496.44
19994.7
10.4738
5199.03
13304.5
4521.2
24386.5
5400.51
13823.8
4721.81
20359.9
21.0526
5045.96
21.3024
13357.1
4337.72
28358.8
5047.77
13434.7
4298.14
20396.2
4948.18
13437.6
4253.3
24327.3
5081.28
13892.8
4439.33
20164.8
4729.38
13394.7
4042.65
28374.5
4671.53
13430.9
3985.44
20173.8
4635.18
13477.5
3942.81
24586.8
4703.73
14012.4
4194.62
20007.4
4500.95
13490.7
3929.01
28579.4
4519.38
13429.8
3903.21
19990.8
4648.37
14191.3
4058.64
24144.2
4787.47
13891.8
4241.26
19859.7
4619.55
13458.2
4115.68
28629.5
4964.53
14111.5
4373.96
19922
5092.63
14050.9
4461.69
23668.1
5298.66
14278
4696.49
20620.8
5132.48
13865.1
4451.93
28772.5
5290.58
14025.4
4584.4
20627
5401.52
14377
4592.31
23923.4
5654.32
14392.4
4931.89
20797.2
5234.24
13819
4453.6
28792.1
5238.65
14341.6
4374.85
20767.8
5116.61
14512.3
4239.28
24114.9
5027.18
14152.4
4269.56
21027.6
4858.49
14414.8
3992.71
28969.4
4647.26
14529.4
10.3662
3815.61
43.0787
20958.3
62.8366
4670.77
52.7641
14910.1
42.7021
3846.13
83.922
24341.4
52.8506
4661.37
84.7909
14228.3
43.0134
3840.89
52.0696
21994.1
52.9405
4598.74
64.1748
16014.2
74.6983
3757.26
96.7913
28053.7
73.9576
4615.8
129.559
15933.1
161.395
3765.42
391.952
22260
809.127
4682.85
732.347
15860.1
660.198
3747.04
596.043
24884
1008.08
5145.07
872.637
14528.6
739.209
4040.3
651.001
21669.4
958.949
4932.34
805.053
15988.9
685.47
3908.78
592.597
26287.8
1164.77
6357.42
940.642
16952.5
801.165
4922.29
700.98
21833.5
946.048
5203.13
776.155
15989.5
660.759
4128.56
572.256
24570.2
972.32
5358.13
827.465
14715.2
703.68
4271.74
614.19
22447.8
903.829
5466.3
743.5
16324.7
637.809
4351.79
555.034
27035.8
851.015
5661.87
706.312
16253.3
616.089
4570.43
540.676
22706.6
792.996
5784.71
652.187
16352.4
550.899
4615.48
496.923
24521.1
762.488
5975.11
626.633
14486.5
615.516
4833.23
567.836
22628.7
588.822
6098.9
655.347
16468
638.031
6702.04
659.365
26953
652.006
5842.07
609.508
13988.6
645.642
6803.72
730.84
22784.1
795.161
5930.65
893.196
14073.6
766.006
6915.01
815.137
24426
620.475
6351.73
553.438
14487.6
477.045
6960.57
287.677
22769.4
103.744
6110.68
50.4313
13999.7
10.124
7000.34
20.3051
26136.7
30.825
6050.45
30.6783
14000.1
30.8998
7032.74
19.6521
22801.9
40.5138
5961.42
13891.3
6930.18
24248.8
6463.52
9.98509
14722
30.2192
6938.01
22769.5
10.1412
5875.84
10.0163
15789.6
20.2775
5888.69
69.8651
26215.3
10.1521
5888.07
71.5064
15805.1
209.739
5871.55
318.511
22830.5
244.774
6476.01
223.509
18203.6
160.253
6525.4
151.546
24568.3
130.774
6179.49
107.989
15865.8
160.006
5901.78
180.27
22899.7
236.149
6606.39
308.305
18231.5
384.997
6642.86
421.831
26440.2
379.695
6685.35
376.417
18286
282.828
6720.99
360.473
22912.2
387.23
6754.44
473.657
18333.2
483.805
6759
540.439
24675.4
570.539
6315.67
717.802
16133.8
806.473
6106.15
697.969
22954.1
788.223
6999.15
681.306
18431.6
533.602
7058.32
318.857
26444.2
261.313
7162.95
170.655
16197.8
112.578
6188.68
69.4449
22182.1
20.2885
6152.96
50.4966
18366.5
10.169
7165.55
50.1541
24709.3
69.3947
6468.19
110.103
16113.7
181.618
6168.06
189.598
22329.5
210.747
6117.14
238.674
16058.5
203.448
6032.28
201.014
26414.4
227.575
7148.75
158.22
18442.3
199.305
7099.41
162.831
23255.4
160.147
6965.63
79.7028
18376
167.598
7006.18
98.6107
24627.4
177.807
6101.3
263.493
17567.7
356.409
6735.12
368.856
24267
355.683
6776.11
485.092
17736.2
306.863
6821.99
216.062
26250
297.279
6819.61
268.644
18118.5
244.718
6925.83
187.369
24223.9
170.673
6907.88
218.4
17746.7
212.704
6996.47
168.794
22223.4
181.26
7300.49
151.469
18164.2
173.249
7035.26
176.998
24678.1
166.526
7181.03
223.393
18241.7
179.433
7185.55
235.545
25553.9
343.551
7294.78
484.395
18261.4
576.799
7340.27
763.829
25636.8
841.731
7370.63
735.385
18318.8
631.975
7482.2
704.506
22272
908.66
7852.94
964.017
18270.7
972.339
7565.04
986.61
25453.5
1062.55
7639.09
939.721
18098.4
974.423
7617.15
920.196
25787.9
850.297
7540.42
1085.04
18181.8
1232.33
7570.75
1331.63
25434.3
1442.69
7610.79
1389.1
18396.4
1473.45
7595.33
1237
23356.2
1139.02
7906.53
992.35
18314.4
986.386
7514.04
993.767
25631.4
1157.4
8677.54
1026.05
18910.4
1060.65
8676.49
1046.09
26138.7
1202.33
7483.38
1115.52
18081.4
1289.37
7423.76
1217.45
25127.2
1358.08
7371.79
1210.65
18026.9
1477.25
7292.85
1276.89
23848.9
1581.34
7575.51
1356.88
18112
1472.84
7355.35
1294.95
25712.5
1457.94
8474.64
1245.28
18888.2
1447.15
8464.59
1206.13
25713.6
1429.44
8491.83
1202.37
18866.1
1461.28
8513.83
1267.42
25693.9
1468.24
8554.82
1286.06
18836.8
1567.51
8541.92
1327.96
24006.2
1579.26
8976.54
1349.26
18183.2
1479.16
7360.46
1333.84
25763.9
1553.27
8639.94
1325.99
18843.1
1535.9
8576.16
1293.28
25531
1436.46
8583.98
1131.45
18785.3
1247.78
8520.71
1020.49
25729.5
1138.49
8572.19
979.316
18745.8
1098.8
8595.21
943.417
23936.6
1096.43
8849.06
1006.56
18878.3
1072.38
8582.78
928.567
25618.3
1259.44
8698.57
1039.33
18684.6
1168.98
8682.59
1035.11
25286.2
1160.68
8796.5
1004.35
18666.8
1157.09
8755.15
972.228
25601.2
1150.21
8802.18
980.63
18733.3
1141.7
8789.38
956.241
23542.1
1194.47
9108.75
1020.18
18684.9
1173.41
8803.63
925.517
25600.7
1106.63
8963.87
912.014
18536.6
1081.88
8971.86
927.373
25211.1
1124.76
9004.44
907.428
18519.9
1080.14
9030.71
856.444
25451.1
1054.25
9169.31
872.77
18344.4
1039.67
9216.95
839.064
23757.7
1139.49
9696.15
920.236
18398.8
1045.49
9362.29
842.863
25405.2
1082.35
9343.64
849.355
18313.1
1116.98
9346.18
859.219
25134.8
1102.12
9379.32
850.293
18363.6
1125.34
9448.28
876.481
26544
1184.12
9502.17
917.438
20141.2
1183.86
9571.68
926.864
21189.2
1313.52
9950.8
1073.15
20019.1
1294
9561.06
1075.07
26427.3
1440.92
9462.63
1174.1
19996.2
1485.68
9406.57
1155.81
23723.8
1466.43
9417.33
1106.71
19882.2
1393.32
9408.53
1090.33
26411.3
1381.07
9476.27
1090.41
20726.4
1416.03
10246.6
1146.58
18727.4
1559.78
9989.2
1228.99
19709.9
1397.15
9528.13
1106.44
26130.8
1438.22
10190.2
1163.49
20710
1434.22
10219.9
1137.45
23452
1452.13
9992.11
1158.1
21024.6
1450.04
9987.14
1169.13
25981.6
1428.4
9921.67
1124.57
21129.9
1384.3
9874.79
1121.44
18875.4
1565.63
10130.3
1358.98
21062.5
1532.47
9598.24
1247.01
25845.3
1583.7
9472.99
1231.53
21226.3
1471.38
9401.34
1157.84
23119.2
1356.34
9309.97
1084.1
21175.2
1332.29
9190.04
1056.82
25788.6
1274.95
9087.5
1037.51
21114.2
1305.45
8919.22
1091.38
18577.5
1429.4
9172.37
1224.1
21124.2
1362.25
8712.47
1108.07
26128.3
1428.65
8670.57
1168.65
20575.6
1477.72
9544.13
1237.34
24860.6
1534.55
9519.24
1237.26
20367.7
1526.04
9544.23
1236.43
26684.1
1562.71
9551.3
1308.87
21153.2
1689.07
9627.15
1364.96
19860.2
1821.15
9944.14
1545.25
21552.1
1766.06
9550.7
1467.38
26695.4
1925.07
9490.2
1560.65
21236.8
1957.09
9446.4
1560.25
24320.4
1962.46
9448.17
1624.44
21194.8
2033.77
9465.84
1788.7
26561.9
2152.6
9486.58
1687.74
21137.4
1746.53
9461.62
1377.77
18225.2
1656.88
9918.94
1400.44
20936.9
1558.82
9432.21
1296.01
26050.3
1495.77
9333.44
1272.19
22726.2
1847.58
8990.96
1487.61
22990.4
1793.65
8963.04
1455.77
23197.2
1796.38
8993.94
1492.64
25972.2
1753.28
8733.85
1379.74
22561.6
1620.77
8672.92
1274.56
20575
1812.75
8904.98
1513.75
20461
1726
8330.67
1440.25
25448.1
1765.6
8494.68
1488.16
21820.5
1276.03
8198.84
1013.05
22372.9
1206.31
8159.89
990.939
21747.9
1210.01
8075.55
1057.08
25113.6
1353.98
8040.74
1194.97
21740.5
1587.69
7981.71
1399.16
18527.1
1916.24
8368.38
1866.79
21658.6
1912.5
7866.28
1385.17
26017.8
1912.54
8421.55
1429.45
21511.4
1854.66
7708.46
1366.41
20273.3
1896.55
7598.48
1396.62
21338.8
1991.07
7535.17
1511.39
23997.6
2046.23
8132.61
1548.43
22690.8
2090.9
7974.94
1574.06
16696.3
2486.38
8329.38
1905.29
24343
2314.71
8694.53
1792.36
23150.5
2448.8
8684.06
1930.36
22854.2
2617.65
8602.57
2145.91
18970.1
2660.59
8931.61
1885.44
22647.2
2393.89
9223.99
1687.62
24222.4
2096.55
9159.19
1453.56
21544.7
1874.59
9568.46
1278.12
17964.8
1906.94
9650.53
1316.68
21495.2
1582.81
9564.29
1085.41
22673.5
1511.14
9446.32
1035.8
22108.7
1946.27
10671.3
1348.1
19976.5
1686.42
9299.24
1175.14
20610.2
1671.04
9259.99
1180.82
20328.9
1665.77
9292.39
1187.79
20561.4
1714.04
9275.99
1210.08
18622.5
1619.32
9822
1176.04
21560.6
1528.25
9499.11
1082.99
21392.1
1525.61
9592.61
1089.76
20886.2
1493.83
9582.5
1065.65
21411.4
1472.89
9603.67
1061.88
21361.9
1481.35
9451.44
1085.5
21721
1548.5
9591.43
1162.03
21563.2
1599.86
9593.07
1237.95
18884.3
1771.24
9031.08
1426.99
22464.7
1775.25
8550.28
1396.35
23980.6
1981.19
8702.21
1585.61
20440.3
2268.45
8777.49
1797.38
22310.9
2446.89
8771.54
1909.77
22140.5
2658.03
8404.15
2001.8
24395.7
2359.01
8507.03
1719.57
22731.6
2027.17
8393.94
1476.92
18815.1
1818.79
8101.42
1443.56
21787.1
1539.82
7714.19
1189.99
24610.7
1426.22
8260.54
1117.31
22423.6
1334.71
8297.74
1057.24
22500.2
1259.72
8281.38
965.557
22406.1
1151.89
8278.35
899.347
24598.1
1151.38
7848.71
911.217
22692.1
1147.4
7931.19
940.397
19084.9
1306.95
8062.84
1099.06
22547.3
1278.91
8058.21
1037.05
24617.5
1339.88
8265.51
1062.49
22633.3
1276.13
7868.21
983.005
23705.1
1267.49
8317
965.411
21957
1189.11
8147.16
936.158
24588.3
1177.95
8121.03
898.5
21873
1229.87
8453.62
936.752
19585.2
1228.38
8356.32
1001.74
21908.2
1239.79
7830.08
984.422
24472.1
1272.67
8509.41
1034.11
22071
1386.83
8506.55
1108.5
22657.7
1476.56
8488.61
1190.74
22137.8
1497.13
8430.57
1147.61
24560.4
1424.22
8420.73
1147.67
20814.8
1505.66
8368.56
1239.13
18880.4
1752.44
7608.15
1443.72
20627.8
1633.23
7830.5
1308.36
24400.1
1723.8
8464.75
1391.43
20767.5
1793.81
8465.53
1429.59
21841.1
1822.87
8506.89
1434.19
20869.3
1825.45
7672.75
1432.59
25093
1793.19
7596.93
1379.49
20983.3
1727.73
7610.09
1343.22
19307.1
1912.43
8566.46
1505.2
20923.6
1677.41
8858.11
1307.52
24359.5
1666.84
8535
1312.76
20841.5
1687.35
8528.22
1382
22439.2
1856.57
8905.51
1523.72
20826.1
1969.14
9032.32
1440.68
24343.3
2006.72
9781.71
1448.03
20702.1
1939.05
9718.1
1393.29
19490.3
2119.93
9736.78
1537.01
20535.9
1848.8
9720.01
1329.54
23548.2
1845.6
10111.4
1297.17
20565.5
1787.34
10255.7
1280.46
22559.4
1791.02
10323.8
1300.56
20594.4
1900.13
10374.9
1423.94
22940.4
2026.6
10261.9
1499.63
20568.8
2079.08
10282.3
1565.78
19129.3
2242.04
9465.2
1709.84
20611.6
2145.47
9412.34
1641.47
23273.7
2331.85
10272
1790.7
19990.5
2428.8
9550.4
1827.48
22035.3
2468.9
9610
1892.19
19920
2552.67
9669.37
1899.68
23968.1
2508.89
9753.81
1849.17
19933.8
2437.96
9825.51
1767.3
19035.7
2239
9762.62
1639.18
19182.2
2239.73
9876.05
1594.83
22924.4
2220.35
10630.2
1607.01
19641
2158.75
10640.4
1520.13
22571.3
2039.88
10657.1
1454.12
19755.3
1999.6
10804.1
1433.61
22864.5
2009.34
10916.9
1468.15
19856.2
2059.82
10853.4
1508.3
19126.5
2136.13
10251.5
1605.45
19742.7
2210.49
10727
1640.98
23181.4
2315.66
10870.8
1744.13
19646.7
2484.43
10744.6
1861.78
22312.4
2616.25
10803.3
1941.02
19481.5
2595.13
10330.1
1937.47
23632
2679.16
10789.2
1983.29
19523.6
2718.69
10376.5
2006.96
18989.7
2519.14
10076.3
1904.12
19477
2453.86
10120.1
1917.27
23767.4
2492.52
10157.9
1916.28
19509.4
2511.92
10261.7
1971.09
21428.4
2628.29
10343.5
2032.03
19353.1
2642.93
10379
2044.49
23651.7
2703.44
10462.1
2095.79
19445.7
2758.07
10618.5
2136.5
18725
2554.69
10307.4
1844.47
18446.6
2824.52
10191.2
2166.42
23701
2793.37
10952.9
2115.61
19377.9
2785.27
10852.8
2159.92
21585.1
2772.34
10832.2
2122.83
19353
2736.49
10686.7
2084.71
23621.2
2677.47
10642.7
2031.48
19446.3
2590.01
10543.5
1964.08
18731.1
2719.57
10161.8
2095.75
19432.7
2528.89
10406.9
1949.32
23647.8
2507.99
10399.6
1918.75
19498.8
2492.7
10496.8
1882.85
21711.9
2778.34
11368.8
2127.56
20535.5
2769.47
11302.3
2093.36
23885.3
2484.2
10204.6
1900.68
18090.5
2514.98
10208.6
1921.68
18671.9
2631.91
9744.71
2083.16
19106.7
2434.16
8755.93
1730.01
23100.1
2668.08
11192.6
1998.19
19196.8
2673.76
11236.9
2048.56
21445.5
2765.69
11185.3
2126.23
19234.2
2777.08
11187.3
2132.34
23528.9
2805.05
11220.2
2159.66
16966.5
2653.28
11136.1
2059.49
16265.9
1989.13
10213.3
1494.22
17042
2852.19
11025.7
2198.75
21679.4
3075.73
11115.1
2241.13
17260.3
3178.62
11196
2365.8
22775.5
3234.83
11375.6
2509.17
17367.6
3447.87
11334.1
2578.86
20908.3
3339.76
11261.6
2563.94
18302.6
3476.03
12301.5
2628.06
16432.6
2457.83
9278.37
1797.02
17256.2
3459.79
11141.9
2711.97
20977.8
2433.11
9734.03
1823.29
17424.3
2495.32
9764.01
1832.72
18575.6
2484.13
9884.03
1822.58
17470.8
2502.02
10103.9
1862.63
21102
2472.76
10014.2
1805.55
19013.1
2486.9
10224.6
1846.84
16961
2846.31
11271.7
2108.88
20691.1
2489.42
10375
1818.72
21550
2509.33
10425.3
1850.21
18883.9
2501.79
10432.6
1854.8
24071.5
2531.61
10445.4
1858.11
18894.2
2571.3
10250.6
1921.08
21874
2638.8
10380.8
1976.61
21415.9
2663.54
10530.9
1989.94
17471.9
3066.46
11640.5
2222.33
23140.3
2626.74
10615.6
1884.93
21015.3
2711.84
10769.2
1925.58
21636
3008.69
9677.18
2128.71
19014.5
3008.98
9713.51
2125.19
21734.9
2891.7
9817.73
2010.95
19077.8
2817.72
11226.8
1948.8
21447.9
2759.43
10064.2
1947.01
16459.2
3224.06
11080.6
2281.3
21534.4
2769.43
10236.9
1966.99
19307.5
2778.13
9596.57
1979.94
20699.4
2850.7
9622.54
1996.81
23189.5
2726.01
11008.5
1896.61
19686.8
2677.78
10993.3
1849.78
19847.2
2644.65
11101.7
1865.5
19852.7
2647.72
11031.7
1845.74
21625.6
2632.9
11261.9
1875.77
19862.6
2712.06
11551.3
1911.32
19910.2
2760.87
11563.1
1942.81
19773.9
2861.13
11426.7
1982.12
25185.7
2808
11410.3
1941.32
18729.1
2489.99
10531.7
1763.33
21028.5
2444.42
10515.9
1730.7
18710
2465.59
10636.4
1749.34
20928.1
3144.13
11487.8
2257.36
21553.1
2776.48
9939.62
1932.18
22732.8
2748.5
11436.8
1903.21
19370.3
2788.21
11213.1
1951.97
22577.2
2808.33
11280.2
1999.81
19553.4
2877.09
11385.7
2042.76
19497
2943.8
11407.1
2124.73
19569.3
3027.28
11505.3
2269.25
20394.9
3471.83
11243
2485.38
21732.5
3295.44
10392.4
2404.09
19297.8
3266.69
11549.6
2504.36
19665.4
3438.03
11540.1
2640.82
21106.3
3617.21
11526.6
2762.28
19612.9
3773.15
10955.4
2786.79
18987.4
3797.92
10957.8
2845.88
19753.7
3827.18
11031.3
2873.8
18835.4
3244.89
11612.3
2197.24
20333.3
3717.44
10717.8
2463.39
21795.2
2682.87
10613.5
1821.63
20929.6
2676.47
10301
1812.42
24044.5
2726.69
10285.3
1861.16
20531.4
2774.63
10338.6
1893.16
22500.2
2833.21
10310.8
1946.04
20308.3
2799.18
10292.3
1919.01
23142.8
2445.68
10993.9
1651.61
20284.3
2959.73
10227.8
2069.78
22427.8
3132.43
9883.42
2227.37
19079.2
2514.22
8505.55
1662.66
23041
3002.06
10739.5
1999.67
18834.4
2380.72
8357.84
1574.76
22864.9
2357.73
8374.56
1565.74
18715.4
2363.06
8445.67
1570.58
24055.8
2634.08
10422.7
1758.45
19155
2230.4
9050.6
1491.74
22847.1
2317.53
9066.71
1563.56
19130.5
2362.9
9068.23
1608.54
25104.9
2445.72
8789.85
1667.28
18937.1
2568.58
8818.49
1753.18
22097
2503.97
8808.16
1727.93
18744
2660.04
8799.37
1875.23
23857.7
2637.02
10370.8
1820.68
21151.3
2933.95
10223
2066.69
22787.8
2551.76
8725.18
1775.92
18443.9
2630.83
8733
1845.04
25032.1
2789.54
8685.37
2017.56
18952.7
3004.09
9366.38
2171.34
22761.8
3179.19
9314.78
2354.15
18720.7
3427.23
9339.99
2433.3
23757
3764.28
10856
2748.69
19168
3206.59
9913.13
2231.68
23306.6
3107.36
9809.6
2144.45
18523.4
3024.97
9956.89
2082.81
22577
2576.91
9150.61
2058.95
17607.7
3007.27
9372.34
2075.73
24579.1
3020.44
9396.26
2088.43
17456.8
3108.41
9483.01
2143
19413.5
3001.81
11456.8
1955.41
18043.1
2730.25
9638.5
1872.28
25691.9
2876.68
9921.9
1968.96
16721.3
2829.89
8891.68
1941.03
23221.6
2818.94
8957.86
1925.39
16531.3
2815.39
9016.15
1924.67
19818.1
2809.64
9043.23
1893.58
16207.5
2811.06
9094.1
1905.87
21290.5
3273.02
11076.1
2257.48
16983.9
2810.27
9600.85
1904.14
19498
2858.65
8535.11
1908.44
18735.8
3274.21
10786.5
2184.43
22178.5
3498.78
10387.5
2371.33
18113
3592.25
10281.2
2530.07
19831.8
3513.72
10205.7
2491.78
17652
3515.67
10036.3
2498.49
21187.9
3709.6
11879.8
2591.81
17716.8
3247.62
10057.7
2271.2
19660.7
3213.24
9669.29
2218.35
17208.7
3238.77
10577.1
2206.7
23042.2
3158.58
10545.8
2123.65
16750
3132.66
10331.9
2155.01
20018.8
3151.79
10191.8
2139.26
18105.6
3089.8
10722.4
2134.53
21753.2
3722.69
11321.7
2556.33
17446.3
2734.92
10180.2
1873.44
20360
3333.2
10748.1
2299.2
17100
2878.3
9863.29
2009.39
22921.8
4079.66
11279.3
2971.44
18246.6
4058.04
11305.7
2898.06
19895.6
3836.06
11021.4
2689.62
18326.7
3633.05
10890.6
2500.07
21609.3
4644.37
12550.6
3181.45
18265.7
3739
10979.9
2549.37
20004
3496.38
10789.5
2354.41
18148.9
3421.39
10681.3
2280.68
23295.7
3265.79
10527.3
2181.07
18220.5
3233.59
10452.3
2139.41
20521.7
3169.65
11016.2
2096.98
19152.8
3019.66
11000.9
1999.58
22587.8
3325.49
12257
2224.81
19068.4
2783.59
10672.4
1843.11
21863.5
2782.49
10534.2
1852.41
18663.8
2728.37
10178.5
1831.51
24139.6
2696.88
10803.3
1759.84
17956.2
3155.92
9679.08
2101.93
23266.9
2507.32
10354.1
1649.15
17949.7
2921.69
9509.28
1928.1
19811.9
2686.34
10169.9
1758.49
18977
2687
9610.37
1781.08
21317.7
2647.13
9034.58
1744.9
18478
2596.32
8868.34
1721.52
22339.7
2557.84
8800.21
1694.46
18844.6
2550.95
8662.96
1674.56
21213.4
3072.77
9445.55
2026.5
19047
2964.29
9007.02
1951.2
19783.5
3318.85
10593
2144.98
18077.7
2812.15
9382.96
1815.06
21269.5
2750.99
8906.72
1764.63
18189.5
2718.1
8725.09
1770.56
22425
2730.78
8588.64
1777.54
18274.6
2808.23
8553.33
1837.57
21326.3
2902.34
8417.75
1910.35
17153
3188.5
8422.07
2115.23
20982.7
4055.91
10504.7
2686.94
17381.3
3705.03
9571.16
2484.27
20305
3816.41
9435.64
2606.76
17180.3
3692.04
9273.56
2487.95
22262.2
3587.47
8340.81
2511.55
17067.2
3531.65
8885.19
2316.61
20465.5
3471.72
8731.63
2272.43
17060.8
3342.01
8452.91
2178
21085.3
4065.24
9559.54
2619.16
17569.2
3126.88
8325.74
2050.57
19696.4
3035.49
8119.82
2015.85
15877
3238.3
8426.66
2147.82
21165.9
3168.25
8152.23
2113.07
15814.1
3051.86
8117.16
3545.2
22960.7
3080.02
9020.18
3300.78
16001.7
2632
9106.71
3401.49
22598.6
2930.08
8830.05
1812.4
15907.5
2355.34
7766.81
3221.65
22042.4
2151.67
9223.87
3532.47
16227.6
1980.44
8641.22
3652.19
23481.5
1976.67
8737.33
3705.23
16470.1
1985.63
8761.19
3654.72
20898.1
1927.87
8674.99
3537.31
16744.1
2083.7
8286.71
3407.48
22198
2829.18
8969.66
1614.89
16241.9
2952.11
8298.82
3240.39
20182.1
2004.75
8527.63
3040.43
16775
2134.72
9148.51
3378.96
22962.8
2135.67
8711.06
3382.9
16874
2375.2
8941.18
3355.52
20097.8
2344.18
8470.42
3127.44
16666.4
2447.33
8568.79
3248.69
21445.3
3095.44
10265
1952.65
15876.2
2515.56
7430.79
3225.45
20496.6
2204.62
8795.72
3036
16405.6
2110.5
8755.71
2883.14
23306.5
1995.85
8652.81
2732.02
19762.2
2396.75
9940.01
2597.18
22708.9
2307.66
10236.8
3002.29
16516.9
1942.41
8607.18
3053.65
21680.9
2474.94
9253.29
1576.65
16337.3
2141.39
7468.14
2636.7
19964.5
2076.16
8560.79
2714.55
16384.5
2139.37
8528.5
2829.32
22833.4
2233.37
8522.52
2872.22
17863.9
2431.8
9202.24
3670.84
20400
2345.87
8511.72
3251.54
16991.9
3247.14
9269.09
3337.66
17591.1
3125.55
9611.16
2002.64
16580.3
2755.07
8822.22
3420.92
20351.3
2614.6
8688.42
3270.45
16927.1
2601.92
8720.38
3241.24
22795.5
2487.33
8510.88
3139.6
17798.2
2415.76
8417.96
3040.61
19534.6
2402.33
8402.78
3029.81
16779.5
2447.73
8581.41
2927.02
22407.3
2850.47
9200.18
1863.58
16759.7
2395.2
8507.96
2943.22
19663.9
2367.04
8610.88
2930.44
17837.7
2378.01
8634.7
2921.08
22054.7
2382.8
8303.45
3043.97
16770.2
2473.91
8296.8
3136.52
19692.6
2487.18
8772.99
3208.9
17304.2
2594.38
8419.7
3314.91
22426.3
3301.12
8138.78
2206.07
16379.8
2796.63
7774.6
3507.16
19419.8
2762.61
8485.39
3491.09
16703.5
2753.83
8528.16
3452.08
22378.6
2760.68
8378.59
3515.38
16308.9
2773.93
8432.12
3461.39
19445.2
2687.19
8389.59
3387
15989.4
2658.65
8326.04
3410.4
22289.8
3351.72
9197.98
2195.34
15133.4
2738.73
7491.8
3551.42
21648.6
2760.69
8000.76
3406.2
16906.8
2682.65
8371.52
3376.83
21702.3
2548.29
8485.55
3428.75
16703
2626.72
8173.98
3398.38
19003.4
2439.85
8348.69
3611.65
16463.1
2503.29
8090.36
3524.62
19235
3230.92
8502.91
1859.93
15394.8
2652.74
7396.14
3396.82
20021.4
2302.54
8437.83
2243.65
15705
2231.1
7671.59
2988.77
20818
2065.77
7723.39
2881.94
15782.4
2055.15
7811.79
2794.53
19549.2
1993.18
7910.99
2714.85
15927.7
1969.41
8011.14
2699.62
18942.7
