1.02088
1.08195
1.03273
1.03232
1.03462
1.03738
1.03548
1.03506
1.03692
1.03525
1.03655
1.03821
1.03666
1.04133
1.04453
1.04521
1.04506
1.05236
1.04796
1.04988
1.05186
1.05215
1.04844
1.0493
1.05188
1.05246
1.05252
1.05291
1.05402
1.05435
1.05894
1.06221
1.05818
1.06218
1.06233
1.06041
1.06097
1.06163
1.07048
1.07041
1.07032
1.06616
1.07086
1.06281
1.06777
1.06795
1.07055
1.07094
1.06782
1.06766
1.06913
1.06868
1.06877
1.07612
1.07637
1.07256
1.06411
1.07019
1.07006
1.07009
1.06946
1.06735
1.06769
1.06734
1.072
1.06763
1.06646
1.066
1.06552
1.06542
1.0664
1.07001
1.06608
1.06475
1.06255
1.06248
1.06751
1.12171
1.05989
1.10571
1.05912
1.08282
1.06262
1.11176
1.09858
1.06174
1.11312
1.10279
1.10699
1.06086
1.10547
1.12411
1.09892
1.06082
1.11692
1.19098
1.10446
1.06404
1.10374
1.32791
1.11746
1.05842
1.09946
1.51687
1.10334
1.05728
1.10604
1.91043
1.12752
1.06687
1.1181
2.37757
1.11615
1.05625
1.10781
3.04876
1.10444
1.11451
1.06517
1.11785
1.1622
1.12773
3.59221
1.11198
1.10926
1.13593
1.06468
1.11156
1.12349
3.99459
1.12017
1.05055
1.10252
4.19701
1.11912
1.06314
1.10772
4.2645
1.11963
1.06122
1.12452
4.23322
1.12358
1.0602
1.13392
4.84613
1.14581
1.06006
1.1413
5.37347
1.17938
1.04711
1.13525
5.81832
1.19696
1.05713
1.19339
6.06988
1.17949
1.04539
1.08762
1.18497
1.09929
6.25001
1.11369
1.19747
1.11666
1.04374
1.09636
1.21132
6.34483
1.2008
1.03636
1.09969
1.22047
1.10497
6.3463
1.10906
1.1625
1.12009
1.04342
1.10554
1.3063
1.13601
6.29064
1.10886
1.41719
1.1123
1.03603
1.11146
1.40189
1.10619
6.12568
1.11942
1.45199
1.11362
1.03594
1.13635
1.5345
1.11512
5.96949
1.11124
1.57805
1.10232
1.03368
1.09332
1.633
1.09432
5.79736
1.10392
1.58406
1.1145
1.03237
1.11424
1.63565
1.11721
5.5889
1.10426
1.73869
1.09716
1.03012
1.08901
1.74677
1.10206
5.52879
1.11766
1.85361
1.1222
1.04174
1.11754
1.92925
1.08792
5.29814
1.10714
2.01627
1.08601
1.04134
1.08599
2.23378
1.11228
5.18737
1.10613
2.35623
1.09863
1.04549
1.09343
2.37479
1.09772
4.96472
1.0947
2.32784
1.08166
1.0412
1.08969
2.41042
1.1062
4.84542
1.08417
2.48099
1.09224
1.04137
1.08422
2.44028
1.09578
4.67533
1.08675
2.39281
1.08052
1.04942
1.11827
2.32649
1.11496
4.52453
1.09497
2.32076
1.072
1.0527
1.07008
2.38511
1.08626
4.27589
1.09204
2.31498
1.10429
1.05699
1.08038
2.27486
1.09573
4.11765
1.07258
2.35546
1.09576
1.06757
1.10203
2.47274
1.12703
4.04371
1.08785
2.54211
1.09287
1.07438
1.09098
2.49648
1.07233
3.89216
1.10023
2.46877
1.15078
1.0786
1.06056
2.48871
1.08535
3.66211
1.0775
2.48212
1.09254
1.08274
1.08693
2.42212
1.09095
3.52556
1.08681
2.44605
1.09328
1.08922
1.09101
2.37591
1.08909
3.38473
1.10679
2.44239
1.11497
1.08736
1.08149
2.40607
1.0782
3.18364
1.10764
2.42612
1.11224
1.09343
1.17725
2.50458
1.10018
3.05478
1.09666
2.51913
1.10534
1.09629
1.11196
2.55601
1.08581
2.93405
1.07621
2.62767
1.07312
1.10702
1.1098
2.65202
1.09031
2.81585
1.10855
2.63383
1.08849
1.10687
1.12683
2.58313
1.1201
2.70241
1.11116
2.55976
1.15751
1.11616
1.13793
2.54592
1.21625
2.60056
1.18943
2.52799
1.22568
1.11524
1.24982
2.48257
1.41794
2.47933
1.41746
2.49237
1.42126
1.12801
1.45872
2.51265
1.51631
2.38525
1.57361
2.51089
1.61955
1.1274
1.69527
2.5144
1.69163
2.28368
1.68923
2.53533
1.64978
1.13331
1.68448
2.48247
1.73108
2.12451
1.75925
2.44896
1.79469
1.14043
1.88053
2.43167
1.92091
2.0449
1.89402
2.48799
1.86057
1.13856
1.84987
2.50598
1.89882
1.97632
2.00287
2.53707
1.98886
1.14457
1.9767
2.50341
1.96986
1.91092
2.01388
2.51341
1.9806
1.14452
2.03486
2.48709
2.00878
1.80852
2.01918
2.53065
1.94402
1.15597
1.91937
2.5234
1.99247
1.74501
2.15856
2.53829
2.08204
1.1725
2.12654
2.51977
2.19839
1.69737
2.15621
2.51573
2.10109
1.17545
2.09012
2.51758
2.07662
1.62337
1.12385
2.12024
2.50763
2.20775
1.17824
1.13169
2.24859
1.12881
2.51977
1.13079
2.29047
1.15364
1.58983
1.13806
2.26248
1.15444
2.53301
1.13187
2.26979
1.13753
1.19083
1.1469
2.31067
1.15443
2.52134
1.1449
2.3922
1.12414
1.54295
1.12974
2.48036
2.52075
2.61685
1.19216
2.55086
2.50888
2.64973
1.14071
1.51545
1.13274
2.77956
1.13105
2.54392
1.1371
2.91667
1.13111
1.21856
1.15164
2.91495
1.14277
2.544
1.15862
2.98948
1.13438
1.48877
1.15186
3.06689
1.15546
2.52714
1.18351
3.11673
1.14373
1.23257
1.13478
3.12252
1.14501
2.53305
1.11824
3.17939
1.15277
1.46201
1.17688
3.19804
1.16111
2.53784
1.16376
3.29251
1.17196
1.23969
1.12872
3.17102
1.12762
2.53492
1.13017
3.35538
1.12002
1.44731
3.36273
1.16097
2.52323
1.12961
3.37244
1.15998
1.25403
1.14912
3.31368
1.16625
2.50774
1.11043
3.36945
1.11969
1.41893
1.14732
3.36469
1.1569
2.52422
1.15015
3.42978
1.12652
1.24019
1.16233
3.32396
1.15304
2.49442
1.14687
3.41179
1.1364
1.39593
1.14872
3.34556
1.16112
2.49653
1.15614
3.39602
1.2442
3.26517
1.17838
2.4888
1.1252
3.33227
1.1503
1.38106
1.11599
3.23866
1.12957
2.48515
1.14376
3.36803
1.12478
1.26564
1.15142
3.3228
1.15271
2.48107
1.16241
3.37523
1.14905
1.35961
1.16438
3.39683
1.17635
2.49734
1.15253
3.4426
1.13181
1.29154
1.14963
3.44445
1.15497
2.48727
1.15797
3.46825
1.17422
1.35493
1.17003
3.52577
1.15941
2.47042
1.17732
3.55687
1.16036
1.29476
1.13935
3.52588
1.16673
2.46526
1.14114
3.60577
1.14258
1.33795
1.18536
3.58345
1.17166
2.48282
1.15839
3.63852
1.16296
1.26048
1.17092
3.70731
1.16776
2.47446
1.16182
3.74855
1.15207
1.31803
1.15976
3.71829
1.18575
2.477
1.16082
3.84889
1.19769
1.30159
1.15519
3.77261
1.16956
2.45671
1.16447
3.84515
1.2079
1.30507
1.21959
3.78929
1.23955
2.46272
1.27757
3.92619
1.32228
1.30487
1.34089
3.81096
1.33226
2.44331
1.42689
3.87351
1.47232
1.30377
1.55821
3.86663
1.63247
2.43085
1.79476
3.96797
1.9466
1.27059
1.86974
3.84681
2.02005
2.41239
2.06426
3.92342
2.15287
1.29003
2.09366
3.89634
2.05455
2.4339
2.09061
3.93776
2.13367
1.3017
1.92104
3.81295
1.94329
2.38823
2.0601
3.90519
2.02001
1.29612
1.91489
3.83671
1.88653
2.4026
1.94983
3.9325
1.98423
1.30019
1.85883
3.7761
1.82146
2.37679
1.84993
3.86555
1.9293
1.27625
1.78974
3.78081
1.77006
2.38438
1.75539
3.73819
1.71365
1.31024
1.68664
3.77287
1.69644
2.36835
1.65223
3.72547
1.59714
1.27703
1.63865
3.71936
1.67348
2.38043
1.6808
3.72345
1.68558
1.31273
1.72775
3.7323
1.71981
2.37083
1.81513
3.72877
1.75748
1.26551
1.76661
3.79783
1.85519
2.36584
1.95223
3.69375
1.92213
1.3272
1.9786
3.77591
1.97895
2.28492
1.99745
3.79385
1.97042
1.278
1.83305
3.83084
1.80517
2.2685
1.94082
3.81022
2.2239
1.32968
2.30224
3.81114
2.56176
2.26496
2.72536
3.83082
2.9562
1.27791
3.04415
3.80614
3.19916
2.2486
3.13444
3.78173
3.31932
1.33714
3.22453
3.7202
3.41831
2.24791
3.32018
3.74997
3.65449
1.24849
3.50591
3.71652
3.79159
2.24696
3.7977
3.73514
4.12932
1.30113
3.9542
3.65656
4.29789
2.25715
4.25085
3.70798
4.81952
1.21546
4.60982
3.68113
5.05373
2.23761
4.8562
3.66295
5.34009
1.31475
4.88979
3.62624
5.39449
2.23923
5.28924
3.63261
5.92055
1.21492
5.30426
3.61097
5.72082
2.21412
4.88628
3.60544
5.35336
1.30835
4.59105
3.60214
4.7689
2.20178
4.43461
3.64158
4.64232
1.22627
4.15165
3.63451
4.38258
2.19646
3.96102
3.64628
4.24379
1.3197
4.13025
3.60461
4.28851
2.19842
4.2556
3.61919
4.59527
1.22345
4.55172
3.62995
4.89792
2.09347
4.72888
3.57117
5.07922
1.35662
5.17302
3.59283
5.58764
2.10787
5.472
3.57506
6.15569
1.24785
5.80451
3.58448
6.4644
2.09557
6.32408
3.61735
6.94559
1.37459
6.27348
3.4482
6.71362
2.11704
6.55986
3.57883
7.0902
1.23472
6.49597
3.50082
7.03957
2.07993
6.5853
3.50623
7.17597
1.3963
6.55829
3.4272
6.94391
2.10352
6.61898
3.48108
7.0394
1.27965
6.6178
3.4578
7.11915
2.05731
6.68493
3.47297
7.21069
1.38404
6.44145
3.40442
6.85045
2.08319
6.54948
3.44035
6.9055
1.26074
6.33518
3.42575
6.64261
2.05463
6.09765
3.41093
6.55177
1.40757
6.22356
3.3674
6.63991
2.082
6.4425
3.42524
7.0228
1.22205
6.71313
3.43126
7.05377
2.09895
6.52335
3.40138
7.021
1.34972
6.42263
3.41056
6.90861
2.05242
6.56259
3.44407
6.99471
1.20626
6.62984
3.41382
7.01639
2.07268
6.58467
3.42615
7.02492
1.34637
6.40944
3.37441
6.7851
2.08688
6.58336
3.44937
6.95317
1.21853
6.50459
3.42464
6.87123
2.07002
6.51066
3.41988
6.89386
1.36071
6.4012
3.40902
6.73584
2.0525
6.54231
3.41379
6.92446
1.25788
6.08877
2.9133
6.3552
2.04614
6.0427
2.92763
6.28661
1.368
6.40125
3.33774
6.71456
2.04863
6.67549
3.38724
6.93419
1.2457
6.03061
2.92416
6.27262
2.02384
5.98014
2.93563
6.17536
1.36765
6.50505
3.3349
6.75036
2.03466
6.07036
2.95028
6.33264
1.23083
6.04359
2.95049
6.21622
1.96877
5.85003
2.95313
5.99825
1.3682
5.63608
2.91216
5.78226
1.98291
5.57467
2.95973
5.87127
1.21518
5.41631
2.91687
5.65437
1.96076
5.37855
2.90644
5.52043
1.37031
5.16667
2.8442
5.40419
1.97466
5.35714
2.88219
5.60939
1.24884
5.28233
2.86782
5.64415
1.96536
1.37781
5.31059
2.84819
5.62101
1.36562
5.22492
2.78489
5.5689
1.92674
1.39896
5.42673
1.36445
2.82333
5.80786
1.24622
5.4186
2.79975
5.81982
1.92002
5.49699
2.79349
5.84611
1.37673
5.44104
2.74719
5.80122
1.93963
5.63122
2.79215
6.03229
1.25093
5.67945
2.78083
6.1122
1.93766
5.72598
2.76949
6.16815
1.37118
5.774
2.70462
6.06302
1.95279
5.88379
2.75333
6.23273
1.2485
5.86841
2.76231
6.23682
1.95034
5.72179
2.60436
6.02416
1.40537
5.70261
2.71148
5.9986
1.96365
5.75416
2.74198
5.97742
1.25118
5.45213
2.60658
5.70815
1.95486
5.35582
2.61598
5.62532
1.44076
5.29167
2.61474
5.5731
1.88255
5.328
2.63293
5.63126
1.25079
5.20033
2.60571
5.49241
1.87955
5.0637
2.5274
5.41896
1.43426
4.99188
2.58227
5.3192
1.86657
5.23631
2.62918
5.61994
1.25468
5.22562
2.5288
5.71115
1.86444
5.38527
2.49233
5.91498
1.43221
5.7651
2.62441
6.26986
1.844
5.73223
2.51335
6.31605
1.25242
5.97387
2.48625
1.42142
6.56857
1.36533
1.84614
1.41638
6.01553
1.40257
2.41964
1.39648
6.59202
1.40392
1.42676
1.37917
6.19508
1.38495
2.56821
1.3594
6.788
1.405
1.75603
1.39936
6.14217
1.37405
2.24109
1.37267
6.731
1.36573
1.2987
1.38793
6.13563
1.35451
2.25088
1.361
6.74587
1.35981
1.73556
1.45535
6.05671
2.31348
2.25874
3.03677
6.7524
3.92688
1.40357
2.8638
5.59314
3.81148
2.49604
4.75822
6.40474
5.76955
1.78544
4.34689
5.80814
5.18622
2.23415
6.10753
6.50676
6.97215
1.39239
4.06103
4.41025
4.80872
2.10256
5.22943
5.04338
5.57172
1.77059
4.53133
5.49494
5.26448
2.23146
5.62505
6.1335
5.98527
1.43014
3.96748
5.47737
4.39814
2.45566
4.80918
6.08154
4.81958
1.72262
3.26869
5.22196
3.48316
2.18051
3.44439
5.77992
3.59257
1.35975
2.33808
5.02305
2.27264
2.18716
2.5981
5.51764
2.62939
1.70151
1.66183
4.94529
1.65033
2.17285
1.60084
5.46879
1.85069
1.44154
1.37312
4.92285
1.39895
2.49109
1.50327
5.39626
1.41404
1.70659
1.40415
4.71005
1.36631
2.15212
1.41452
4.47969
1.38403
1.36934
1.37075
4.90883
1.37495
2.53449
1.37406
4.4068
1.39337
1.69077
1.37099
4.82407
1.37706
2.51374
1.37092
4.33364
1.37906
1.45476
1.39815
4.6589
1.41344
2.47871
1.39995
4.30959
1.43947
1.69241
1.4173
4.70066
1.46152
2.52153
1.44686
4.28433
1.45778
1.41739
1.44151
4.74713
1.44791
2.51972
1.43134
4.27164
1.50162
1.68713
1.4884
4.78224
2.53053
4.29059
1.47318
4.60443
1.47057
2.45187
1.46882
4.27946
1.69131
1.44964
4.8236
1.44994
2.32657
1.46738
4.80934
1.47789
1.41879
1.45806
4.80297
1.43964
2.32239
1.41409
4.81627
1.42934
1.68655
1.44565
4.36692
1.45715
2.0085
1.45517
4.33806
1.46465
1.46029
1.46142
4.70586
1.49721
2.30546
1.45497
4.79643
1.4488
1.67905
1.43785
4.28011
1.44889
2.00023
1.45216
4.25243
1.40916
1.41122
1.42784
4.21911
1.43578
1.99374
1.44342
4.19776
1.40573
1.67771
1.41648
4.1711
1.40948
1.98734
1.41301
4.16489
1.43552
1.46189
1.42505
4.59032
1.43558
2.25672
1.48349
4.62754
1.58267
1.67401
1.41642
4.03415
1.41726
1.97019
1.4296
3.99268
1.42379
1.41665
1.45561
3.925
1.46483
2.2449
1.44467
4.55115
1.48546
1.72938
1.47194
4.58208
1.46827
1.97278
1.4608
3.91107
1.48236
1.46718
1.48671
4.46596
1.47026
2.25077
1.46924
4.54995
1.48214
1.7192
1.49149
4.59477
1.47645
2.25337
1.44208
4.64641
1.46159
1.4234
1.49304
3.90676
1.48714
1.95913
1.49095
3.93537
1.4591
1.6492
1.47281
4.00584
1.49093
1.96348
1.44617
3.97869
1.49425
1.47875
1.47767
4.70806
1.46025
2.04388
1.48171
4.13585
1.44322
1.57921
1.46068
4.11935
1.43335
2.02745
1.47056
4.07827
1.48072
1.43763
1.47901
4.08275
1.47395
1.98003
1.4978
4.02033
1.49831
1.57841
1.4743
4.03153
1.4705
2.02119
1.45967
3.9815
1.48295
1.64434
1.45938
3.91982
1.45792
1.96507
1.46451
3.93977
1.50864
1.54634
1.50999
3.8697
1.51507
1.95607
1.48175
3.86814
1.4974
1.4781
1.4899
3.81706
1.46474
1.95145
1.47437
3.79084
1.45422
1.4854
1.48086
3.77554
1.47906
1.94486
1.42453
3.71786
1.45915
1.63598
1.44802
3.63653
1.42022
1.94395
1.45126
3.6657
1.4449
1.49586
1.44403
3.64373
1.45209
1.96069
1.43814
3.65284
1.4459
1.46869
1.47168
3.68044
1.44693
1.94801
1.43459
3.66295
1.51395
1.49275
1.43005
3.64104
1.56751
1.92613
1.4342
3.6598
1.50308
1.57655
1.41587
3.61298
1.42049
1.93371
1.44184
3.68507
1.56087
1.48306
1.51751
3.17943
1.66737
1.8702
1.73074
3.17358
1.95231
1.4529
1.89618
3.67823
2.25703
1.95084
2.07625
3.6873
2.38529
1.50925
2.23171
3.71977
2.70146
1.95304
2.54904
3.73922
3.00234
1.55119
2.73624
3.70768
3.21512
1.94398
3.09976
3.7043
3.43468
1.47595
3.17066
3.20356
3.5449
1.86268
3.14239
3.19559
3.61829
1.48335
3.13518
3.18546
3.61166
1.86394
3.07765
3.17998
3.43395
1.47569
3.10185
3.16741
3.40859
1.86777
2.94185
3.16707
3.31736
1.54703
3.03827
3.11782
3.34824
1.93433
3.13602
3.69266
3.4627
1.47373
3.15771
3.13214
3.69052
1.86737
3.24753
3.1536
3.70043
1.49627
3.15416
3.14156
3.4451
1.86936
3.07678
3.16301
3.43817
1.47181
2.81498
3.14395
2.99875
1.87041
2.58885
3.12764
2.80112
1.55696
2.34791
3.13274
2.53235
1.85621
2.4878
3.11965
2.79458
1.47835
2.2105
3.06065
2.45836
1.8737
2.16196
3.06349
2.43805
1.51534
2.49197
3.01716
3.02333
1.87337
2.77027
3.03804
3.52077
1.47649
3.34594
3.01972
3.99027
1.86772
3.54171
3.02206
4.31662
1.5884
3.82855
3.02265
4.45961
1.87212
4.28143
3.0248
5.09084
1.47672
4.3791
2.9654
5.13627
1.88368
4.45201
2.94883
5.03367
1.52234
4.31177
2.94745
4.9124
1.88412
4.0767
2.92544
5.0248
1.484
4.37627
2.90716
5.35358
1.90359
5.0785
2.89914
6.41099
1.58103
5.38558
2.86094
6.72792
1.89812
6.61692
2.8517
8.29618
1.48942
7.40172
2.85665
9.2838
1.90554
7.99313
2.85611
9.48783
1.53476
8.18741
2.84944
9.53608
1.89693
7.98394
2.82873
9.24578
1.4219
7.78755
2.80433
9.14183
1.72584
7.79031
2.77867
9.08337
1.78111
7.542
2.78798
8.74354
1.73722
8.06799
2.79162
9.28129
1.42958
7.89382
2.81746
8.88252
1.73592
7.72161
2.83214
8.86241
1.63179
7.71539
2.83127
8.99607
1.74395
7.70743
2.83066
8.76873
1.42772
7.46525
2.80394
8.34118
1.66986
7.04675
2.60027
7.76735
2.02192
6.3789
2.77426
7.44419
1.75666
6.57195
2.80615
7.42545
1.44154
6.11443
2.6215
6.83865
1.66941
5.92972
2.61469
6.95129
1.65168
5.82954
2.6529
6.55125
1.63824
5.49342
2.64062
6.11761
1.44554
4.9608
2.66074
5.70683
1.62796
4.85779
2.6733
5.39276
2.01111
4.29442
2.70889
4.71149
1.63171
4.12046
2.73705
4.60078
1.45239
3.54461
2.78016
4.21629
1.6179
3.59099
2.79442
4.20596
1.67697
3.55917
2.822
4.21661
1.61921
3.89301
2.86107
4.63564
1.45217
3.88307
2.88931
4.77293
1.62041
3.85443
2.93846
4.34053
2.04833
3.53791
2.96903
4.16622
1.62089
4.02466
3.0094
4.8199
1.43424
4.12858
3.02595
4.95801
1.65977
4.2926
2.73963
4.96068
1.56075
4.45317
2.74479
5.23694
1.67503
4.42797
2.73497
5.15788
1.40167
4.29382
2.73078
4.90647
1.60876
4.09691
2.70659
4.73071
1.91849
4.00079
2.72118
4.49612
1.57962
4.06586
2.73546
4.6222
1.40106
3.9071
2.7488
4.5126
1.59945
3.84537
2.75489
4.37221
1.59684
3.67023
2.75448
4.10421
1.60137
3.57345
2.74901
3.9497
1.40519
3.68351
2.7439
4.57127
1.60414
4.94827
2.7453
6.02301
2.09968
5.85981
2.7084
6.4812
1.6207
6.24252
2.74322
7.09241
1.43481
6.74248
2.75646
7.30896
1.48973
5.73675
2.86839
6.35786
1.69566
5.78769
2.8722
6.3141
1.45853
5.44979
2.85598
6.12895
1.4375
5.50241
2.94884
6.36263
1.49843
5.73041
2.96258
6.69689
1.86012
5.29816
2.98089
5.98187
1.65211
5.43123
3.05884
5.86598
1.46663
5.22393
3.00082
5.56513
1.55187
6.86762
3.12725
7.80257
1.74568
6.97277
3.12279
7.68708
1.55325
6.8559
3.15507
7.36582
1.48811
6.44831
3.16117
6.85371
1.5543
5.94815
3.19393
6.37863
2.07779
5.61063
3.18088
5.7014
1.56129
6.40329
3.2315
8.02278
1.43738
7.09533
3.00728
8.27199
1.57258
7.78045
3.29971
8.87062
1.93122
7.80705
3.3488
8.73678
1.58653
7.53396
3.38964
8.19102
1.55897
7.46719
3.11849
8.14156
1.4907
7.46403
3.171
8.14468
2.31061
7.02697
3.19969
7.67273
1.39242
7.15917
2.92927
7.62288
1.61816
6.832
2.93082
7.14559
1.48381
6.4379
2.95496
6.43995
2.07062
6.34239
2.84401
7.40954
1.50009
7.1823
2.7556
8.38295
1.54813
8.20713
2.76808
9.69465
1.57615
9.2288
2.6377
10.9572
2.15548
10.038
2.77041
11.851
1.58126
11.0462
2.64743
12.8179
1.6539
11.6254
2.67172
13.3998
1.53512
8.80736
2.36055
10.1006
1.97111
10.4485
2.70443
11.8727
1.64262
10.5023
2.71133
11.8901
1.84024
10.6076
2.69521
11.8879
1.64428
10.3969
2.70067
11.7268
2.08563
11.9736
2.69042
13.4187
1.56933
11.7207
2.59903
13.0075
1.74953
11.4484
2.60471
12.8446
1.61779
11.5066
2.61019
12.9473
1.84217
11.5172
2.60139
12.8745
1.57966
11.2523
2.64424
12.4462
1.72027
10.7499
2.60735
11.6456
1.56309
10.1323
2.60001
10.679
2.05984
9.73185
2.90658
10.2121
1.49688
8.99339
2.9142
9.5913
1.55683
8.03373
2.85907
8.46611
1.64265
6.98345
2.83485
7.44423
1.76745
6.38861
2.83765
6.87386
1.51227
5.72278
2.93606
6.45118
1.52372
6.29376
2.89916
7.29107
1.47037
7.06212
2.93479
8.19519
2.07102
8.1096
3.23404
8.89045
1.53351
8.80629
3.21781
9.85485
1.51297
9.21778
3.01335
10.0464
1.49133
9.33315
2.99787
10.272
1.75302
9.57129
3.00315
10.8125
1.48916
10.1681
3.00217
11.4516
1.50659
10.0704
3.1584
11.3487
1.46666
10.1608
3.12375
11.2273
2.04425
9.69046
3.23382
10.636
1.47022
9.66654
3.0436
10.7172
1.50873
9.54135
2.97631
10.7931
1.46825
10.1891
3.15067
11.7021
1.66443
10.6649
2.96303
12.2503
1.51465
11.5584
3.05078
12.775
1.50752
11.6902
3.06229
13.2201
1.5123
11.0275
2.905
12.486
1.99114
11.6513
3.11337
12.7288
1.50611
10.9868
3.13243
11.882
1.51177
10.4705
2.88649
11.276
1.49609
9.94658
2.88814
10.7859
1.74091
9.30837
2.8954
10.0435
1.48987
9.18695
2.91479
10.3825
1.50554
9.90205
2.94665
10.8352
1.58967
9.65112
2.96294
10.3507
2.06892
9.06457
3.414
9.71585
1.60001
9.30343
3.16537
9.98376
1.51604
8.90989
2.93292
9.60234
1.59096
8.74747
2.93549
9.37046
1.81086
8.62363
2.92041
9.35636
1.57844
8.66304
3.22889
9.35201
1.4702
8.69495
3.25365
9.47457
1.5689
8.77771
3.25794
9.53804
2.02847
8.26826
3.01361
9.01639
1.57179
8.73148
2.77865
9.47685
1.51715
8.85284
2.90592
9.49889
1.58149
8.73109
2.9066
8.98531
1.76402
7.97902
2.78653
8.14818
1.58436
7.55718
2.74963
8.63765
1.514
7.42032
2.52504
8.58327
1.58909
7.73603
2.54016
8.94206
2.01484
7.7835
2.67181
9.0923
1.60093
8.34507
2.54323
9.61152
1.56777
8.41683
2.44119
9.8203
1.5987
8.69262
2.41001
10.0015
1.75499
8.74328
2.39234
9.89158
1.59318
8.36193
2.38505
9.23239
1.60349
7.96837
2.40611
8.89504
1.59213
7.76766
2.40506
8.53082
2.05412
7.8581
2.76565
8.68802
1.59208
7.46717
2.64496
8.18127
1.58502
7.02657
2.41701
7.59171
1.6427
6.81453
2.61241
7.54223
1.80089
6.79612
2.58996
7.36744
1.64689
6.57331
2.57498
7.30021
1.53697
6.63069
2.55185
7.42104
1.64361
6.81902
2.53704
7.69656
2.06774
7.97609
2.68287
9.13899
1.71078
7.5367
2.53397
8.58485
1.60864
7.49479
2.34541
8.45523
1.66994
7.77172
2.34341
8.9323
1.76023
8.18492
2.33802
9.32858
1.65994
8.3917
2.30445
9.51256
1.61018
8.41077
2.27786
9.3374
1.65007
8.2364
2.2939
9.13264
2.06201
8.7851
2.55963
9.69058
1.65977
7.78326
2.31701
8.54721
1.58976
7.47257
2.2868
8.10368
1.66772
6.974
2.31419
7.56839
1.78172
6.62841
2.30057
7.28181
1.6793
6.66206
2.40254
7.28895
1.5559
6.44266
2.30057
7.08165
1.67444
6.3498
2.39119
7.01039
2.07827
7.43586
2.58828
8.13502
1.67739
7.02101
2.44337
7.26565
1.54941
6.88779
2.43437
7.2446
1.67641
6.82622
2.41054
7.05586
1.85655
6.56482
2.39094
6.88022
1.68998
6.53122
2.37851
6.83
1.55322
6.38715
2.36073
6.67331
1.68197
6.24005
2.32306
6.50923
2.11274
7.31847
2.51921
8.29528
1.77846
6.13457
2.43011
6.45782
1.55256
6.16094
2.24765
6.58534
1.68805
6.15658
2.2661
6.45541
1.84436
6.16499
2.27185
6.56139
1.68907
6.28687
2.30287
6.75354
1.55495
6.40088
2.31492
6.83876
1.68055
6.56039
2.33314
7.04694
2.11475
6.70155
2.55009
7.23281
1.68143
6.70359
2.36581
7.15958
1.55402
6.86795
2.36966
7.34629
1.67832
6.91565
2.34907
7.45183
1.8353
6.13653
2.16763
6.5444
1.59416
6.16819
2.18064
6.64019
1.53678
6.86331
2.41722
7.26689
1.80714
6.7369
2.4152
7.153
2.12117
6.95057
2.66027
7.29076
1.70755
6.89188
2.80468
7.83642
1.58917
6.30432
2.19921
6.76991
1.69992
6.24562
2.18715
6.57817
1.85639
6.06652
2.19818
6.32058
1.6955
5.95847
2.19246
6.24149
1.55631
5.9212
2.18642
6.17967
1.92482
6.38366
2.21115
6.54123
2.44041
9.10987
2.52673
9.84408
1.91802
5.97392
2.22809
6.16432
1.69221
5.55294
2.20603
6.04882
1.88687
5.37903
2.18773
5.7646
1.74741
5.17979
2.15221
5.32356
1.87441
4.99359
2.16106
5.31086
1.74845
5.1326
2.1701
5.29885
1.77705
4.84744
2.00043
5.0849
2.41415
7.60796
2.78147
8.39207
1.8833
5.00805
2.19733
5.09077
1.74162
7.04041
2.50473
7.48997
1.86208
6.92469
2.49839
7.48547
2.14205
6.95887
2.46821
7.54376
1.85453
6.94526
2.41526
7.42855
1.72736
6.98367
2.4277
7.60774
1.69969
6.94073
2.37991
7.4839
2.33973
6.50111
2.27724
7.16087
1.56453
6.7911
2.34043
7.42899
1.69028
6.80386
2.32902
7.39984
1.70909
6.80337
2.32867
7.38236
1.65323
6.62126
2.32802
7.21043
1.70865
6.58976
2.36122
7.04162
1.66287
6.38975
2.32614
6.78379
1.50594
6.17644
2.29764
6.55058
2.27196
5.89535
2.19731
6.55062
1.39206
6.26646
2.27397
6.85613
1.7354
6.29186
2.26211
6.97884
1.4951
5.79293
2.52023
6.442
2.09687
5.81986
2.50679
6.53976
1.4891
6.15459
2.47858
7.01343
1.90975
6.25094
2.1594
7.12128
1.50846
6.54542
2.42077
7.3275
2.41998
6.23465
2.33183
7.08146
1.49984
6.58961
2.37669
7.36263
1.8842
6.58028
2.52722
7.30495
1.55829
6.45194
2.51962
7.23854
1.71604
6.52551
2.19095
7.36816
1.63146
6.64362
2.19172
7.53616
1.82847
6.71065
2.17068
7.47448
1.61462
6.68707
2.18197
7.52949
1.8407
7.593
2.2657
8.49697
1.61455
6.64824
2.08453
7.35901
1.82518
6.56108
2.08421
7.2895
1.62353
6.37253
2.10867
7.14119
1.58159
6.43089
2.11396
7.19527
1.72071
7.28739
2.28299
7.94738
1.72767
7.40283
2.28405
8.06898
1.719
7.30516
2.25494
7.98006
1.90158
6.35609
2.21402
6.9919
1.4838
6.41776
2.40574
7.15016
1.59796
6.48664
2.09826
7.24027
1.65511
6.39539
2.13379
7.07043
1.76299
6.33359
2.12108
6.89877
1.6379
6.23587
2.1032
6.8104
1.8574
6.08244
2.09674
6.5333
1.63552
5.94835
2.07812
6.14815
1.95431
5.78102
2.26069
6.3532
1.47331
5.48095
2.30117
5.79276
1.88108
5.49869
2.07255
5.50655
1.63117
5.22654
2.07643
5.23208
1.88905
4.94992
2.07718
4.94845
1.63428
4.768
2.18677
4.93342
1.90824
4.72219
2.18363
4.82194
1.62392
4.66355
2.16849
4.7325
2.1208
6.13907
2.18061
7.04434
1.57878
4.80194
2.22563
5.49728
1.66545
6.60686
2.23997
7.4254
1.52855
6.65481
2.30832
7.48172
1.66116
6.4856
2.31022
7.23975
1.56146
6.39349
2.29198
7.13941
1.61309
6.29459
2.30409
6.9983
1.57516
6.35738
2.30587
7.07592
1.72869
8.10596
2.29033
9.34297
1.57921
6.01589
2.30642
6.55211
1.61963
5.7295
2.39736
6.14243
1.67357
6.99061
2.77201
8.05784
1.7335
5.90757
2.20481
6.74741
1.69208
7.28895
2.79918
8.45078
1.579
7.36087
2.79459
8.47884
1.70213
7.3183
2.78311
8.42457
1.65929
7.345
2.40188
8.52143
1.65833
7.71781
2.58635
8.79951
1.57971
7.39214
2.58517
8.36247
1.65745
7.20492
2.58246
8.08613
1.58398
6.97994
2.67043
7.81508
1.67609
6.62405
2.66719
7.41567
1.63128
6.76115
2.66405
7.46742
1.69112
6.33003
2.66961
6.87838
1.67552
7.16688
2.41662
8.08668
1.49784
5.76245
2.30206
6.26116
1.58315
6.60107
2.68862
7.29415
1.71787
6.3984
2.68404
6.98393
1.58797
6.02573
2.69603
6.433
1.66881
5.61515
2.49953
6.02472
1.58041
5.31266
2.51547
5.57468
1.68718
4.95223
2.5062
5.41763
1.68125
5.04362
2.30231
5.44714
1.64877
5.32098
2.3647
5.88737
1.5474
5.54948
2.39315
6.19598
1.70922
5.6677
2.35829
6.34605
1.75698
6.34975
2.46823
6.45493
1.79232
5.74443
2.49965
6.39573
1.46009
5.70261
2.48962
6.3386
1.8067
5.55396
2.46501
6.21379
2.06586
6.39063
2.18369
7.55568
1.74889
6.42186
2.43428
7.15533
1.39678
5.9893
2.34969
6.70854
1.88339
6.10803
2.6174
6.82011
1.71037
6.14719
2.59479
6.87457
1.90008
6.17107
2.57719
6.86873
1.80688
6.16712
2.56812
6.93394
1.93536
6.21499
2.5525
6.91524
1.8814
6.08337
2.2474
6.7409
1.85021
6.37828
2.43892
7.07481
1.83921
6.2746
2.73254
7.07297
1.68293
5.36114
2.1633
6.02087
1.78829
4.99506
2.23822
5.53984
1.73375
4.88365
2.27164
5.24199
1.8005
5.01129
2.29003
5.3677
1.77557
5.04361
2.31715
5.3941
1.8876
5.38961
2.09959
5.92992
1.76643
5.4664
2.31609
5.95579
1.81649
5.55343
2.40024
6.13264
1.81813
5.4321
2.19828
6.10398
1.71827
5.59643
2.1964
6.35869
1.86612
5.64194
2.2376
6.28544
1.77833
5.6378
2.26763
6.3577
1.7239
5.7846
2.14286
6.26391
1.83347
5.38641
2.18383
6.08569
1.78961
6.57416
2.27252
7.33415
1.74631
5.31583
2.14831
5.89723
1.82556
6.21476
2.34312
6.7972
1.72195
4.36689
2.04824
4.54337
1.71104
4.37826
2.04157
4.65825
1.78664
4.66691
2.09405
5.04765
1.7029
4.95142
2.11963
5.43796
1.85102
4.36045
1.96306
4.86306
1.71257
4.78119
2.09593
5.28973
1.77964
5.1142
2.12934
5.72222
1.72277
5.21486
2.15055
5.90687
1.6949
5.46184
2.17903
6.18192
1.71272
5.51764
2.19737
6.3268
1.7295
5.60118
2.08072
6.44208
1.62598
5.86183
2.08338
6.73966
1.76818
6.0262
2.00021
6.94058
1.63246
6.34053
2.14064
7.29256
1.62214
6.3496
2.17454
7.27553
1.66683
6.46042
2.24609
7.33321
1.63171
6.49892
2.11293
7.55272
1.73524
5.49044
2.36532
6.24337
1.5184
6.86564
2.20107
7.95857
1.73587
5.86962
2.40572
6.74462
2.01972
7.20748
2.40192
8.40663
1.64441
6.31909
2.37952
7.20006
1.6656
6.39817
2.52938
7.30347
1.68737
6.53835
2.57481
7.42692
1.7642
6.63526
2.59219
7.54263
1.65068
6.6705
2.63081
7.65243
1.67038
5.5187
2.41622
6.30715
1.63336
5.74681
2.52904
6.55849
2.02351
5.81402
2.2987
6.82006
1.72109
6.04117
2.42439
7.00039
1.66656
6.15133
2.55019
7.19271
1.71011
6.26424
2.60988
7.20938
1.75353
6.2191
2.64473
7.17833
1.69877
6.08282
2.6548
6.9731
1.65686
5.83094
2.69028
6.67813
1.80802
5.29793
2.68294
6.01836
1.90478
4.77288
2.30909
5.46855
1.78158
4.60226
2.36036
5.13999
1.73797
4.46522
2.39101
4.87302
1.7999
4.59045
2.42914
5.08011
1.7552
4.70419
2.69881
5.01113
1.81011
4.81788
2.5326
5.49601
1.71927
4.89453
2.57753
5.5953
1.80864
5.03871
2.65372
5.75571
1.89552
4.67222
2.52011
5.48215
1.75968
5.34718
2.69579
6.06163
1.78829
5.50057
2.7616
6.13401
1.94826
5.0643
2.65487
5.65661
1.85486
5.16092
2.74899
5.72863
1.95579
5.35192
2.75306
5.28086
1.53238
5.33688
2.47592
5.70575
1.93109
6.24065
2.44656
5.59126
1.77215
6.54157
2.73677
7.77749
1.95141
7.0589
2.87394
6.02162
1.59326
7.63619
2.40301
5.51321
1.90317
8.28797
2.5632
5.34693
1.67024
8.37424
2.53205
5.29491
1.87307
8.33851
2.51907
5.39947
1.68475
8.69774
2.54581
5.6507
1.85003
8.14256
2.67015
5.8963
1.80953
7.09862
2.68519
8.80747
1.90486
5.81085
2.6699
6.16053
1.74433
8.49304
2.58325
6.50429
1.83868
7.90269
2.40987
5.93545
1.70629
7.99961
2.5253
5.87773
1.82419
7.16812
2.46626
5.88655
1.74515
7.29706
2.58736
6.32548
1.84244
6.88802
2.56337
6.02532
1.86954
6.30678
2.32281
7.20831
1.93663
6.68482
2.94793
6.02771
1.70848
7.5504
2.49277
6.342
1.87372
7.86999
2.50619
6.61044
1.67351
8.24613
2.52838
6.92136
1.54478
6.84959
2.1981
7.21518
1.53737
7.00052
2.12925
6.2293
1.85049
8.32575
2.54228
6.07054
1.8529
7.53355
2.55993
8.65841
1.87558
7.54817
2.93214
7.12041
1.7455
7.8227
2.55588
6.92234
1.86374
7.61366
2.56568
6.65585
1.70343
7.32504
2.56515
6.5656
1.71122
6.77501
2.39052
5.12016
1.70279
6.98439
2.55433
5.83201
1.7945
5.02233
2.36469
5.66411
2.28341
6.00408
2.44668
6.93914
1.83806
5.92793
2.47582
5.46403
1.70414
6.21642
2.50477
5.71191
1.794
6.21708
2.49471
5.71645
1.69984
6.47219
2.55934
5.82118
1.70419
6.63228
2.58247
6.0021
1.77024
6.66713
2.58798
6.00141
1.80081
6.48579
2.52492
6.23485
1.78168
6.39701
2.53759
7.25709
1.80558
6.65013
2.55091
6.27261
1.75609
6.81526
2.51909
6.25506
1.69474
6.84593
2.51515
6.32677
1.75081
6.8178
2.61155
6.14506
1.80025
6.52486
2.61144
5.95581
1.75052
6.51784
2.46768
5.8272
1.74012
6.26826
2.56426
5.63411
1.77982
5.67495
2.85967
6.26939
1.84414
5.80068
2.77786
5.35304
1.77319
5.83795
2.53707
5.33576
1.79969
5.85877
2.51619
5.37845
1.72095
5.80654
2.56591
5.23227
1.84204
5.7303
2.54177
5.29601
1.76655
5.86433
2.54842
5.44387
1.87739
5.91695
2.55875
5.41752
1.79015
5.55325
2.51302
6.17584
1.98523
5.82423
2.84112
5.22646
1.5877
5.84585
2.66291
5.48157
1.78162
6.06332
2.55656
5.57181
1.77401
6.31668
2.5073
5.48942
1.79975
6.11658
2.5987
5.56356
1.80542
6.55089
2.53459
5.2176
1.82639
6.38619
2.6133
5.29691
2.08209
5.90897
2.71127
7.16959
1.95789
6.00717
2.84649
5.55294
1.7222
6.96134
2.90203
7.03252
1.91519
7.05248
2.74547
6.18651
1.85525
7.54476
2.72414
6.36417
1.90586
7.56312
2.68779
6.53637
1.76222
7.75565
2.64492
6.68326
1.88634
7.8059
2.60148
6.71221
2.12234
