1.96
66.21
111.17
155.88
200.30
244.55
288.52
332.25
375.74
419.06
462.08
504.90
547.50
589.88
632.03
674.01
715.73
757.25
798.53
839.67
880.54
921.31
961.86
1002.19
1042.34
1082.18
1121.88
1161.41
1200.71
1239.85
1278.79
1317.54
1356.07
1394.47
1432.66
1470.66
1508.46
1546.08
1583.63
1620.93
1658.00
1694.99
1731.71
1768.38
1804.79
1841.01
1877.08
1912.99
1948.91
1984.53
2020.00
2055.32
2090.42
2125.31
2160.07
2194.62
2229.02
2263.30
2297.40
2331.45
2365.34
2399.04
2432.61
2466.03
2499.38
2532.31
2565.12
2597.94
2630.48
2662.94
2695.25
2727.33
2759.36
2791.22
2822.83
2854.22
2885.50
2886.74
2918.07
2919.32
2950.45
2951.74
2982.72
2983.99
2984.07
3014.94
3016.18
3016.26
3016.35
3047.08
3048.35
3048.44
3048.53
3078.91
3080.19
3080.28
3080.37
3110.79
3112.02
3112.11
3112.20
3142.28
3143.55
3143.66
3143.77
3173.83
3175.06
3175.15
3175.24
3205.11
3206.38
3206.47
3206.59
3236.35
3237.64
3237.73
3237.82
3237.90
3267.51
3268.73
3268.82
3268.91
3269.01
3269.09
3269.18
3269.27
3298.78
3300.10
3300.21
3300.32
3300.42
3329.81
3331.07
3331.18
3331.27
3360.54
3361.79
3361.91
3362.00
3391.06
3392.33
3392.45
3392.54
3421.53
3422.80
3422.94
3423.03
3451.84
3453.11
3453.26
3453.35
3482.04
3483.29
3483.47
3483.56
3512.09
3513.34
3513.55
3513.64
3541.98
3543.24
3543.33
3543.42
3543.66
3543.79
3543.88
3544.00
3572.26
3573.52
3573.61
3573.90
3573.99
3602.14
3603.43
3603.55
3603.64
3603.98
3604.07
3604.16
3604.24
3632.25
3633.50
3633.60
3633.70
3634.12
3634.21
3634.30
3634.38
3662.28
3663.60
3663.75
3663.84
3664.35
3664.44
3664.54
3664.62
3692.37
3693.62
3693.72
3693.80
3694.36
3694.45
3694.54
3694.63
3722.25
3723.49
3723.58
3723.67
3724.31
3724.40
3724.50
3724.58
3752.08
3753.32
3753.41
3753.54
3754.34
3754.42
3754.52
3754.61
3781.91
3783.18
3783.27
3783.36
3784.22
3784.31
3784.41
3784.50
3811.87
3813.15
3813.27
3813.40
3814.40
3814.49
3814.59
3814.67
3841.87
3843.14
3843.24
3843.33
3844.45
3844.54
3844.64
3844.73
3871.76
3873.02
3873.12
3873.21
3874.50
3874.59
3874.69
3874.78
3901.86
3903.21
3903.32
3903.41
3904.82
3904.90
3905.01
3905.10
3932.14
3933.42
3933.53
3933.61
3935.24
3935.34
3935.47
3935.59
3962.45
3963.75
3963.87
3963.95
3965.69
3965.78
3965.89
3965.98
3992.79
3994.08
3994.20
3994.29
3996.24
3996.34
3996.50
3996.63
4023.33
4024.64
4024.76
4024.85
4026.98
4027.07
4027.19
4027.28
4053.80
4055.10
4055.22
4055.31
4057.61
4057.70
4057.83
4057.92
4084.39
4085.63
4085.76
4085.85
4088.40
4088.49
4088.64
4088.76
4115.07
4116.37
4116.53
4116.62
4119.35
4119.45
4119.58
4119.67
4145.81
4147.10
4147.23
4147.32
4150.21
4151.54
4151.68
4151.77
4177.72
4179.04
4179.19
4179.44
4183.76
4183.87
4184.05
4184.14
4210.23
4211.50
4211.65
4211.74
4216.34
4216.47
4216.63
4216.73
4242.58
4243.90
4244.08
4244.18
4248.92
4249.01
4249.18
4249.27
4274.93
4276.29
4276.46
4276.55
4281.52
4281.62
4281.79
4281.88
4307.60
4308.86
4309.04
4309.13
4314.33
4314.43
4314.61
4314.70
4340.25
4341.55
4341.75
4341.88
4347.28
4347.37
4347.57
4347.66
4373.01
4374.27
4374.48
4374.57
4380.21
4380.31
4380.55
4380.64
4405.82
4407.15
4407.36
4407.46
4413.29
4413.41
4413.64
4413.73
4438.89
4440.18
4440.41
4440.51
4446.57
4446.67
4446.91
4447.03
4472.04
4473.31
4473.56
4473.65
4479.98
4480.09
4480.35
4480.47
4505.34
4506.69
4506.95
4507.04
4513.59
4513.72
4513.99
4514.08
4538.79
4540.24
4540.54
4540.63
4547.36
4547.46
4547.75
4547.87
4572.47
4573.82
4574.12
4574.22
4581.19
4581.29
4581.60
4581.70
4606.08
4607.43
4607.76
4607.86
4615.03
4615.14
4615.47
4615.57
4639.81
4641.16
4641.50
4641.60
4648.97
4649.07
4649.42
4649.55
4673.83
4675.22
4675.60
4675.73
4683.38
4683.49
4683.88
4683.98
4708.01
4709.37
4709.76
4709.86
4717.64
4717.76
4718.16
4718.26
4742.12
4743.47
4743.88
4743.99
4752.00
4752.11
4752.25
4752.68
4752.79
4776.49
4777.83
4777.94
4778.03
4778.47
4778.56
4778.67
4778.76
4786.99
4787.08
4787.20
4787.29
4787.74
4787.84
4787.95
4788.04
4811.59
4812.89
4813.01
4813.09
4813.59
4813.69
4813.81
4813.90
4822.34
4822.43
4822.54
4823.03
4823.15
4846.51
4847.86
4848.36
4848.51
4848.63
4857.26
4857.35
4857.47
4857.56
4858.09
4858.18
4858.30
4858.39
4881.70
4882.98
4883.11
4883.20
4883.74
4883.83
4883.96
4884.05
4892.86
4892.95
4893.08
4893.17
4893.75
4893.86
4893.99
4894.09
4917.12
4918.46
4918.59
4919.17
4919.26
4919.39
4919.48
4928.52
4928.61
4928.74
4928.83
4929.42
4929.51
4929.68
4929.77
4952.78
4954.31
4954.47
4954.56
4955.20
4955.29
4955.43
4955.52
4964.78
4964.95
4965.06
4965.76
4965.86
4966.02
4966.13
4989.11
4990.46
4990.60
4990.69
4991.37
4991.46
4991.62
4991.71
5001.13
5001.22
5001.36
5001.45
5002.13
5002.24
5002.40
5002.50
5025.24
5026.57
5026.72
5026.81
5027.52
5027.61
5027.76
5027.85
5037.52
5037.61
5037.76
5037.85
5038.58
5038.67
5038.83
5061.43
5062.83
5062.92
5063.67
5063.76
5063.92
5064.01
5073.80
5073.89
5074.05
5074.14
5074.92
5075.01
5075.21
5075.31
5097.80
5099.09
5099.25
5099.35
5100.15
5100.27
5100.45
5100.54
5110.53
5110.62
5110.79
5110.88
5111.71
5111.81
5111.98
5112.07
5134.40
5135.76
5135.95
5136.05
5136.90
5136.99
5137.17
5137.26
5147.38
5147.47
5147.65
5147.74
5148.63
5148.72
5148.91
5149.00
5171.28
5172.61
5172.80
5172.89
5173.78
5173.87
5174.06
5174.15
5184.54
5184.63
5184.83
5184.92
5185.83
5185.93
5186.12
5186.22
5208.16
5209.55
5209.75
5209.84
5210.79
5210.88
5211.09
5211.18
5221.78
5221.87
5222.08
5222.17
5223.14
5223.23
5223.44
5223.54
5245.48
5246.85
5247.09
5247.19
5248.20
5248.30
5248.51
5248.61
5259.35
5259.44
5259.66
5259.75
5260.78
5260.91
5261.15
5261.25
5283.01
5284.46
5284.69
5284.79
5285.86
5285.98
5286.21
5286.32
5297.35
5297.45
5297.71
5297.84
5298.94
5299.04
5299.28
5299.37
5321.09
5322.43
5322.67
5322.76
5323.88
5323.98
5324.22
5324.32
5335.53
5335.62
5335.86
5336.95
5338.08
5338.17
5338.42
5338.52
5359.94
5361.28
5361.53
5361.63
5362.79
5362.88
5363.14
5363.24
5374.63
5374.72
5374.98
5375.07
5376.28
5376.37
5376.65
5376.74
5398.02
5399.36
5399.63
5399.72
5400.96
5401.05
5401.36
5401.48
5413.07
5413.19
5413.47
5413.57
5414.84
5414.94
5416.53
5416.62
5437.82
5439.17
5439.45
5439.55
5440.87
5440.96
5442.59
5442.72
5454.51
5454.62
5454.93
5455.03
5456.39
5456.48
5458.10
5458.20
5479.27
5480.66
5480.97
5481.07
5482.50
5482.59
5484.20
5484.29
5496.17
5496.27
5496.59
5496.68
5498.12
5498.22
5499.87
5499.97
5520.93
5522.31
5522.66
5522.76
5525.51
5525.60
5525.94
5526.05
5538.12
5538.24
5538.59
5538.69
5541.47
5541.57
5541.93
5542.05
5562.94
5564.31
5564.66
5564.76
5567.59
5567.69
5568.06
5568.19
5580.44
5580.54
5580.92
5581.03
5583.89
5584.02
5584.39
5584.67
5605.36
5606.75
5607.14
5607.27
5610.22
5610.32
5610.70
5610.81
5623.13
5623.24
5623.63
5623.74
5626.67
5626.78
5627.17
5627.28
5647.81
5649.17
5649.56
5649.67
5652.63
5652.75
5653.16
5653.28
5665.74
5665.86
5666.27
5666.39
5669.40
5669.52
5669.95
5670.07
5690.56
5691.92
5692.34
5692.45
5695.51
5695.63
5696.06
5696.18
5708.89
5709.01
5709.45
5709.56
5712.66
5712.77
5713.22
5713.36
5733.51
5734.95
5735.41
5735.52
5738.65
5738.76
5739.24
5739.36
5752.20
5752.32
5752.79
5752.91
5756.07
5756.18
5756.65
5756.77
5776.84
5778.22
5778.69
5778.85
5782.06
5782.18
5782.67
5782.78
5795.72
5795.84
5796.37
5796.49
5799.79
5799.91
5800.42
5800.54
5820.64
5822.03
5822.54
5822.66
5825.97
5826.09
5826.62
5826.76
5839.75
5839.91
5840.46
5840.60
5843.98
5844.14
5844.69
5844.83
5864.88
5866.27
5866.82
5866.96
5870.38
5870.52
5871.09
5871.25
5884.30
5884.46
5885.03
5885.18
5888.63
5888.77
5889.35
5889.50
5909.21
5910.61
5911.20
5911.34
5914.82
5914.98
5915.62
5915.77
5928.86
5929.00
5929.62
5929.79
5933.33
5933.47
5934.10
5934.25
5953.79
5955.19
5955.81
5955.96
5959.54
5959.68
5960.34
5960.51
5973.65
5973.79
5974.45
5974.63
5978.27
5978.42
5979.08
5979.23
5998.72
6000.12
6000.78
6000.93
6004.61
6004.76
6005.46
6005.62
6018.87
6019.02
6019.75
6019.92
6023.55
6023.70
6024.38
6024.53
6043.56
6044.99
6045.70
6045.86
6049.58
6049.76
6050.47
6050.65
6064.33
6064.49
6065.20
6065.39
6069.13
6069.30
6070.03
6070.20
6089.66
6091.10
6091.82
6091.99
6095.81
6095.97
6096.72
6096.90
6110.50
6110.67
6111.44
6111.61
6115.51
6115.67
6116.46
6116.65
6135.98
6137.42
6138.19
6138.38
6142.31
6142.48
6143.27
6143.44
6157.01
6157.18
6157.98
6158.18
6162.15
6162.32
6163.13
6163.31
6182.58
6184.02
6184.82
6185.00
6189.02
6189.19
6190.20
6190.38
6204.00
6204.17
6205.02
6205.21
6209.29
6209.46
6210.31
6210.50
6229.52
6230.98
6231.84
6232.04
6236.16
6236.34
6237.22
6237.42
6251.12
6251.30
6252.20
6252.40
6256.56
6256.75
6257.65
6257.85
6276.76
6278.24
6279.13
6279.33
6283.55
6283.74
6284.67
6284.87
6298.58
6298.78
6299.71
6299.92
6304.23
6304.43
6305.42
6305.65
6324.37
6325.83
6326.81
6327.01
6331.29
6331.49
6332.46
6332.67
6346.41
6346.61
6347.59
6347.80
6352.15
6352.35
6353.35
6353.56
6372.13
6373.45
6373.66
6373.78
6374.78
6374.88
6375.10
6375.19
6379.55
6379.64
6379.85
6379.97
6381.00
6381.09
6381.31
6381.41
6395.14
6395.34
6396.36
6396.58
6401.02
6401.23
6402.27
6402.49
6420.43
6421.93
6422.95
6423.17
6427.68
6427.95
6429.05
6429.32
6443.42
6443.64
6444.70
6444.93
6449.31
6449.52
6450.57
6450.80
6468.58
6470.08
6471.16
6471.39
6475.84
6476.06
6477.12
6477.35
6491.44
6491.71
6492.82
6493.05
6497.54
6497.76
6498.86
6499.09
6516.77
6518.28
6519.41
6519.65
6524.24
6524.46
6525.59
6525.82
6525.92
6540.04
6540.26
6541.45
6541.68
6546.26
6546.48
6547.64
6547.87
6565.54
6567.03
6568.20
6568.43
6573.11
6573.38
6574.62
6574.86
6588.98
6589.21
6590.45
6590.70
6595.43
6595.66
6596.91
6597.19
6614.74
6616.25
6617.49
6617.73
6622.51
6622.78
6624.06
6624.32
6638.58
6638.82
6640.12
6640.39
6645.18
6645.42
6646.74
6647.02
6664.40
6665.90
6667.18
6667.44
6672.31
6672.56
6673.91
6674.20
6688.47
6688.57
6688.85
6688.94
6690.29
6690.58
6695.46
6695.73
6697.10
6697.40
6714.63
6716.17
6717.51
6717.81
6722.75
6723.03
6724.44
6724.93
6739.13
6739.42
6740.84
6741.16
6741.26
6746.25
6746.34
6746.63
6746.72
6748.15
6748.25
6748.57
6748.67
6765.83
6767.16
6767.46
6767.57
6769.02
6769.12
6769.45
6769.56
6774.62
6774.72
6775.02
6775.13
6776.61
6776.72
6777.06
6777.18
6791.80
6791.91
6792.21
6792.33
6793.73
6793.85
6794.22
6794.33
6799.33
6799.43
6799.75
6799.86
6801.26
6801.38
6801.73
6801.84
6819.39
6820.75
6821.07
6821.17
6822.65
6822.75
6823.11
6823.22
6828.34
6828.43
6828.77
6828.90
6830.43
6830.53
6830.94
6831.07
6845.88
6845.98
6846.31
6846.41
6847.85
6847.95
6848.33
6848.44
6853.66
6853.80
6854.20
6854.32
6855.92
6856.04
6856.50
6856.59
6873.54
6874.90
6875.27
6875.37
6876.93
6877.05
6878.70
6878.79
6883.98
6884.07
6884.44
6884.57
6886.17
6886.26
6887.92
6888.02
6902.31
6902.40
6902.79
6902.88
6904.49
6904.58
6906.26
6906.35
6911.60
6911.70
6912.09
6912.19
6913.85
6913.98
6915.66
6915.76
6932.65
6933.98
6934.36
6934.45
6936.07
6936.16
6937.83
6937.94
6943.29
6943.38
6943.79
6943.88
6945.55
6947.25
6947.35
6961.57
6961.98
6963.69
6963.80
6965.49
6965.58
6970.92
6971.35
6973.07
6974.78
6991.63
6993.32
6994.96
6996.67
7002.06
7002.49
7002.58
7005.47
7005.89
7020.16
7020.59
7023.49
7023.92
7029.38
7029.81
7032.75
7032.85
7033.34
7033.45
7050.32
7051.69
7052.13
7052.22
7055.20
7055.29
7055.73
7055.83
7061.35
7061.45
7061.91
7062.00
7064.99
7065.08
7065.53
7065.62
7079.90
7079.99
7080.45
7080.54
7083.54
7083.63
7084.08
7084.17
7089.75
7089.87
7090.33
7090.49
7093.56
7093.69
7094.15
7094.25
7111.11
7112.45
7112.88
7112.98
7115.98
7116.07
7116.54
7116.65
7122.26
7122.36
7122.81
7122.90
7125.95
7126.05
7126.49
7126.59
7140.82
7140.92
7141.39
7141.48
7144.54
7144.64
7145.08
7145.18
7150.80
7150.91
7151.37
7151.47
7154.58
7154.70
7155.17
7155.32
7172.04
7173.35
7173.78
7173.87
7176.95
7177.04
7177.49
7177.59
7183.30
7183.40
7183.84
7183.94
7187.02
7187.11
7187.57
7187.66
7201.99
7202.09
7202.53
7205.66
7205.78
7206.24
7206.36
7212.17
7212.26
7212.73
7212.85
7216.05
7216.14
7216.61
7233.24
7234.98
7238.12
7238.21
7238.66
7238.75
7244.56
7245.02
7248.18
7248.64
7262.94
7263.43
7266.63
7267.10
7273.02
7273.49
7276.69
7277.34
7277.43
7294.06
7295.40
7295.86
7295.95
7299.16
7299.26
7299.77
7299.88
7305.82
7305.91
7306.39
7306.48
7309.73
7309.84
7310.32
7310.42
7324.82
7324.91
7325.39
7325.48
7328.75
7328.85
7329.35
7329.47
7335.44
7335.53
7336.02
7336.11
7339.42
7339.52
7340.04
7340.14
7356.72
7358.08
7358.57
7358.67
7361.95
7362.04
7362.55
7362.67
7368.70
7368.79
7369.30
7369.39
7372.69
7372.79
7373.29
7373.39
7387.68
7387.78
7388.28
7388.38
7391.62
7391.73
7392.23
7392.34
7398.30
7398.39
7398.90
7399.00
7402.28
7402.38
7402.89
7402.99
7419.12
7420.44
7420.94
7421.03
7424.29
7424.39
7424.91
7425.01
7430.99
7431.09
7431.61
7431.71
7434.99
7435.09
7435.61
7435.71
7449.97
7450.07
7450.60
7450.70
7454.01
7454.10
7454.64
7454.73
7460.82
7460.92
7461.46
7461.56
7464.88
7464.98
7465.52
7465.62
7481.94
7483.27
7483.80
7483.90
7487.26
7487.35
7487.91
7488.01
7494.15
7494.24
7494.80
7494.90
7498.24
7498.33
7498.89
7498.99
7513.17
7513.27
7513.85
7513.95
7517.33
7517.43
7518.01
7518.11
7524.29
7524.39
7524.97
7525.07
7528.46
7528.56
7529.15
7529.25
7545.20
7546.52
7547.09
7547.19
7550.58
7550.68
7551.28
7551.38
7557.65
7557.75
7558.35
7558.46
7561.94
7562.04
7562.65
7562.75
7577.12
7577.21
7577.82
7577.92
7581.33
7581.42
7582.04
7582.13
7588.43
7588.52
7589.14
7589.24
7592.67
7592.77
7593.40
7593.50
7609.82
7611.14
7612.58
7612.67
7616.20
7616.31
7616.97
7617.06
7623.51
7623.61
7624.26
7624.35
7627.87
7627.96
7628.62
7628.71
7643.19
7643.28
7643.94
7644.03
7647.56
7647.65
7648.31
7648.40
7654.78
7654.88
7655.54
7655.64
7659.17
7659.26
7659.93
7660.02
7676.14
7677.48
7678.13
7678.23
7681.76
7681.85
7682.53
7682.63
7689.10
7689.20
7689.88
7689.98
7693.54
7693.64
7694.33
7694.43
7708.73
7708.83
7709.52
7709.63
7713.24
7713.35
7714.05
7714.17
7720.63
7720.74
7721.43
7721.55
7725.15
7725.27
7725.97
7726.09
7742.49
7743.84
7744.52
7744.65
7748.29
7748.42
7749.13
7749.27
7755.87
7756.00
7756.71
7756.85
7760.52
7760.65
7761.36
7761.51
7775.84
7775.98
7776.70
7776.84
7780.51
7780.65
7781.38
7781.52
7788.18
7788.31
7789.03
7789.17
7792.84
7792.97
7793.69
7793.83
7810.08
7811.48
7812.18
7812.32
7816.06
7816.18
7816.92
7817.06
7823.88
7824.01
7824.75
7824.89
7828.62
7828.75
7829.50
7829.63
7844.06
7844.18
7844.93
7845.07
7848.84
7848.97
7849.72
7849.85
7856.55
7856.68
7857.44
7857.57
7861.31
7861.43
7862.19
7862.32
7878.44
7879.79
7880.53
7880.65
7884.39
7884.50
7885.26
7885.39
7892.11
7892.22
7893.00
7893.12
7896.94
7897.06
7897.84
7897.98
7912.13
7912.24
7913.02
7913.14
7916.96
7917.07
7917.86
7917.98
7924.71
7924.82
7925.60
7925.72
7929.55
7929.66
7930.44
7930.55
7946.39
7947.75
7948.52
7948.64
7952.51
7952.62
7953.42
7953.55
7960.42
7960.53
7961.34
7961.45
7965.32
7965.43
7966.25
7966.36
7980.43
7980.54
7981.37
7981.48
7985.38
7985.48
7986.31
7986.42
7993.21
7993.31
7994.15
7994.26
7998.17
7998.28
7999.12
7999.23
8015.16
8016.50
8017.32
8017.43
8021.35
8021.46
8022.32
8022.43
8029.31
8029.41
8030.28
8030.40
8034.38
8034.49
8035.37
8035.49
8049.50
8049.60
8050.50
8050.61
8054.60
8054.71
8055.61
8055.72
8062.59
8062.71
8063.64
8063.75
8067.73
8067.84
8068.78
8068.88
8084.56
8085.88
8086.78
8086.89
8090.97
8091.08
8092.06
8092.17
8099.19
8099.30
8100.27
8100.38
8104.42
8104.53
8105.51
8105.62
8119.16
8119.27
8120.31
8120.42
8124.53
8124.64
8125.66
8125.78
8132.80
8132.91
8133.83
8133.95
8137.94
8138.06
8139.01
8139.14
8155.19
8156.55
8157.56
8157.69
8161.63
8161.76
8162.71
8162.85
8169.98
8170.11
8171.07
8171.21
8175.17
8175.30
8176.27
8176.40
8190.75
8190.87
8191.87
8192.00
8196.02
8196.15
8197.15
8197.28
8204.45
8204.57
8205.57
8205.70
8209.72
8209.84
8210.85
8210.98
8226.98
8228.34
8229.32
8229.45
8233.42
8233.54
8234.59
8234.72
8241.98
8242.10
8243.16
8243.30
8247.35
8247.48
8248.54
8248.67
8262.95
8263.07
8264.14
8264.28
8268.34
8268.46
8269.54
8269.67
8276.91
8277.04
8278.12
8278.26
8282.35
8282.48
8283.57
8283.71
8299.61
8300.98
8302.02
8302.17
8306.23
8306.38
8307.49
8307.67
8315.00
8315.17
8316.29
8316.49
8320.60
8320.78
8321.88
8322.10
8336.34
8336.53
8337.66
8338.07
8342.21
8342.41
8343.54
8343.78
8351.34
8351.54
8352.71
8352.96
8357.10
8357.32
8358.51
8358.77
8374.97
8376.43
8377.54
8377.78
8382.02
8382.25
8383.44
8383.72
8391.35
8391.59
8392.75
8393.03
8397.21
8397.44
8398.62
8398.91
8413.49
8413.74
8414.96
8415.27
8419.45
8419.71
8420.91
8421.24
8429.01
8429.29
8430.52
8430.86
8435.04
8435.33
8436.53
8436.89
8453.00
8454.55
8455.68
8456.04
8460.27
8460.59
8461.84
8462.25
8469.98
8470.33
8471.57
8472.01
8476.35
8476.70
8477.92
8478.37
8492.97
8493.33
8494.55
8495.01
8499.39
8499.77
8501.01
8501.47
8509.25
8509.61
8510.85
8511.29
8515.66
8516.02
8517.28
8517.72
8533.80
8535.40
8536.60
8536.99
8541.28
8541.62
8542.97
8543.39
8551.25
8551.59
8552.89
8553.31
8557.70
8558.04
8559.33
8559.75
8574.33
8574.65
8575.97
8576.36
8580.68
8580.99
8582.35
8582.73
8590.58
8590.89
8592.24
8592.58
8596.95
8597.22
8598.59
8598.90
8614.92
8616.42
8617.70
8617.96
8622.36
8622.59
8623.98
8624.25
8632.15
8632.39
8633.79
8634.04
8638.39
8638.59
8639.97
8640.21
8654.78
8654.98
8656.37
8656.59
8660.97
8661.16
8662.58
8662.81
8670.78
8670.97
8672.41
8672.62
8677.04
8677.21
8678.67
8678.86
8694.60
8696.03
8697.38
8697.55
8702.09
8702.25
8703.71
8703.89
8711.55
8711.71
8713.20
8713.38
8717.80
8717.95
8719.42
8719.58
8733.88
8734.03
8735.50
8735.66
8740.14
8740.28
8741.76
8741.92
8749.70
8749.85
8751.33
8751.49
8755.96
8756.10
8757.66
8757.82
8773.64
8775.07
8776.48
8776.63
8781.11
8781.26
8782.77
8782.93
8790.97
8791.12
8792.65
8792.82
8797.41
8797.57
8799.08
8799.26
8813.51
8813.67
8815.25
8815.43
8820.04
8820.20
8821.80
8821.98
8829.84
8829.99
8831.52
8831.69
8836.55
8836.70
8838.23
8838.39
8854.19
8855.58
8857.07
8857.23
8861.95
8862.10
8863.68
8864.03
8872.22
8872.37
8873.94
8874.11
8878.82
8878.97
8880.56
8880.74
8894.99
8895.17
8896.73
8896.91
8901.62
8901.79
8903.34
8903.53
8911.48
8911.65
8913.18
8913.37
8918.00
8918.16
8919.71
8919.89
8935.62
8937.02
8938.46
8938.64
8943.17
8943.33
8944.87
8945.05
8953.02
8953.18
8954.71
8954.90
8959.66
8959.83
8961.37
8961.56
8975.84
8976.01
8977.55
8977.75
8982.53
8982.70
8984.25
8984.45
8992.58
8992.75
8994.28
8994.48
8999.18
8999.35
9000.87
9001.06
9016.77
9018.21
9019.64
9019.83
9024.48
9024.66
9026.17
9026.37
9034.48
9034.66
9036.17
9036.37
9041.05
9041.23
9042.73
9042.94
9057.13
9057.32
9058.85
9059.07
9063.88
9064.09
9065.62
9065.86
9073.92
9074.14
9075.69
9075.96
9080.85
9081.08
9082.61
9082.89
9098.75
9100.24
9101.70
9101.96
9106.72
9106.96
9108.47
9108.77
9116.92
9117.18
9118.69
9119.01
9123.86
9124.12
9125.64
9125.96
9140.22
9140.49
9142.01
9142.35
9147.19
9147.47
9148.98
9149.31
9157.54
9157.81
9159.32
9159.65
9164.53
9164.80
9166.31
9166.64
9182.35
9183.87
9185.30
9185.60
9190.42
9190.69
9192.21
9192.54
9200.74
9201.02
9202.58
9202.94
9207.95
9208.23
9209.74
9210.09
9224.27
9224.57
9226.08
9226.43
9231.34
9231.63
9233.15
9233.52
9241.96
9242.26
9243.75
9244.11
9249.04
9249.34
9250.83
9251.20
9266.81
9268.32
9269.74
9270.09
9274.97
9275.27
9276.78
9277.15
9285.64
9285.95
9287.50
9287.87
9292.81
9293.11
9294.65
9295.02
9309.20
9309.50
9311.01
9311.37
9316.31
9316.60
9318.12
9318.47
9326.81
9327.12
9328.65
9329.00
9334.11
9334.39
9335.91
9336.24
9351.83
9353.33
9354.79
9355.10
9360.13
9360.40
9361.94
9362.44
9370.94
9371.21
9372.74
9373.08
9378.10
9378.37
9379.88
9380.21
9394.37
9394.64
9396.18
9396.51
9401.51
9401.77
9403.31
9403.63
9412.07
9412.34
9413.87
9414.19
9419.20
9419.47
9420.99
9421.32
9436.83
9438.33
9439.79
9440.09
9445.07
9445.35
9446.92
9447.26
9455.61
9455.89
9457.40
9457.74
9462.76
9463.05
9464.60
9464.93
9479.02
9479.29
9480.85
9481.19
9486.27
9486.54
9488.10
9488.44
9496.90
9497.18
9498.72
9499.07
9504.12
9504.40
9505.96
9506.30
9521.68
9523.18
9524.66
9524.98
9530.08
9530.36
9531.93
9532.28
9540.72
9541.00
9542.58
9542.92
9548.04
9548.31
9549.91
9550.24
9564.31
9564.58
9566.18
9566.51
9571.63
9571.90
9573.49
9573.81
9582.24
9582.52
9584.16
9584.50
9589.63
9589.89
9591.49
9591.80
9607.22
9608.70
9610.20
9610.48
9615.60
9615.86
9617.47
9617.77
9626.31
9626.57
9628.19
9628.50
9633.71
9633.97
9635.60
9635.92
9649.94
9650.19
9651.84
9652.98
9658.17
9658.42
9660.05
9660.36
9668.88
9669.13
9670.79
9671.10
9676.29
9676.55
9678.20
9678.50
9693.93
9695.40
9696.94
9697.23
9702.42
9702.68
9704.30
9704.62
9713.20
9713.48
9715.12
9715.48
9720.66
9720.94
9722.59
9722.93
9737.01
9737.29
9738.93
9739.28
9744.54
9744.82
9746.49
9746.84
9755.46
9755.74
9757.40
9757.74
9762.96
9763.24
9764.89
9765.24
9780.53
9782.06
9783.70
9784.04
9789.26
9789.56
9791.22
9791.59
9800.26
9800.56
9802.27
9802.65
9807.88
9808.19
9809.91
9810.31
9824.36
9824.67
9826.37
9826.77
9832.04
9832.37
9834.06
9834.65
9843.31
9843.65
9845.33
9845.75
9851.02
9851.34
9853.09
9853.49
9868.82
9870.38
9872.03
9872.39
9877.75
9878.07
9879.85
9880.24
9888.93
9889.25
9890.98
9891.37
9896.80
9897.11
9898.85
9899.23
9913.28
9913.59
9915.36
9915.75
9921.05
9921.35
9923.09
9923.47
9932.16
9932.46
9934.20
9934.58
9939.97
9940.29
9942.12
9942.52
9957.92
9959.45
9961.11
9961.45
9966.77
9967.08
9968.85
9969.23
9977.99
9978.30
9980.09
9980.47
9985.83
9986.16
9988.02
9988.40
10002.47
10002.77
10004.57
10004.95
10010.34
10010.64
10012.43
10012.81
10021.56
10021.87
10023.66
10024.04
10029.41
10029.72
10031.51
10031.90
10047.25
10048.82
10050.55
10050.92
10056.44
10056.76
10058.59
10059.02
10067.77
10068.10
10069.92
10070.33
10075.77
10076.13
10078.01
10078.44
10092.91
10093.26
10095.12
10095.56
10101.13
10101.47
10103.29
10103.73
10112.60
10112.93
10114.76
10115.18
10120.69
10121.02
10122.88
10123.32
10138.64
10140.21
10141.96
10142.34
10147.80
10148.13
10150.00
10150.42
10159.29
10159.62
10161.51
10161.93
10167.40
10167.73
10169.60
10170.02
10184.08
10184.43
10186.35
10186.76
10192.28
10192.61
10194.56
10194.98
10203.86
10204.19
10206.10
10206.52
10212.01
10212.36
10214.26
10214.70
10229.98
10231.52
10233.31
10233.71
10239.29
10239.65
10241.60
10242.07
10250.97
10251.33
10253.35
10253.82
10259.47
10259.83
10261.78
10262.28
10276.21
10276.57
10278.53
10279.03
10284.62
10285.02
10287.04
10287.53
10296.55
10296.93
10299.07
10299.56
10305.19
10305.57
10307.52
10308.00
10323.29
10324.89
10326.77
10327.20
10332.68
10333.06
10335.10
10335.59
10344.56
10344.93
10346.89
10347.37
10353.05
10353.46
10355.59
10356.09
10370.11
10370.49
10372.51
10373.01
10378.76
10379.16
10381.19
10381.70
10391.22
10391.64
10393.73
10394.30
10400.08
10400.48
10402.53
10403.06
10419.02
10420.69
10422.65
10423.15
10428.75
10429.17
10431.26
10431.81
10441.45
10441.88
10443.96
10444.53
10450.33
10450.77
10452.87
10453.44
10468.14
10468.58
10470.68
10471.26
10477.09
10477.53
10479.64
10480.23
10489.88
10490.34
10492.48
10493.09
10498.94
10499.40
10501.55
10502.16
10518.20
10519.91
10521.91
10522.45
10528.37
10528.85
10531.01
10531.66
10541.42
10541.93
10544.08
10544.74
10550.63
10551.15
10553.30
10553.98
10568.76
10569.27
10571.47
10572.16
10578.09
10578.60
10580.75
10581.43
10591.20
10591.71
10593.87
10594.54
10600.47
10600.97
10603.15
10603.84
10620.14
10621.89
10623.92
10624.48
10630.27
10630.75
10632.95
10633.60
10643.44
10643.96
10646.16
10646.80
10652.75
10653.24
10655.49
10656.13
10671.02
10671.49
10673.72
10674.37
10680.33
10680.79
10683.00
10683.67
10693.60
10694.06
10696.28
10696.89
10702.77
10703.23
10705.43
10706.03
10722.10
10723.81
10725.89
10726.41
10732.23
10732.68
10734.89
10735.48
10745.27
10745.72
10747.94
10748.54
10754.49
10754.94
10757.14
10757.75
10772.57
10773.20
10775.43
10776.03
10781.92
10782.36
10784.57
10785.14
10794.99
10795.45
10797.69
10798.28
10804.27
10804.69
10806.91
10807.47
10823.51
10825.20
10827.29
10827.79
10833.68
10834.13
10836.44
10837.04
10846.78
10847.23
10849.54
10850.13
10856.07
10856.50
10858.79
10859.35
10873.94
10874.38
10876.67
10877.23
10883.18
10883.60
10885.89
10886.44
10896.29
10896.71
10898.98
10899.53
10905.49
10905.91
10908.18
10908.73
10924.82
10926.48
10928.68
10929.15
10935.07
10935.49
10937.81
10938.38
10947.61
10948.03
10950.40
10950.96
10957.18
10957.60
10959.92
10960.47
10974.41
10974.84
10977.17
10977.73
10983.83
10984.26
10986.56
10987.10
10996.42
10996.85
10999.17
10999.71
11005.70
11006.12
11008.41
11008.95
11024.83
11026.50
11028.68
11029.17
11035.18
11035.61
11037.99
11038.56
11048.41
11048.85
11051.16
11051.73
11057.78
11058.21
11060.57
11061.14
11075.87
11076.32
11078.67
11079.25
11085.25
11085.70
11088.03
11088.61
11098.50
11098.96
11101.32
11101.90
11108.01
11108.45
11110.77
11111.34
11127.27
11128.94
11131.11
11131.60
11137.57
11137.99
11140.29
11140.85
11150.80
11151.23
11153.56
11154.13
11160.27
11160.69
11162.99
11163.54
11178.20
11178.63
11180.99
11181.54
11187.63
11188.05
11190.39
11190.93
11200.86
11201.28
11203.57
11204.10
11210.17
11210.75
11213.05
11213.58
11229.34
11231.02
11233.20
11233.67
11239.78
11240.19
11242.53
11243.08
11252.30
11252.70
11255.01
11255.54
11261.58
11261.98
11264.33
11264.89
11279.36
11279.77
11282.05
11282.58
11288.68
11289.08
11291.39
11291.92
11301.76
11302.17
11304.47
11305.00
11311.07
11311.48
11313.79
11314.34
11329.48
11331.09
11333.22
11333.70
11339.82
11340.22
11342.51
11343.06
11352.36
11352.77
11355.05
11355.60
11361.77
11362.18
11364.46
11365.02
11379.42
11379.86
11382.15
11382.71
11388.87
11389.30
11391.64
11392.21
11401.49
11401.94
11404.29
11404.86
11411.03
11411.46
11413.79
11414.35
11430.21
11431.90
11434.09
11434.59
11440.84
11441.29
11443.72
11444.31
11454.15
11454.60
11457.00
11457.59
11463.78
11465.25
11467.59
11468.20
11482.09
11482.54
11484.90
11485.48
11491.64
11492.09
11494.45
11495.03
11504.47
11504.93
11507.34
11507.93
11514.20
11514.65
11517.03
11517.61
11532.77
11534.42
11536.70
11537.23
11543.49
11543.96
11546.40
11547.01
11556.95
11557.42
11559.80
11560.41
11566.63
11567.09
11569.46
11570.07
11584.59
11585.07
11587.54
11588.18
11594.48
11594.94
11597.32
11597.94
11607.94
11608.41
11610.83
11611.45
11617.67
11618.14
11620.54
11621.16
11637.17
11639.07
11641.31
11641.85
11647.99
11648.46
11650.92
11651.55
11661.65
11662.13
11664.62
11665.26
11671.65
11672.13
11674.65
11675.31
11690.10
11690.57
11693.04
11693.67
11699.98
11700.44
11702.88
11703.48
11713.58
11714.05
11716.59
11717.23
11723.68
11724.14
11726.62
11727.22
11743.41
11745.14
11747.48
11748.00
11754.22
11754.69
11757.27
11757.87
11768.13
11768.59
11771.14
11771.74
11778.16
11778.63
11781.18
11781.79
11796.55
11797.04
11799.61
11800.24
11806.58
11807.04
11809.57
11810.18
11820.24
11820.69
11823.23
11823.84
11830.25
11830.70
11833.26
11833.88
11849.97
11851.68
11854.13
11854.67
11860.91
11861.38
11864.00
11864.62
11874.71
11875.18
11877.80
11878.47
11884.90
11885.38
11888.04
11888.70
11903.14
11903.62
11906.25
11906.94
11913.35
11913.84
11916.48
11917.18
11927.33
11927.84
11930.60
11931.30
11937.71
11938.23
11940.95
11941.65
11957.76
11959.54
11961.99
11962.64
11969.01
11969.55
11972.25
11974.09
11984.00
11984.56
11987.27
11989.12
11995.43
11996.00
11998.72
12000.61
12014.87
12015.45
12018.14
12020.04
12026.50
12027.11
12029.82
12031.77
12042.14
12042.81
12045.51
12047.52
12054.08
12054.98
12057.68
12059.69
12075.97
12077.95
12080.40
12081.32
12087.95
12088.73
12091.46
12093.52
12103.64
12104.46
12107.27
12109.34
12115.71
12116.55
12119.35
12121.47
12135.79
12136.69
12139.49
12141.58
12147.95
12148.83
12151.62
12153.74
12163.76
12164.68
12167.50
12169.68
12176.14
12177.06
12179.92
12182.10
12198.30
12200.45
12202.97
12204.13
12210.87
12211.79
12214.35
12216.57
12226.46
12227.37
12230.22
12232.36
12238.74
12239.63
12242.47
12244.59
12258.68
12259.60
12262.48
12264.58
12270.99
12271.86
12274.69
12276.75
12286.52
12287.31
12290.17
12292.21
12298.54
12299.35
12302.20
12304.22
12320.21
12322.20
12324.76
12325.66
12332.01
12332.74
12335.63
12337.66
12347.38
12348.13
12351.00
12352.98
12359.31
12360.02
12362.88
12364.87
12378.81
12379.52
12382.46
12384.44
12390.81
12391.49
12394.44
12396.44
12406.19
12406.89
12409.85
12411.80
12418.13
12418.75
12421.68
12423.64
12439.65
12441.49
12444.08
12444.79
12451.16
12451.76
12454.64
12456.52
12466.27
12466.85
12469.76
12471.61
12478.00
12478.56
12481.51
12483.38
12497.27
12497.82
12500.94
12502.80
12509.14
12509.69
12512.62
12514.48
12524.21
12524.75
12527.71
12529.54
12535.90
12536.41
12539.32
12541.16
12557.10
12558.97
12561.71
12562.38
12568.85
12569.36
12572.33
12574.17
12583.95
12584.47
12587.53
12589.37
12595.77
12596.27
12599.24
12601.06
12614.85
12615.35
12618.42
12620.28
12626.67
12627.16
12630.11
12631.92
12641.73
12642.21
12645.17
12646.95
12653.42
12653.90
12656.84
12658.61
12674.53
12676.33
12679.09
12679.67
12686.14
12686.62
12689.63
12691.44
12701.35
12701.83
12704.87
12706.67
12713.09
12713.57
12716.57
12718.35
12732.12
12732.60
12735.61
12737.38
12743.87
12744.36
12747.43
12749.23
12759.08
12759.56
12762.63
12764.42
12770.92
12771.39
12774.45
12776.22
12792.38
12794.16
12797.06
12797.62
12804.25
12804.74
12807.93
12809.73
12819.64
12820.12
12823.26
12825.08
12831.54
12832.02
12835.14
12836.93
12850.59
12851.09
12854.38
12856.22
12862.77
12863.27
12866.47
12868.28
12878.24
12878.78
12881.99
12883.88
12890.45
12890.98
12894.29
12896.15
12912.51
12914.53
12917.43
12918.11
12924.68
12925.27
12928.47
12930.33
12940.45
12941.07
12944.34
12946.25
12952.95
12953.55
12956.80
12958.69
12972.31
12972.92
12976.17
12978.13
12984.86
12985.48
12988.75
12990.69
13001.07
13001.69
13004.93
13006.85
13013.43
13014.06
13017.30
13019.24
13035.33
13037.21
13040.14
13040.94
13048.23
13048.81
13051.57
13053.62
13063.45
13064.11
13067.39
13069.36
13075.92
13076.58
13079.92
13081.91
13095.63
13096.30
13099.61
13101.59
13107.99
13108.66
13111.97
13113.90
13123.63
13124.29
13127.63
13129.54
13135.98
13136.65
13139.98
13141.95
13141.95
