0002097152
0002097152
0002097152
0002097152
0002097152
0002097152
0002097152
0002097152
0002097152
0002097152
0002097152
0002097152
0002097152
0002097152
0002097152
0002097152
0002097152
0002097152
0002097152
0002097152
0002097152
0002097152
0002097152
0002097152
0002097152
0002097152
0002097152
0002097152
0002097152
0002097152
0002097152
0002097152
0002097152
0002097152
0002097152
0002097152
0002097152
0002097152
0002097152
0002097152
0002097152
0002097152
0002097152
0002097152
0002097152
0002097152
0002097152
0002097152
0002097152
0002097152
0002097152
0002097152
0002097152
0002097152
0002097152
0002097152
0002097152
0002097152
0002097152
0002097152
0002097152
0002097152
0002097152
0002097152
0002097152
0002097152
0002097152
0002097152
0002097152
0002097152
0002097152
0002097152
0002097152
0002097152
0002097152
0002097152
0002097152
0000000002
0002097152
0000000005
0002097152
0000000007
0002097152
0000000009
0000000001
0002097152
0000000002
0000000016
0000000002
0002097152
0000000003
0000000026
0000000006
0002097152
0000000009
0000000053
0000000010
0002097152
0000000010
0000000102
0000000012
0002097152
0000000014
0000000164
0000000016
0002097152
0000000016
0000000258
0000000014
0002097152
0000000018
0000000397
0000000021
0002097152
0000000022
0000000618
0000000027
0000000002
0002097152
0000000002
0000000030
0000000002
0000000914
0000000002
0000000037
0000000003
0002097152
0000000002
0000000041
0000001273
0000000043
0002097152
0000000058
0000001707
0000000067
0002097152
0000000077
0000002359
0000000087
0002097152
0000000105
0000003159
0000000117
0002097152
0000000133
0000004090
0000000153
0002097152
0000000180
0000005286
0000000187
0002097152
0000000206
0000006709
0000000250
0002097152
0000000276
0000008313
0000000268
0002097152
0000000003
0000000303
0000000003
0000010283
0000000002
0000000333
0000000002
0002097152
0000000003
0000000378
0000012784
0000000399
0002097152
0000000003
0000000424
0000000003
0000015810
0000000003
0000000490
0000000001
0002097152
0000000007
0000000574
0000000005
0000019480
0000000005
0000000628
0000000006
0002097152
0000000010
0000000668
0000000013
0000023729
0000000010
0000000720
0000000005
0002097152
0000000004
0000000801
0000000004
0000028667
0000000003
0000000900
0000000004
0002097152
0000000004
0000000977
0000000001
0000034354
0000000005
0000001023
0000000009
0002097152
0000000012
0000001138
0000000016
0000040897
0000000015
0000001246
0000000019
0002097152
0000000017
0000001393
0000000016
0000048170
0000000012
0000001486
0000000012
0002097152
0000000011
0000001626
0000000013
0000056448
0000000010
0000001739
0000000018
0002097152
0000000017
0000001905
0000000019
0000065376
0000000022
0000002051
0000000016
0002097152
0000000014
0000002219
0000000021
0000075217
0000000017
0000002417
0000000018
0002097152
0000000020
0000002647
0000000026
0000085688
0000000031
0000002868
0000000028
0002097152
0000000033
0000003141
0000000039
0000097047
0000000047
0000003390
0000000034
0002097152
0000000037
0000003716
0000000044
0000109265
0000000042
0000004025
0000000057
0002097152
0000000053
0000004277
0000000060
0000122282
0000000063
0000004566
0000000076
0002097152
0000000079
0000004872
0000000081
0000136236
0000000080
0000005129
0000000088
0002097152
0000000088
0000005494
0000000099
0000151378
0000000105
0000005828
0000000090
0002097152
0000000087
0000006186
0000000116
0000167188
0000000127
0000006585
0000000123
0002097152
0000000140
0000006958
0000000155
0000183901
0000000171
0000007359
0000000188
0002097152
0000000194
0000007866
0000000195
0000201619
0000000190
0000008397
0000000194
0002097152
0000000213
0000008854
0000000230
0000220184
0000000254
0000009376
0000000243
0002097152
0000000243
0000009977
0000000226
0000239889
0000000240
0000010658
0000000261
0002097152
0000000298
0000011322
0000000316
0000260558
0000000337
0000011858
0000000346
0002097152
0000000349
0000012570
0000000342
0000282482
0000000333
0000013378
0000000333
0002097152
0000000357
0000014174
0000000357
0000304854
0000000353
0000015017
0000000366
0002097152
0000000383
0000015847
0000000407
0000328344
0000000427
0000016693
0000000459
0002097152
0000000479
0000017557
0000000529
0000352517
0000000544
0000018542
0000000597
0002097152
0000000625
0000019471
0000000640
0000377767
0000000673
0000020366
0000000688
0002097152
0000000717
0000021395
0000000771
0000403956
0000000782
0000022450
0000000800
0002097152
0000000813
0000023497
0000000835
0000430983
0000000858
0000024775
0000000903
0002097152
0000000963
0000026018
0000001016
0000458744
0000001041
0000027339
0000001094
0002097152
0000001144
0000028744
0000001204
0000487193
0000001235
0000030054
0000001277
0002097152
0000001347
0000031531
0000001398
0000516256
0000001482
0000033010
0000001554
0002097152
0000001618
0000034582
0000001730
0000546142
0000001773
0000036128
0000001827
0002097152
0000001907
0000037617
0000001950
0000576810
0000002041
0000039291
0000002166
0002097152
0000002244
0000040982
0000002299
0000607987
0000002317
0000042626
0000002376
0002097152
0000002482
0000044567
0000002591
0000639101
0000002693
0000046332
0000002821
0002097152
0000002906
0000048407
0000003045
0000670741
0000000001
0000003094
0000050457
0000003268
0002097152
0000000001
0000003382
0000000001
0000052585
0000000002
0000003520
0000000004
0000702768
0000000003
0000003658
0000000002
0000054727
0000000004
0000003771
0000000002
0002097152
0000000002
0000003899
0000000002
0000056875
0000000002
0000003995
0000000001
0000735138
0000000001
0000004132
0000059090
0000004239
0002097152
0000004393
0000061398
0000004600
0000000002
0000767501
0000000004
0000004764
0000000009
0000063788
0000000010
0000004973
0000000009
0002097152
0000000007
0000005140
0000000007
0000066221
0000000007
0000005296
0000000006
0000800017
0000000007
0000005442
0000000006
0000068632
0000000007
0000005481
0000000006
0002097152
0000000003
0000005697
0000071151
0000000005
0000005812
0000000008
0000832286
0000000009
0000006009
0000000011
0000073829
0000000012
0000006211
0000000012
0002097152
0000000010
0000006383
0000000010
0000076600
0000000009
0000006514
0000000005
0000864827
0000006679
0000000002
0000079399
0000000005
0000006844
0000000006
0002097152
0000000007
0000007117
0000000008
0000082175
0000000005
0000007434
0000000006
0000897074
0000000001
0000007687
0000000001
0000084838
0000000002
0000007995
0000000003
0002097152
0000000006
0000008256
0000000003
0000087695
0000000004
0000008505
0000000009
0000928927
0000000005
0000008742
0000000003
0000090525
0000000002
0000008998
0002097152
0000009279
0000000002
0000093622
0000000005
0000009547
0000000011
0000960240
0000000019
0000009779
0000000025
0000096398
0000000022
0000010153
0000000024
0002097152
0000000032
0000010446
0000000038
0000099512
0000000041
0000010724
0000000044
0000991633
0000000049
0000011051
0000000057
0000102713
0000000056
0000011339
0000000053
0002097152
0000000046
0000011629
0000000039
0000105956
0000000038
0000011847
0000000051
0001022730
0000000051
0000012088
0000000039
0000109261
0000000041
0000012434
0000000032
0002097152
0000000033
0000012834
0000000047
0000112731
0000000037
0000013162
0000000030
0001053293
0000000029
0000013549
0000000024
0000116131
0000000020
0000013859
0000000026
0002097152
0000000026
0000014253
0000000038
0000119868
0000000043
0000014539
0000000043
0001083600
0000000052
0000014932
0000000065
0000123276
0000000077
0000015337
0000000082
0002097152
0000000091
0000015648
0000000099
0000127185
0000000107
0000016025
0000000120
0001113320
0000000131
0000016412
0000000138
0000130691
0000000138
0000016746
0000000145
0002097152
0000000157
0000017163
0000000163
0000134636
0000000171
0000017700
0000000182
0001142615
0000000194
0000018195
0000000199
0000138321
0000000216
0000018607
0000000226
0002097152
0000000246
0000019121
0000000259
0000142378
0000000262
0000019466
0000000260
0001171194
0000000259
0000019871
0000000251
0000146184
0000000247
0000020246
0000000247
0002097152
0000000229
0000020608
0000000224
0000150575
0000000224
0000021069
0000000219
0001198987
0000000226
0000021526
0000000227
0000154657
0000000233
0000022148
0000000231
0002097152
0000000214
0000022600
0000000186
0000159294
0000000183
0000022961
0000000181
0001226238
0000000174
0000023396
0000000167
0000163088
0000000145
0000023854
0000000149
0002097152
0000000148
0000024428
0000000149
0000167587
0000000149
0000024939
0000000142
0001253273
0000000146
0000025554
0000000156
0000171905
0000000173
0000026136
0000000184
0002097152
0000000207
0000026615
0000000193
0000176884
0000000198
0000027097
0000000201
0001279531
0000000206
0000027677
0000000236
0000181210
0000000255
0000028295
0000000285
0002097152
0000000298
0000028921
0000000313
0000186421
0000000375
0000029687
0000000417
0001305052
0000000480
0000030225
0000000526
0000190908
0000000571
0000030879
0000000611
0002097152
0000000644
0000031597
0000000672
0000196057
0000000728
0000032149
0000000752
0001330318
0000000839
0000032906
0000000870
0000200675
0000000910
0000033604
0000000949
0002097152
0000001002
0000034433
0000001039
0000205918
0000001091
0000035202
0000001158
0001354615
0000001216
0000035859
0000001289
0000210739
0000001319
0000036679
0000001345
0002097152
0000001404
0000037502
0000001444
0000216423
0000001488
0000038304
0000001547
0001378156
0000001585
0000039042
0000001618
0000221052
0000001625
0000039681
0000001635
0002097152
0000001648
0000040621
0000001738
0000226923
0000001747
0000041320
0000001777
0001401040
0000001786
0000042197
0000001798
0000231871
0000001827
0000042801
0000001828
0002097152
0000001831
0000043569
0000001906
0000237931
0000001916
0000044180
0000001927
0001423266
0000001923
0000045107
0000001900
0000242896
0000001908
0000045830
0000001895
0002097152
0000001919
0000046588
0000001962
0000249469
0000001995
0000047479
0000002043
0001444884
0000002055
0000048462
0000002096
0000254649
0000002123
0000049306
0000002136
0002097152
0000002206
0000050335
0000002258
0000261073
0000002359
0000051155
0000002446
0001465683
0000002538
0000051992
0000002632
0000266165
0000002690
0000052798
0000002754
0002097152
0000002800
0000053831
0000002868
0000272703
0000002947
0000054655
0000003001
0001485877
0000003006
0000055648
0000003055
0000278030
0000003102
0000056489
0000003131
0002097152
0000003197
0000057598
0000003276
0000284687
0000003375
0000058646
0000003428
0001505435
0000003496
0000059606
0000003537
0000290171
0000003563
0000060401
0000003623
0002097152
0000003627
0000061396
0000003645
0000297193
0000003673
0000062345
0000003685
0001524307
0000003737
0000063353
0000003707
0000302785
0000003766
0000064382
0000003776
0002097152
0000003814
0000065437
0000003883
0000309788
0000003908
0000066321
0000003996
0001542602
0000004046
0000067289
0000004024
0000315116
0000004070
0000068565
0000004091
0002097152
0000004126
0000069604
0000004172
0000322299
0000004230
0000070918
0000004279
0001560417
0000004307
0000072058
0000004328
0000327468
0000004382
0000073080
0000004460
0002097152
0000004525
0000074393
0000004547
0000335029
0000004500
0000075794
0000004514
0001577575
0000004480
0000076918
0000004473
0000340403
0000004483
0000078242
0000004466
0002097152
0000004544
0000079562
0000004549
0000348275
0000004559
0000080577
0000004582
0001594559
0000004591
0000081968
0000004693
0000354044
0000004719
0000083122
0000004746
0002097152
0000004745
0000084427
0000004833
0000361822
0000004881
0000085860
0000004967
0001610666
0000005087
0000087016
0000005168
0000367397
0000005270
0000088372
0000005447
0002097152
0000005573
0000089843
0000005708
0000375167
0000005830
0000091178
0000006062
0001625938
0000006171
0000092342
0000006352
0000381497
0000006487
0000093448
0000006629
0002097152
0000006748
0000094825
0000006847
0000389871
0000006876
0000096150
0000007018
0001640767
0000007148
0000097503
0000007177
0000395431
0000007225
0000098948
0000007221
0002097152
0000007261
0000100397
0000007343
0000403612
0000007378
0000101627
0000007335
0001655125
0000007377
0000103033
0000007457
0000409677
0000007478
0000104320
0000007457
0002097152
0000000002
0000007487
0000000003
0000105684
0000000007
0000007554
0000000005
0000418194
0000000011
0000007594
0000000007
0000106997
0000000004
0000007650
0000000001
0001668881
0000007671
0000108243
0000007654
0000424045
0000007697
0000109501
0000007749
0002097152
0000007811
0000111078
0000007870
0000432996
0000007850
0000112491
0000007855
0001682156
0000007989
0000114051
0000007978
0000438684
0000008028
0000115396
0000007948
0002097152
0000008037
0000116835
0000008094
0000447588
0000008109
0000118276
0000008142
0001695007
0000008176
0000119767
0000008175
0000453592
0000008223
0000121397
0000008282
0002097152
0000008349
0000122790
0000008414
0000462310
0000008473
0000124066
0000008619
0000000001
0001707386
0000008746
0000125643
0000008818
0000468107
0000008927
0000127201
0000009049
0002097152
0000009209
0000129053
0000009372
0000476974
0000009474
0000130690
0000009634
0001719280
0000009769
0000132242
0000009902
0000482869
0000010017
0000133717
0000010075
0002097152
0000010299
0000135380
0000010486
0000491818
0000010613
0000137015
0000010779
0001730603
0000010998
0000138707
0000011185
0000497443
0000011336
0000140467
0000011568
0002097152
0000011769
0000142285
0000011923
0000506363
0000012000
0000144053
0000012152
0001741650
0000000001
0000012221
0000000001
0000145787
0000012291
0000512136
0000012418
0000147474
0000012497
0002097152
0000012692
0000149400
0000012814
0000521346
0000012962
0000151074
0000013043
0001751878
0000013259
0000152690
0000013562
0000000001
0000526668
0000000009
0000013731
0000000025
0000154455
0000000059
0000013889
0000000119
0002097152
0000000189
0000014141
0000000236
0000156328
0000000276
0000014453
0000000310
0000536386
0000000340
0000014596
0000000366
0000158187
0000000387
0000014882
0000000399
0001761816
0000000388
0000015160
0000000396
0000159820
0000000383
0000015448
0000000373
0000541925
0000000371
0000015676
0000000360
0000161706
0000000339
0000015996
0000000295
0002097152
0000000305
0000016303
0000000273
0000163799
0000000257
0000016612
0000000233
0000551458
0000000203
0000016922
0000000194
0000165670
0000000179
0000017404
0000000172
0001771280
0000000171
0000017684
0000000154
0000167416
0000000139
0000017932
0000000133
0000557332
0000000118
0000018291
0000000101
0000169425
0000000089
0000018591
0000000073
0002097152
0000000075
0000018976
0000000081
0000171478
0000000067
0000019224
0000000065
0000566729
0000000052
0000019509
0000000038
0000173648
0000000032
0000019818
0000000027
0001780648
0000000016
0000020018
0000000016
0000175405
0000000016
0000020189
0000000017
0000572202
0000000014
0000020398
0000000027
0000177225
0000000029
0000020622
0000000038
0002097152
0000000039
0000020796
0000000034
0000179492
0000000020
0000021099
0000000009
0000581914
0000000002
0000021347
0000000005
0000181345
0000021558
0000000002
0001789267
0000021597
0000183284
0000000002
0000021801
0000000002
0000587213
0000021938
0000185364
0000022042
0002097152
0000022074
0000187847
0000022207
0000597127
0000022318
0000000001
0000189813
0000022436
0001797705
0000022707
0000191638
0000022974
0000602522
0000023273
0000193476
0000000001
0000023416
0000000002
0002097152
0000000007
0000023686
0000000006
0000195811
0000000009
0000023931
0000000015
0000612294
0000000023
0000023967
0000000020
0000197832
0000000031
0000024117
0000000034
0001805821
0000000035
0000024249
0000000038
0000199462
0000000035
0000024397
0000000032
0000618024
0000000031
0000024499
0000000043
0000201745
0000000053
0000024512
0000000059
0002097152
0000000068
0000024709
0000000103
0000204083
0000000128
0000024735
0000000142
0000628064
0000000146
0000024792
0000000148
0000205929
0000000139
0000024825
0000000141
0001813456
0000000137
0000024887
0000000140
0000208072
0000000144
0000025002
0000000148
0000633955
0000000134
0000025098
0000000128
0000210172
0000000123
0000025159
0000000101
0002097152
0000000072
0000025383
0000000051
0000212654
0000000041
0000025543
0000000027
0000643605
0000000015
0000025694
0000000009
0000214430
0000000004
0000025904
0000000005
0001820759
0000000002
0000026030
0000216436
0000000001
0000026233
0000000005
0000649174
0000000008
0000026448
0000000004
0000218372
0000000005
0000026561
0002097152
0000026779
0000220911
0000000003
0000026924
0000000001
0000659222
0000027023
0000222770
0000027156
0001827880
0000027558
0000224566
0000027715
0000664716
0000027990
0000226621
0000028349
0000000002
0002097152
0000000004
0000028631
0000000005
0000228886
0000000006
0000028932
0000000004
0000674500
0000000004
0000029332
0000000007
0000230688
0000000006
0000029674
0000000009
0001834708
0000000012
0000029943
0000000019
0000232655
0000000027
0000030416
0000000037
0000679796
0000000059
0000030765
0000000074
0000234817
0000000096
0000031136
0000000103
0002097152
0000000089
0000031792
0000000085
0000237176
0000000074
0000032232
0000000068
0000689823
0000000086
0000032664
0000000132
0000239326
0000000177
0000033005
0000000211
0001841000
0000000246
0000033430
0000000272
0000241153
0000000285
0000033889
0000000274
0000694848
0000000272
0000034281
0000000272
0000243155
0000000258
0000034637
0000000253
0002097152
0000000236
0000035002
0000000231
0000245625
0000000243
0000035479
0000000249
0000704842
0000000258
0000035873
0000000266
0000247589
0000000278
0000036202
0000000266
0001847070
0000000276
0000036821
0000000288
0000249549
0000000304
0000037273
0000000304
0000709912
0000000309
0000037608
0000000319
0000251618
0000000287
0000037979
0000000263
0002097152
0000000266
0000038419
0000000253
0000254176
0000000265
0000038910
0000000265
0000719587
0000000272
0000039332
0000000269
0000256154
0000000277
0000039729
0000000285
0001852900
0000000283
0000040083
0000000286
0000258034
0000000284
0000040413
0000000264
0000724211
0000000255
0000040763
0000000252
0000259873
0000000258
0000041177
0000000252
0002097152
0000000256
0000041506
0000000255
0000262399
0000000248
0000041809
0000000218
0000734402
0000000203
0000042315
0000000198
0000264311
0000000180
0000042814
0000000190
0001858492
0000000196
0000043113
0000000184
0000266234
0000000187
0000043487
0000000203
0000739108
0000000194
0000043796
0000000201
0000268068
0000000210
0000044084
0000000190
0002097152
0000000184
0000044671
0000000176
0000270848
0000000150
0000045133
0000000130
0000749072
0000000113
0000045522
0000000101
0000273024
0000000077
0000046038
0000000058
0001863657
0000000056
0000046337
0000000062
0000275045
0000000064
0000046705
0000000070
0000753629
0000000093
0000047217
0000000091
0000277025
0000000110
0000047616
0000000138
0002097152
0000000168
0000048156
0000000154
0000279900
0000000168
0000048668
0000000186
0000762957
0000000218
0000049167
0000000248
0000281835
0000000270
0000049521
0000000324
0001868748
0000000380
0000049986
0000000445
0000283847
0000000493
0000050400
0000000521
0000767435
0000000531
0000050675
0000000581
0000285570
0000000649
0000051006
0000000680
0002097152
0000000770
0000051477
0000000857
0000288237
0000000976
0000051927
0000001008
0000777077
0000001021
0000052220
0000001058
0000290042
0000001065
0000052508
0000001095
0001873400
0000001118
0000052740
0000001100
0000292270
0000001102
0000053144
0000001099
0000781332
0000001090
0000053386
0000001070
0000294122
0000001033
0000053821
0000001024
0002097152
0000001071
0000054319
0000001141
0000297051
0000001208
0000054746
0000001286
0000791239
0000001365
0000055141
0000001421
0000299031
0000001439
0000055630
0000001448
0001877892
0000001399
0000055986
0000001356
0000301212
0000001347
0000056233
0000001309
0000795469
0000001264
0000056617
0000001222
0000303143
0000001181
0000056918
0000001140
0002097152
0000001101
0000057308
0000001050
0000305637
0000000999
0000057681
0000000949
0000805031
0000000900
0000058007
0000000874
0000307613
0000000857
0000058363
0000000832
0001882114
0000000800
0000058681
0000000769
0000309631
0000000722
0000059016
0000000654
0000809262
0000000612
0000059192
0000000558
0000311776
0000000564
0000059522
0000000579
0002097152
0000000592
0000060078
0000000610
0000314568
0000000608
0000060359
0000000612
0000819029
0000000605
0000060625
0000000594
0000316633
0000000600
0000060803
0000000580
0001886157
0000000577
0000060996
0000000532
0000319048
0000000493
0000061293
0000000510
0000822905
0000000508
0000061404
0000000504
0000320768
0000000491
0000061578
0000000510
0002097152
0000000542
0000062211
0000000573
0000323323
0000000587
0000062455
0000000589
0000832143
0000000598
0000062866
0000000613
0000325387
0000000624
0000063202
0000000674
0001889878
0000000690
0000063647
0000000682
0000327441
0000000671
0000064032
0000000648
0000836065
0000000611
0000064427
0000000623
0000329403
0000000605
0000064698
0000000606
0002097152
0000000606
0000065427
0000000621
0000332353
0000000632
0000065820
0000000640
0000845399
0000000668
0000066443
0000000688
0000334592
0000000700
0000067161
0000000721
0001893313
0000000729
0000067714
0000000753
0000336523
0000000766
0000068323
0000000808
0000848919
0000000839
0000068820
0000000858
0000338849
0000000918
0000069288
0000000986
0002097152
0000001043
0000070264
0000001075
0000342000
0000001104
0000070813
0000001120
0000858149
0000001137
0000071327
0000001153
0000343994
0000001132
0000071644
0000001102
0001896650
0000001079
0000072104
0000001079
0000346017
0000001091
0000072328
0000001068
0000861653
0000001051
0000072623
0000001052
0000348096
0000001055
0000072837
0000001081
0002097152
0000001131
0000073590
0000001137
0000350584
0000001129
0000074125
0000001125
0000870708
0000001131
0000074677
0000001145
0000352713
0000001169
0000075167
0000001164
0001899562
0000001241
0000075571
0000001272
0000354329
0000001348
0000075959
0000001362
0000874114
0000001428
0000076453
0000001435
0000356383
0000001453
0000076716
0000001508
0002097152
0000001619
0000077494
0000001752
0000359468
0000001962
0000078100
0000002185
0000883237
0000002473
0000078595
0000002689
0000361278
0000002949
0000079330
0000003127
0001902319
0000003320
0000079852
0000003467
0000363498
0000003624
0000080453
0000003762
0000886903
0000003878
0000080990
0000003988
0000365183
0000004125
0000081284
0000004222
0002097152
0000004349
0000082090
0000004436
0000368193
0000004546
0000082617
0000004629
0000896177
0000004716
0000083058
0000004777
0000370326
0000004903
0000083426
0000004999
0001904937
0000005164
0000083852
0000005215
0000372449
0000005327
0000084149
0000005570
0000899329
0000005721
0000084586
0000005816
0000374155
0000005991
0000085123
0000006103
0002097152
0000006275
0000085941
0000006434
0000377163
0000006597
0000086600
0000006725
0000907787
0000006851
0000087228
0000006984
0000378871
0000007121
0000087647
0000007170
0001907336
0000007247
0000088219
0000007269
0000380762
0000007276
0000088769
0000007155
0000910736
0000007078
0000089332
0000006946
0000382609
0000006836
0000089797
0000006784
0002097152
0000006809
0000090616
0000006726
0000385456
0000006588
0000091414
0000006458
0000919262
0000006379
0000092100
0000006256
0000387548
0000006161
0000092912
0000005999
0001909537
0000005880
0000093702
0000005772
0000389414
0000005624
0000094312
0000005386
0000922181
0000005127
0000095078
0000004874
0000391155
0000004658
0000095793
0000004394
0002097152
0000004313
0000096749
0000004163
0000394168
0000003991
0000097561
0000003875
0000930780
0000003673
0000098191
0000003504
0000395999
0000003353
0000098699
0000003240
0001911439
0000003086
0000099194
0000002924
0000397878
0000002792
0000099605
0000002685
0000933172
0000002585
0000100018
0000002479
0000399573
0000002404
0000100480
0000002320
0002097152
0000002312
0000101013
0000002271
0000402484
0000002203
0000101495
0000002157
0000941741
0000002087
0000101908
0000002014
0000404377
0000002027
0000102113
0000001986
0001912987
0000001958
0000102417
0000001930
0000406107
0000001870
0000102630
0000001811
0000943613
0000001773
0000102869
0000001775
0000407845
0000001751
0000103004
0000001741
0002097152
0000001760
0000103519
0000001760
0000410657
0000001737
0000103803
0000001749
0000951447
0000001747
0000103880
0000001805
0000412582
0000001884
0000104083
0000001899
0001914435
0000001880
0000104065
0000001859
0000414204
0000001894
0000104130
0000001878
0000953749
0000001871
0000104302
0000001831
0000415869
0000001860
0000104425
0000001793
0002097152
0000001841
0000104915
0000001871
0000418693
0000001848
0000105228
0000001831
0000961600
0000001890
0000105543
0000001968
0000420537
0000002066
0000105605
0000002166
0001915794
0000002272
0000105642
0000002361
0000422323
0000002536
0000105817
0000002654
0000963578
0000002743
0000105762
0000002845
0000424079
0000002958
0000105784
0000003011
0002097152
0000003129
0000106015
0000003234
0000426902
0000003276
0000106097
0000003281
0000971445
0000003273
0000106043
0000003293
0000428636
0000003334
0000106045
0000003353
0001916834
0000003381
0000105945
0000003368
0000430284
0000003362
0000105800
0000003337
0000973477
0000003355
0000105824
0000003335
0000432016
0000003262
0000105841
0000003223
0002097152
0000003191
0000106392
0000003135
0000434935
0000003062
0000106738
0000003024
0000981145
0000002970
0000107104
0000002895
0000436762
0000002881
0000107391
0000002848
0001917512
0000002930
0000107586
0000003050
0000438337
0000003134
0000107798
0000003237
0000982939
0000003436
0000108087
0000003575
0000440052
0000003726
0000108126
0000003776
0002097152
0000003913
0000108687
0000004010
0000443012
0000004087
0000109152
0000004201
0000990221
0000004331
0000109724
0000004444
0000444664
0000004555
0000110166
0000004616
0001918248
0000004683
0000110416
0000004773
0000446269
0000004857
0000110597
0000004913
0000991419
0000004976
0000110919
0000005025
0000447872
0000005072
0000111120
0000005106
0002097152
0000005180
0000112084
0000005209
0000450761
0000005207
0000112477
0000005260
0000998914
0000005363
0000112924
0000005488
0000452097
0000005631
0000113214
0000005700
0001918836
0000005811
0000113507
0000005798
0000453586
0000005886
0000113860
0000005921
0001000345
0000005920
0000114072
0000005944
0000455167
0000005955
0000114461
0000005964
0002097152
0000006119
0000115420
0000006098
0000458246
0000006181
0000116233
0000006207
0001007045
0000006271
0000116679
0000006244
0000459663
0000006244
0000117168
0000006173
0001919154
0000006074
0000117561
0000005942
0000461047
0000005853
0000117978
0000005759
0001008611
0000005614
0000118526
0000005505
0000462936
0000005492
0000118631
0000005442
0002097152
0000005471
0000119558
0000005380
0000466207
0000005351
0000120209
0000005255
0001015516
0000005226
0000120700
0000005205
0000467967
0000005251
0000121153
0000005300
0001919177
0000005353
0000121541
0000005375
0000469466
0000005390
0000121983
0000005409
0001016444
0000005505
0000122146
0000005614
0000471054
0000005736
0000122206
0000005832
0002097152
0000005996
0000122961
0000006127
0000474289
0000006276
0000123218
0000006364
0001023288
0000006356
0000123593
0000006310
0000475955
0000006268
0000123869
0000006261
0001918821
0000006280
0000124324
0000006386
0000477563
0000006467
0000124775
0000006521
0001024073
0000006518
0000125111
0000006547
0000478689
0000006592
0000125334
0000006616
0002097152
0000006766
0000126069
0000006811
0000481338
0000006782
0000126500
0000006714
0001031009
0000006684
0000127017
0000006591
0000482953
0000006506
0000127451
0000006517
0001918324
0000006511
0000127882
0000006427
0000484269
0000006407
0000128323
0000006350
0001031546
0000006297
0000128522
0000006200
0000485722
0000006063
0000128875
0000005897
0002097152
0000005841
0000129646
0000005814
0000488584
0000005720
0000130206
0000005633
0001037915
0000005598
0000130519
0000005581
0000490136
0000005564
0000130946
0000005487
0001917578
0000005451
0000131398
0000005442
0000491386
0000005441
0000131638
0000005318
0001038614
0000005196
0000131853
0000005198
0000492868
0000005190
0000132232
0000005229
0002097152
0000005414
0000132839
0000005485
0000495888
0000005616
0000133153
0000005659
0001044564
0000005708
0000133622
0000005743
0000497185
0000005719
0000133983
0000005743
0001916809
0000005738
0000134336
0000005801
0000498646
0000005827
0000134471
0000005853
0001045334
0000005962
0000134921
0000006023
0000500159
0000006137
0000135011
0000006249
0002097152
0000006332
0000135640
0000006461
0000503323
0000006708
0000136015
0000007017
0001051329
0000007337
0000136425
0000007583
0000504773
0000007883
0000136856
0000008173
0001915626
0000008388
0000137206
0000008604
0000505903
0000008762
0000137673
0000008842
0001051764
0000008983
0000137957
0000008895
0000507221
0000008800
0000138189
0000008630
0002097152
0000008635
0000138817
0000008559
0000510342
0000008615
0000139070
0000008587
0001057756
0000008592
0000139439
0000008494
0000511772
0000008426
0000139519
0000008316
0001914281
0000008306
0000139651
0000008237
0000513183
0000008157
0000140026
0000008111
0001058115
0000008020
0000140323
0000007879
0000514785
0000007820
0000140685
0000007816
0002097152
0000007855
0000141517
0000007838
0000517854
0000007835
0000142181
0000007734
0001063506
0000007672
0000142746
0000007627
0000519262
0000007617
0000143284
0000007538
0001912453
0000007467
0000143839
0000007401
0000520547
0000007381
0000144320
0000007353
0001063891
0000007345
0000144803
0000007329
0000521762
0000007314
0000145092
0000007371
0002097152
0000007544
0000145879
0000007702
0000524629
0000007889
0000146289
0000008103
0001068978
0000008298
0000146723
0000008413
0000525771
0000008533
0000147185
0000008600
0001910671
0000008654
0000147660
0000008600
0000527117
0000008543
0000148083
0000008372
0001069203
0000008231
0000148800
0000008102
0000528273
0000008078
0000149304
0000008062
0002097152
0000008091
0000150100
0000008062
0000530850
0000008090
0000150870
0000008138
0001074203
0000008164
0000151382
0000008091
0000531865
0000008128
0000151968
0000008044
0001908534
0000008039
0000152710
0000008053
0000532821
0000008069
0000153339
0000008096
0001074050
0000008209
0000153862
0000008344
0000533737
0000008463
0000154652
0000008517
0002097152
0000008690
0000155623
0000008758
0000536594
0000008754
0000156278
0000008816
0001078563
0000008856
0000156985
0000008860
0000537622
0000008801
0000157511
0000008833
0001906088
0000008854
0000157780
0000008864
0000538592
0000008988
0000158236
0000008981
0001078642
0000008971
0000158564
0000008930
0000539511
0000008957
0000158775
0000008947
0002097152
0000009100
0000159471
0000009206
0000542017
0000009242
0000159948
0000009240
0001083126
0000009287
0000160279
0000009359
0000543011
0000009526
0000160707
0000009747
0001903308
0000010007
0000161116
0000010272
0000543917
0000010404
0000161347
0000010559
0001083163
0000010802
0000161567
0000011001
0000544746
0000011177
0000161685
0000011326
0002097152
0000011569
0000162386
0000011672
0000547278
0000011790
0000162645
0000011839
0001087698
0000012052
0000163085
0000012130
0000548078
0000012178
0000163445
0000012180
0001900393
0000012188
0000163620
0000012129
0000548729
0000012185
0000163554
0000012176
0001087166
0000012248
0000163661
0000012320
0000549523
0000012385
0000163434
0000012422
0002097152
0000012624
0000163992
0000012828
0000551904
0000013041
0000164385
0000013189
0001091648
0000013420
0000164487
0000013549
0000552692
0000013638
0000164603
0000013668
0001897185
0000013660
0000164518
0000013684
0000553600
0000013696
0000164467
0000013552
0001091143
0000013323
0000164373
0000013082
0000554392
0000012880
0000164292
0000012617
0002097152
0000012624
0000164563
0000012511
0000556699
0000012405
0000164546
0000012290
0001094897
0000012214
0000164645
0000012202
0000557480
0000012078
0000164838
0000011941
0001893708
0000011850
0000164873
0000011670
0000558183
0000011518
0000164907
0000011304
0001093990
0000011247
0000164988
0000011119
0000558781
0000011038
0000164964
0000011030
0002097152
0000011189
0000165497
0000011259
0000561081
0000011311
0000166025
0000011317
0001098161
0000011293
0000166298
0000011224
0000561888
0000011246
0000166502
0000011121
0001889895
0000011025
0000166823
0000010910
0000562729
0000010918
0000166983
0000010962
0001097329
0000010990
0000167369
0000010989
0000563609
0000010930
0000167648
0000010970
0002097152
0000011155
0000168310
0000011164
0000565828
0000011151
0000168808
0000011100
0001101065
0000011067
0000169076
0000011009
0000566578
0000011064
0000169439
0000011005
0001885457
0000010988
0000169640
0000010915
0000567446
0000010924
0000169911
0000010845
0001100498
0000010745
0000170124
0000010681
0000567997
0000010642
0000170278
0000010523
0002097152
0000010663
0000170947
0000010741
0000570152
0000010766
0000171350
0000010849
0001103803
0000010972
0000171688
0000011044
0000570856
0000011181
0000172007
0000011151
0001881142
0000011206
0000172411
0000011153
0000571480
0000011144
0000172685
0000011030
0001102562
0000010891
0000172988
0000010748
0000571959
0000010767
0000173316
0000010807
0002097152
0000010942
0000174179
0000010951
0000573966
0000010985
0000174694
0000010971
0001105812
0000011107
0000174967
0000011218
0000574716
0000011283
0000175278
0000011370
0001876175
0000011532
0000175631
0000011666
0000575365
0000011827
0000175581
0000011854
0001104805
0000011878
0000175579
0000011776
0000575950
0000011697
0000175655
0000011579
0002097152
0000011689
0000176280
0000011709
0000577887
0000011719
0000176379
0000011746
0001107513
0000011769
0000176549
0000011789
0000578517
0000011756
0000176468
0000011640
0001870872
0000011659
0000176436
0000011542
0000579108
0000011455
0000176521
0000011299
0001105981
0000011291
0000176587
0000011141
0000579523
0000011040
0000176479
0000011006
0002097152
0000011109
0000177081
0000011027
0000581595
0000010995
0000177071
0000010995
0001108708
0000011030
0000177114
0000011029
0000582118
0000011092
0000177146
0000011202
0001865084
0000011348
0000176877
0000011461
0000582627
0000011609
0000176696
0000011700
0001107462
0000011773
0000176714
0000011775
0000583044
0000011848
0000176476
0000011896
0002097152
0000012052
0000176817
0000012154
0000584580
0000012221
0000176974
0000012382
0001109605
0000012605
0000177204
0000012749
0000584984
0000012989
0000177338
0000013103
0001859211
0000013221
0000177502
0000013325
0000585333
0000013431
0000177426
0000013460
0001108355
0000013543
0000177369
0000013608
0000585528
0000013557
0000177172
0000013540
0002097152
0000013676
0000177706
0000013700
0000587097
0000013747
0000177932
0000013747
0001110715
0000013740
0000178207
0000013764
0000587429
0000013623
0000178340
0000013362
0001852868
0000013067
0000178416
0000012914
0000587886
0000012759
0000178362
0000012553
0001109023
0000012464
0000178420
0000012326
0000588256
0000012356
0000178414
0000012421
0002097152
0000012553
0000178998
0000012505
0000589810
0000012569
0000179365
0000012624
0001111040
0000012727
0000179662
0000012672
0000589970
0000012656
0000179692
0000012603
0001846005
0000012590
0000179755
0000012596
0000590154
0000012639
0000179764
0000012595
0001109423
0000012506
0000179802
0000012444
0000590481
0000012418
0000179859
0000012429
0002097152
0000012654
0000180521
0000012697
0000592030
0000012730
0000180692
0000012702
0001111219
0000012708
0000180821
0000012726
0000592387
0000012694
0000180762
0000012643
0001838736
0000012501
0000180662
0000012434
0000592416
0000012433
0000180843
0000012303
0001109702
0000012198
0000180772
0000012094
0000592587
0000011950
0000180590
0000011730
0002097152
0000011666
0000181265
0000011481
0000593991
0000011426
0000181456
0000011349
0001111204
0000011322
0000181413
0000011219
0000594209
0000011161
0000181306
0000011227
0001831513
0000011230
0000181203
0000011162
0000594284
0000011308
0000180944
0000011398
0001109128
0000011475
0000180790
0000011518
0000594452
0000011716
0000180583
0000011887
0002097152
0000012193
0000181348
0000012388
0000595770
0000012507
0000181442
0000012566
0001110714
0000012680
0000181804
0000012682
0000595875
0000012787
0000182199
0000012832
0001823463
0000012824
0000182671
0000012900
0000596177
0000012801
0000182915
0000012854
0001108492
0000012839
0000183012
0000012738
0000596347
0000012758
0000182979
0000012723
0002097152
0000012973
0000183376
0000013270
0000597708
0000013534
0000183425
0000013923
0001109372
0000014294
0000183267
0000014610
0000598218
0000015003
0000183139
0000015264
0001815154
0000015510
0000182962
0000015737
0000598336
0000016070
0000182795
0000016570
0001107364
0000017151
0000182868
0000017472
0000598483
0000018064
0000182836
0000018335
0002097152
0000018779
0000183400
0000019223
0000599873
0000019694
0000183789
0000020137
0001108618
0000020707
0000183922
0000021241
0000600087
0000021697
0000184079
0000021916
0001806714
0000022248
0000184301
0000022446
0000600238
0000022580
0000184458
0000022706
0001106390
0000022822
0000184508
0000022690
0000600243
0000022577
0000184430
0000022472
0002097152
0000022622
0000184991
0000022643
0000601254
0000022523
0000185065
0000022388
0001107265
0000022214
0000185242
0000021977
0000601230
0000021768
0000185397
0000021463
0001797472
0000021068
0000185246
0000020469
0000600942
0000019831
0000185268
0000019201
0001104725
0000018714
0000185082
0000018111
0000600507
0000017664
0000185158
0000017280
0002097152
0000017107
0000185671
0000016795
0000601426
0000016601
0000185932
0000016564
0001105368
0000016498
0000186158
0000016320
0000601114
0000016159
0000186378
0000015988
0001787955
0000015831
0000186600
0000015594
0000600633
0000015506
0000186734
0000015472
0001103016
0000015504
0000186924
0000015453
0000600571
0000015389
0000187013
0000015196
0002097152
0000015368
0000187670
0000015358
0000601097
0000015394
0000187888
0000015347
0001103323
0000015312
0000188002
0000015128
0000600695
0000015062
0000188202
0000014869
0001778457
0000014816
0000188300
0000014621
0000600444
0000014596
0000188402
0000014426
0001100631
0000014266
0000188487
0000014152
0000599935
0000014054
0000188463
0000013852
0002097152
0000013864
0000188992
0000013727
0000600698
0000013600
0000189391
0000013315
0001101140
0000013084
0000189598
0000012897
0000600481
0000012720
0000189638
0000012449
0001768553
0000012400
0000189921
0000012248
0000599687
0000012166
0000190198
0000011991
0001098544
0000011923
0000190412
0000011754
0000599139
0000011659
0000190562
0000011497
0002097152
0000011544
0000191437
0000011506
0000599844
0000011393
0000191875
0000011373
0001098632
0000011292
0000192144
0000011310
0000599375
0000011476
0000192380
0000011460
0001758504
0000011472
0000192494
0000011458
0000598723
0000011479
0000192468
0000011363
0001095953
0000011327
0000192213
0000011333
0000598111
0000011275
0000191979
0000011200
0002097152
0000011458
0000192956
0000011507
0000598549
0000011639
0000193016
0000011714
0001096133
0000011808
0000193109
0000011845
0000598164
0000011931
0000193064
0000011983
0001748128
0000012186
0000192997
0000012323
0000597924
0000012628
0000193002
0000012905
0001093526
0000013286
0000192737
0000013481
0000597259
0000013816
0000192439
0000013973
0002097152
0000014212
0000193235
0000014464
0000598058
0000014796
0000193149
0000014993
0001093456
0000015291
0000192955
0000015513
0000597412
0000015856
0000192796
0000016024
0001737488
0000016269
0000192618
0000016321
0000596843
0000016317
0000192494
0000016259
0001090276
0000016165
0000192417
0000015973
0000596120
0000015847
0000192054
0000015661
0002097152
0000015739
0000192685
0000015793
0000597020
0000015850
0000192627
0000015820
0001090042
0000015896
0000192512
0000015890
0000596643
0000015933
0000192743
0000015873
0001726546
0000016048
0000192815
0000015983
0000596098
0000015929
0000192866
0000015883
0001087275
0000016013
0000192846
0000015991
0000595683
0000015987
0000192628
0000015984
0002097152
