1.00282
1.00282
1.02702
1.02702
1.02702
1.02702
1.02702
1.02702
1.02702
1.02701
1.02701
1.02701
1.02701
1.02701
1.02701
1.027
1.027
1.02699
1.02699
1.027
1.02699
1.02699
1.02223
1.02222
1.02222
1.02222
1.02222
1.02223
1.02223
1.02224
1.02225
1.02225
1.02225
1.02691
1.02688
1.02687
1.02687
1.02686
1.02685
1.02685
1.02683
1.02164
1.02153
1.02137
1.02121
1.02108
1.02092
1.02675
1.02675
1.02678
1.02683
1.02687
1.02692
1.02696
1.027
1.02706
1.0271
1.02715
1.02718
1.02735
1.02713
1.02693
1.02673
1.02655
1.02639
1.01958
1.01957
1.01956
1.01953
1.01952
1.01948
1.01945
1.02712
1.02703
1.01915
1.01902
1.01893
1.01887
1.02406
1.02398
1.02392
1.02383
1.02374
1.02366
1.02366
1.02358
1.02356
1.02356
1.02356
1.02345
1.02344
1.02344
1.02344
1.01812
1.0181
1.0181
1.0181
1.01798
1.01797
1.01797
1.01797
1.01789
1.01786
1.01786
1.01786
1.01781
1.01778
1.01778
1.01778
1.01767
1.01767
1.01767
1.01767
1.01759
1.01755
1.01755
1.01755
1.01755
1.01749
1.0175
1.0175
1.0175
1.0175
1.0175
1.0175
1.0175
1.01744
1.01745
1.01745
1.01745
1.01745
1.02098
1.02091
1.02091
1.02091
1.02072
1.02063
1.02063
1.02063
1.02041
1.02035
1.02035
1.02035
1.02015
1.02008
1.02008
1.02008
1.01988
1.01977
1.01977
1.01977
1.01954
1.01948
1.01948
1.01948
1.01925
1.01916
1.01916
1.01916
1.01698
1.01889
1.01889
1.01889
1.01889
1.01889
1.01889
1.01889
1.01855
1.01852
1.01852
1.01852
1.01852
1.0182
1.01812
1.01812
1.01812
1.01812
1.01812
1.01812
1.01812
1.01784
1.0178
1.0178
1.0178
1.0178
1.0178
1.0178
1.0178
1.01754
1.01751
1.01751
1.01751
1.01751
1.01751
1.01751
1.01751
1.01721
1.01718
1.01718
1.01718
1.01718
1.01718
1.01718
1.01718
1.01678
1.01673
1.01673
1.01673
1.01673
1.01673
1.01673
1.01673
1.01639
1.01634
1.01634
1.01634
1.01634
1.01634
1.01634
1.01634
1.01599
1.01593
1.01593
1.01593
1.01593
1.01593
1.01593
1.01593
1.01559
1.01554
1.01554
1.01554
1.01554
1.01554
1.01554
1.01554
1.01527
1.01522
1.01522
1.01522
1.01522
1.01522
1.01522
1.01522
1.01482
1.01478
1.01478
1.01478
1.01478
1.01478
1.01478
1.01478
1.01447
1.01439
1.01439
1.01439
1.01439
1.01439
1.01439
1.01439
1.01403
1.01398
1.01398
1.01398
1.01398
1.01398
1.01398
1.01398
1.01354
1.01347
1.01347
1.01347
1.01347
1.01347
1.01347
1.01347
1.01307
1.01299
1.01299
1.01299
1.01299
1.01299
1.01299
1.01299
1.01254
1.01246
1.01246
1.01246
1.01246
1.01246
1.01246
1.01246
1.01202
1.01892
1.01892
1.01892
1.01892
1.01892
1.01892
1.01892
1.01863
1.01859
1.01859
1.01859
1.01859
1.01859
1.01859
1.01859
1.01834
1.0183
1.0183
1.0183
1.0183
1.0183
1.0183
1.0183
1.018
1.01973
1.01973
1.01973
1.01973
1.01958
1.01958
1.01958
1.01947
1.02759
1.02759
1.02759
1.02747
1.02747
1.02747
1.02747
1.02725
1.02723
1.02723
1.02723
1.02712
1.02712
1.02712
1.02712
1.02694
1.02783
1.02783
1.02783
1.02774
1.02774
1.02774
1.02774
1.02665
1.03572
1.03572
1.03572
1.03563
1.03563
1.03563
1.03563
1.0355
1.03548
1.03548
1.03548
1.03542
1.03542
1.03542
1.03542
1.03526
1.03521
1.03521
1.03521
1.03504
1.03504
1.03504
1.03504
1.03483
1.0348
1.0348
1.0348
1.0347
1.0347
1.0347
1.0347
1.03457
1.0404
1.0404
1.0404
1.04023
1.04023
1.04023
1.04023
1.04003
1.04
1.04
1.04
1.03977
1.03977
1.03977
1.03977
1.03959
1.04628
1.04628
1.04628
1.04614
1.04614
1.04614
1.04614
1.03923
1.04589
1.04589
1.04589
1.04578
1.04578
1.04578
1.04578
1.03989
1.04637
1.04637
1.04637
1.0462
1.0462
1.0462
1.0462
1.04599
1.04592
1.04592
1.04592
1.04578
1.04578
1.04578
1.04578
1.04558
1.04556
1.04556
1.04556
1.04455
1.04455
1.04455
1.04455
1.04433
1.05185
1.05185
1.05185
1.05168
1.05168
1.05168
1.05168
1.05149
1.04387
1.04387
1.04387
1.05123
1.05123
1.05123
1.05123
1.05103
1.05097
1.05097
1.05097
1.05079
1.05079
1.05079
1.05079
1.05058
1.05057
1.05057
1.05057
1.05046
1.05046
1.05046
1.05046
1.05046
1.05023
1.05021
1.05021
1.05021
1.05021
1.05021
1.05021
1.05021
1.05004
1.05004
1.05004
1.05004
1.05004
1.05004
1.05004
1.05004
1.04981
1.04978
1.04978
1.04978
1.04978
1.04978
1.04978
1.04978
1.0496
1.0496
1.0496
1.0496
1.0496
1.04938
1.05672
1.05672
1.05672
1.05672
1.05653
1.05653
1.05653
1.05653
1.05653
1.05653
1.05653
1.05653
1.05635
1.05633
1.05633
1.05633
1.05633
1.05633
1.05633
1.05633
1.05614
1.05614
1.05614
1.05614
1.05614
1.05614
1.05614
1.05614
1.04862
1.05598
1.05598
1.05598
1.05598
1.05598
1.05598
1.05579
1.05579
1.05579
1.05579
1.05579
1.05579
1.05579
1.05579
1.05559
1.05811
1.05811
1.05811
1.05811
1.05811
1.05811
1.05811
1.05781
1.05781
1.05781
1.05781
1.05781
1.05781
1.05781
1.05762
1.05508
1.05508
1.05508
1.05508
1.05508
1.05508
1.05508
1.0549
1.0549
1.0549
1.0549
1.0549
1.0549
1.0549
1.0549
1.05468
1.05706
1.05706
1.05706
1.05706
1.05706
1.05706
1.05706
1.05681
1.05681
1.05681
1.05681
1.05681
1.05681
1.05681
1.05656
1.05651
1.05651
1.05651
1.05651
1.05651
1.05651
1.05634
1.05634
1.05634
1.05634
1.05634
1.05634
1.05634
1.05634
1.05609
1.05606
1.05606
1.05606
1.05606
1.05606
1.05606
1.05606
1.0559
1.0559
1.0559
1.0559
1.0559
1.0559
1.0559
1.0559
1.05564
1.05558
1.05558
1.05558
1.05558
1.05558
1.05558
1.05558
1.05537
1.05537
1.05537
1.05537
1.05537
1.05537
1.05537
1.05537
1.06487
1.05503
1.05503
1.05503
1.05503
1.05503
1.05503
1.05503
1.05866
1.05866
1.05866
1.05866
1.05866
1.05866
1.05866
1.05866
1.05841
1.06431
1.06431
1.06431
1.06431
1.06431
1.06431
1.06431
1.06406
1.06406
1.06406
1.06406
1.06406
1.06406
1.06406
1.06406
1.06226
1.06225
1.06225
1.06225
1.06225
1.06225
1.06225
1.06225
1.06198
1.06198
1.06198
1.06198
1.06198
1.06198
1.06198
1.06198
1.06325
1.06162
1.06162
1.06162
1.06162
1.06162
1.06162
1.06162
1.06136
1.06136
1.06136
1.06136
1.06136
1.06136
1.06136
1.06136
1.07102
1.06271
1.06271
1.06271
1.06271
1.06271
1.06271
1.06271
1.06248
1.06248
1.06248
1.06248
1.06248
1.06248
1.06248
1.06248
1.06228
1.06221
1.06221
1.06221
1.06221
1.06221
1.06221
1.06221
1.06197
1.06197
1.06197
1.06197
1.06197
1.06197
1.06197
1.06197
1.06797
1.06173
1.06173
1.06173
1.06173
1.06173
1.06173
1.06173
1.06773
1.06773
1.06773
1.06773
1.06773
1.06773
1.06756
1.06756
1.06746
1.06125
1.06125
1.06125
1.06125
1.06125
1.06938
1.06938
1.06725
1.06725
1.06725
1.06725
1.06725
1.06725
1.06923
1.06923
1.06916
1.0691
1.0691
1.0691
1.0691
1.0691
1.06898
1.06898
1.0689
1.0689
1.0689
1.0689
1.0689
1.0689
1.07484
1.07484
1.07478
1.0686
1.0686
1.0686
1.06841
1.06841
1.06841
1.06841
1.07442
1.07442
1.07442
1.07442
1.07425
1.07425
1.07425
1.07425
1.07408
1.06577
1.06577
1.06577
1.06568
1.06568
1.06568
1.06568
1.06554
1.06554
1.06554
1.06554
1.07368
1.07368
1.07368
1.07368
1.07354
1.07351
1.07351
1.07351
1.07341
1.07341
1.07341
1.07341
1.07324
1.07324
1.07324
1.07324
1.07313
1.07313
1.07313
1.07313
1.07301
1.07297
1.07297
1.07297
1.07287
1.07287
1.07287
1.07287
1.07275
1.07275
1.07275
1.07275
1.07256
1.07256
1.07256
1.07256
1.07239
1.07237
1.07237
1.07237
1.07222
1.07222
1.07222
1.07222
1.06927
1.06927
1.06927
1.06927
1.07189
1.07189
1.07189
1.07189
1.0689
1.07448
1.07448
1.07448
1.07433
1.07433
1.07433
1.07433
1.07413
1.07413
1.07413
1.07413
1.07397
1.07397
1.07397
1.07397
1.07383
1.07377
1.07377
1.07377
1.07367
1.07367
1.07367
1.07367
1.08095
1.08095
1.08095
1.08095
1.08071
1.08071
1.08071
1.08071
1.08485
1.08045
1.08045
1.08045
1.08466
1.08466
1.08466
1.08466
1.08492
1.08492
1.08492
1.08492
1.09038
1.09038
1.09038
1.09038
1.09017
1.09013
1.09013
1.09013
1.08997
1.08997
1.08997
1.08997
1.08407
1.08407
1.08407
1.08407
1.08385
1.08385
1.08385
1.08385
1.08369
1.08366
1.08366
1.08366
1.08352
1.08352
1.08352
1.08352
1.08341
1.08341
1.08341
1.08341
1.08332
1.08332
1.08332
1.08332
1.08318
1.08314
1.08314
1.08314
1.08307
1.08307
1.08307
1.08307
1.08292
1.08292
1.08292
1.08292
1.08273
1.08273
1.08273
1.08273
1.08263
1.08259
1.08259
1.08259
1.08245
1.08245
1.08245
1.08245
1.08224
1.08224
1.08224
1.08224
1.06986
1.06986
1.06986
1.06986
1.06981
1.08185
1.08185
1.08185
1.06967
1.06967
1.06967
1.06967
1.06951
1.06951
1.06951
1.06951
1.06938
1.06938
1.06938
1.06938
1.10037
1.10033
1.10033
1.10033
1.10027
1.10027
1.10027
1.10027
1.10019
1.10019
1.10019
1.10019
1.10011
1.10011
1.10011
1.10011
1.09998
1.09994
1.09994
1.09994
1.09993
1.09993
1.09993
1.09993
1.09983
1.09983
1.09983
1.09983
1.09973
1.09973
1.09973
1.09973
1.09966
1.09963
1.09963
1.09963
1.09954
1.09954
1.09954
1.09954
1.09944
1.09944
1.09944
1.09944
1.09934
1.09934
1.09934
1.09934
1.0992
1.09913
1.09913
1.09913
1.09895
1.09895
1.09895
1.09895
1.09889
1.09889
1.09889
1.09889
1.09882
1.09882
1.09882
1.09882
1.09876
1.09872
1.09872
1.09872
1.0986
1.0986
1.0986
1.0986
1.09837
1.09837
1.09837
1.09837
1.0982
1.0982
1.0982
1.0982
1.09806
1.098
1.098
1.098
1.09786
1.09786
1.09786
1.09786
1.09764
1.09764
1.09764
1.09764
1.09749
1.09749
1.09749
1.09749
1.09737
1.09737
1.09737
1.09737
1.09737
1.09737
1.09737
1.09737
1.09722
1.09722
1.09722
1.09722
1.09722
1.09722
1.09722
1.09722
1.0971
1.0971
1.0971
1.0971
1.09696
1.09696
1.09696
1.09696
1.06537
1.09671
1.09671
1.09671
1.09657
1.09657
1.09657
1.09657
1.065
1.065
1.065
1.065
1.06479
1.06479
1.06479
1.06479
1.06462
1.0959
1.0959
1.0959
1.06445
1.06445
1.06445
1.06445
1.06423
1.06423
1.06423
1.06423
1.0641
1.0641
1.0641
1.0641
1.06385
1.09514
1.09514
1.09514
1.06369
1.06369
1.06369
1.06369
1.06369
1.06348
1.06348
1.06348
1.06348
1.06328
1.06328
1.06328
1.06328
1.06304
1.06298
1.06298
1.06298
1.06287
1.06287
1.06287
1.06287
1.06267
1.06267
1.06267
1.06267
1.06251
1.06251
1.06251
1.06251
1.0623
1.06223
1.06223
1.06223
1.06204
1.06204
1.06204
1.06204
1.06188
1.06188
1.06188
1.06188
1.06166
1.06166
1.06166
1.06166
1.06145
1.06142
1.06142
1.06142
1.06126
1.06126
1.06126
1.06126
1.06104
1.06104
1.06104
1.06104
1.06104
1.06104
1.06082
1.06082
1.06082
1.06082
1.06058
1.0605
1.0605
1.0605
1.06035
1.06035
1.06035
1.06035
1.06013
1.06013
1.06013
1.06013
1.06013
1.05988
1.05988
1.05988
1.05988
1.05988
1.05988
1.05988
1.05988
1.05966
1.05963
1.05963
1.05963
1.05963
1.05963
1.05963
1.05963
1.05941
1.05941
1.05941
1.05941
1.05941
1.05941
1.05941
1.05941
1.0859
1.0859
1.0859
1.0859
1.0859
1.0859
1.0859
1.0859
1.08564
1.08564
1.08564
1.08564
1.08564
1.08564
1.08564
1.08564
1.08538
1.05869
1.05869
1.05869
1.05869
1.05869
1.05869
1.05869
1.05853
1.05853
1.05853
1.05853
1.05853
1.05853
1.05853
1.05853
1.09524
1.09524
1.09524
1.09524
1.09524
1.09524
1.09524
1.09524
1.05797
1.05797
1.05797
1.05797
1.05797
1.05797
1.05797
1.05797
1.05778
1.05777
1.05777
1.05777
1.05777
1.05777
1.05765
1.05765
1.05757
1.05757
1.05757
1.05757
1.05757
1.05757
1.05731
1.05731
1.05725
1.05725
1.05725
1.05725
1.05725
1.05725
1.05708
1.05708
1.05698
1.05698
1.05698
1.05698
1.05698
1.05698
1.05682
1.05682
1.05672
1.05669
1.05669
1.05669
1.05669
1.05669
1.05653
1.05653
1.05645
1.05645
1.05645
1.05645
1.05645
1.05632
1.05632
1.0578
1.0578
1.0578
1.0578
1.05607
1.05607
1.05785
1.05785
1.05785
1.05579
1.05795
1.05796
1.05796
1.07092
1.05808
1.05808
1.05808
1.05818
1.05818
1.05824
1.05824
1.05828
1.05828
1.05839
1.05839
1.07022
1.07022
1.07022
1.07022
1.05861
1.07008
1.07008
1.07008
1.06995
1.06995
1.06995
1.06995
1.06978
1.06978
1.06978
1.06978
1.06967
1.06967
1.06967
1.06967
1.06949
1.06949
1.06949
1.06949
1.06936
1.06936
1.06936
1.06936
1.06923
1.06923
1.06923
1.06923
1.06909
1.06909
1.06909
1.06909
1.06892
1.06888
1.06888
1.06888
1.06879
1.06879
1.06879
1.06879
1.0687
1.0687
1.0687
1.0687
1.06854
1.06854
1.06854
1.06854
1.07231
1.07231
1.07231
1.07231
1.07216
1.07216
1.07216
1.07216
1.07205
1.07205
1.07205
1.07205
1.06803
1.06803
1.06803
1.06803
1.06794
1.06793
1.06793
1.06793
1.06789
1.06789
1.06789
1.06789
1.06778
1.06778
1.06778
1.06778
1.06766
1.06766
1.06766
1.06766
1.07144
1.07144
1.07144
1.07131
1.07131
1.07131
1.07131
1.07114
1.07114
1.07114
1.07114
1.07102
1.07102
1.07102
1.07094
1.07085
1.07074
1.07074
1.07074
1.07074
1.07064
1.07064
1.07048
1.07048
1.07031
1.07031
1.07016
1.07016
1.07
1.07
1.06992
1.06992
1.06992
1.06981
1.06977
1.06977
1.06977
1.06967
1.06967
1.06967
1.06967
1.06956
1.06956
1.06956
1.06956
1.06939
1.06939
1.06939
1.06939
1.07562
1.07562
1.07562
1.07562
1.07544
1.07544
1.07544
1.07544
1.07526
1.07526
1.07526
1.07526
1.07509
1.07509
1.07509
1.07509
1.07494
1.07491
1.07491
1.07491
1.07479
1.07479
1.07479
1.07479
1.07461
1.07461
1.07461
1.07461
1.07443
1.07443
1.07443
1.07443
1.07434
1.07434
1.07434
1.07434
1.07418
1.07418
1.07418
1.07418
1.07408
1.07408
1.07408
1.07408
1.07396
1.07396
1.07396
1.07396
1.07378
1.07374
1.07374
1.07374
1.07363
1.07363
1.07363
1.07363
1.07348
1.07348
1.07348
1.07348
1.07335
1.07335
1.07335
1.07335
1.07323
1.07323
1.07323
1.07323
1.07306
1.07306
1.07306
1.07306
1.07291
1.07291
1.07291
1.07291
1.08472
1.08472
1.08472
1.08472
1.08456
1.08453
1.08453
1.08453
1.08443
1.08443
1.08443
1.08443
1.08441
1.08441
1.08441
1.08441
1.08433
1.08433
1.08433
1.08433
1.08418
1.08418
1.08418
1.08418
1.08406
1.08406
1.08406
1.08406
1.08393
1.08393
1.08393
1.08393
1.08376
1.08376
1.08376
1.08376
1.0836
1.08357
1.08357
1.08357
1.08345
1.08345
1.08345
1.08345
1.08334
1.08334
1.08334
1.08334
1.08321
1.08321
1.08321
1.08321
1.08304
1.08304
1.08304
1.08304
1.08292
1.08292
1.08292
1.08292
1.08281
1.08281
1.08281
1.08281
1.08266
1.08266
1.08266
1.08266
1.08249
1.08245
1.08245
1.08245
1.08235
1.08235
1.08235
1.08235
1.08219
1.08219
1.08219
1.08219
1.08204
1.08204
1.08204
1.08204
1.08187
1.08187
1.08187
1.08187
1.08167
1.08167
1.08167
1.08167
1.08154
1.08154
1.08154
1.08154
1.08136
1.08136
1.08136
1.08136
1.08118
1.08113
1.08113
1.08113
1.08107
1.08107
1.08107
1.08107
1.08094
1.08094
1.08094
1.08094
1.08079
1.08079
1.08079
1.08079
1.0806
1.0806
1.0806
1.0806
1.09346
1.09346
1.09346
1.09346
1.09335
1.09335
1.09335
1.09335
1.0932
1.0932
1.0932
1.0932
1.09304
1.09301
1.09301
1.09301
1.09287
1.09287
1.09287
1.09287
1.09274
1.09274
1.09274
1.09274
1.09255
1.09255
1.09255
1.09255
1.10278
1.10278
1.10278
1.10278
1.10263
1.10263
1.10263
1.10263
1.09214
1.09214
1.09214
1.09214
1.09201
1.09201
1.09201
1.09201
1.09195
1.09188
1.09188
1.09188
1.09175
1.09175
1.09175
1.09175
1.09162
1.09162
1.09162
1.09162
1.0914
1.0914
1.0914
1.0914
1.09126
1.09126
1.09126
1.09126
1.09109
1.09109
1.09109
1.09109
1.09097
1.09097
1.09097
1.09097
1.09088
1.09088
1.09088
1.09088
1.0908
1.09076
1.09076
1.09076
1.09066
1.09066
1.09066
1.09066
1.09053
1.09053
1.09053
1.09053
1.09039
1.09039
1.09039
1.09039
1.09028
1.09028
1.09028
1.09028
1.09016
1.09016
1.09016
1.09016
1.09005
1.09005
1.09005
1.09005
1.08996
1.08996
1.08996
1.08996
1.08986
1.08982
1.08982
1.08982
1.08974
1.08974
1.08974
1.08974
1.08957
1.08957
1.08957
1.08957
1.0894
1.0894
1.0894
1.0894
1.08927
1.08927
1.08927
1.08927
1.08909
1.08909
1.08909
1.08909
1.08898
1.08898
1.08898
1.08898
1.08886
1.08886
1.08886
1.08886
1.08869
1.08867
1.08867
1.08867
1.08861
1.08861
1.08861
1.08861
1.08846
1.08846
1.08846
1.08846
1.08839
1.08839
1.08839
1.08839
1.08828
1.08828
1.08828
1.08828
1.08821
1.08821
1.08821
1.08821
1.08812
1.08812
1.08812
1.08812
1.08799
1.08799
1.08799
1.08799
1.08782
1.074
1.074
1.074
1.08769
1.08769
1.08769
1.08769
1.08756
1.08756
1.08756
1.08756
1.08746
1.08746
1.08746
1.08746
1.08734
1.08734
1.08734
1.08734
1.08727
1.08727
1.08727
1.08727
1.13925
1.13925
1.13925
1.13925
1.13904
1.13904
1.13904
1.13904
1.13892
1.0728
1.0728
1.0728
1.13879
1.13879
1.13879
1.13879
1.13862
1.13862
1.13862
1.13862
1.13847
1.13847
1.13847
1.13847
1.13834
1.13834
1.13834
1.13834
1.13817
1.13817
1.13817
1.13817
1.13801
1.13801
1.13801
1.13801
1.1378
1.1378
1.1378
1.1378
1.13767
1.12619
1.12619
1.12619
1.12606
1.12606
1.12606
1.12606
1.13736
1.13736
1.13736
1.13736
1.13725
1.13725
1.13725
1.13725
1.13708
1.13708
1.13708
1.13708
1.13692
1.13692
1.13692
1.13692
1.13677
1.13677
1.13677
1.13677
1.13657
1.13657
1.13657
1.13657
1.13647
1.11482
1.11482
1.11482
1.12479
1.12479
1.12479
1.12479
1.13608
1.13608
1.13608
1.13608
1.13596
1.13596
1.13596
1.13596
1.1358
1.1358
1.1358
1.1358
1.13563
1.13563
1.13563
1.13563
1.14445
1.14445
1.14445
1.14445
1.14426
1.14426
1.14426
1.14426
1.14411
1.12349
1.12349
1.12349
1.13498
1.13498
1.13498
1.13498
1.14386
1.14386
1.14386
1.14386
1.14375
1.14375
1.14375
1.14375
1.14361
1.14361
1.14361
1.14361
1.1435
1.1435
1.1435
1.1435
1.14333
1.14333
1.14333
1.14333
1.14321
1.14321
1.14321
1.14321
1.14309
1.13402
1.13402
1.13402
1.143
1.143
1.143
1.143
1.1429
1.1429
1.1429
1.1429
1.14351
1.14351
1.14351
1.14351
1.14337
1.14337
1.14337
1.14337
1.14322
1.14322
1.14322
1.14322
1.14308
1.14308
1.14308
1.14308
1.14299
1.14299
1.14299
1.14299
1.14291
1.13304
1.13304
1.13304
1.14207
1.14207
1.14207
1.14207
1.14252
1.14252
1.14252
1.14252
1.14239
1.14239
1.14239
1.14239
1.14225
1.14225
1.14225
1.14225
1.14163
1.14163
1.14163
1.14163
1.14157
1.14157
1.14157
1.14157
1.14155
1.14155
1.14155
1.14155
1.14146
1.13219
1.13219
1.13219
1.13209
1.13209
1.13209
1.13209
1.14121
1.14121
1.14121
1.14121
1.14111
1.14111
1.14111
1.14111
1.141
1.141
1.141
1.141
1.14093
1.14093
1.14093
1.14093
1.14086
1.14086
1.14086
1.14086
1.14079
1.14079
1.14079
1.14079
1.13141
1.13137
1.13137
1.13137
1.14059
1.14059
1.14059
1.14059
1.14048
1.14048
1.14048
1.14048
1.1404
1.1404
1.1404
1.1404
1.14027
1.14027
1.14027
1.14027
1.14015
1.14015
1.14015
1.14015
1.14008
1.14008
1.14008
1.14008
1.14003
1.14003
1.14003
1.14003
1.13993
1.13048
1.13048
1.13048
1.13987
1.13987
1.13987
1.13987
1.13972
1.13972
1.13972
1.13972
1.13968
1.13968
1.13968
1.13968
1.1396
1.1396
1.1396
1.1396
1.13952
1.13952
1.13952
1.13952
1.13945
1.13945
1.13945
1.13945
1.13935
1.13935
1.13935
1.13935
1.13927
1.1298
1.1298
1.1298
1.13922
1.13922
1.13922
1.13922
1.13915
1.13915
1.13915
1.13915
1.13906
1.13906
1.13906
1.13906
1.139
1.139
1.139
1.139
1.13895
1.13895
1.13895
1.13895
1.13894
1.13894
1.13894
1.13894
1.13884
1.13884
1.13884
1.13884
1.13871
1.12931
1.12931
1.12931
1.13857
1.13857
1.13857
1.13857
1.13846
1.13846
1.13846
1.13846
1.13837
1.13837
1.13837
1.13837
1.13828
1.13828
1.13828
1.13828
1.13822
1.13822
1.13822
1.13822
1.1381
1.1381
1.1381
1.1381
1.13803
1.13803
1.13803
1.13803
1.13789
1.12852
1.12852
1.12852
1.13779
1.13779
1.13779
1.13779
1.13773
1.13773
1.13773
1.13773
1.1376
1.1376
1.1376
1.1376
1.13749
1.13749
1.13749
1.13749
1.13742
1.13742
1.13742
1.13742
1.13734
1.13734
1.13734
1.13734
1.13725
1.13725
1.13725
1.13725
1.13713
1.1278
1.1278
1.1278
1.13697
1.13697
1.13697
1.13697
1.13687
1.13687
1.13687
1.13687
1.13676
1.13676
1.13676
1.13676
1.13661
1.13661
1.13661
1.13661
1.13646
1.13646
1.13646
1.13646
1.13633
1.13633
1.13633
1.13633
1.13622
1.13622
1.13622
1.13622
1.13605
1.12683
1.12683
1.12683
1.13588
1.13588
1.13588
1.13588
1.13573
1.13573
1.13573
1.13573
1.13558
1.13558
1.13558
1.13558
1.13545
1.13545
1.13545
1.13545
1.13536
1.13536
1.13536
1.13536
1.13517
1.13517
1.13517
1.13517
1.13503
1.13503
1.13503
1.13503
1.13486
1.12558
1.12558
1.12558
1.1347
1.1347
1.1347
1.1347
1.1345
1.1345
1.1345
1.1345
1.13431
1.13431
1.13431
1.13431
1.1341
1.1341
1.1341
1.1341
1.13392
1.13392
1.13392
1.13392
1.13372
1.13372
1.13372
1.13372
1.13356
1.13356
1.13356
1.13356
1.13341
1.13337
1.13337
1.13337
1.1332
1.1332
1.1332
1.1332
1.13305
1.13305
1.13305
1.13305
1.13288
1.13288
1.13288
1.13288
1.13275
1.13275
1.13275
1.13275
1.1326
1.1326
1.1326
1.1326
1.13238
1.13238
1.13238
1.13238
1.1322
1.1322
1.1322
1.1322
1.13206
1.12268
1.12268
1.12268
1.13192
1.13192
1.13192
1.13192
1.13179
1.13179
1.13179
1.13179
1.13161
1.13161
1.13161
1.13161
1.13144
1.13144
1.13144
1.13144
1.13129
1.13129
1.13129
1.13129
1.13115
1.13115
1.13115
1.13115
1.13102
1.13102
1.13102
1.13102
1.13091
1.12152
1.12152
1.12152
1.13069
1.13069
1.13069
1.13069
1.13048
1.13048
1.13048
1.13048
1.1303
1.1303
1.1303
1.1303
1.13014
1.13014
1.13014
1.13014
1.12999
1.12999
1.12999
1.12999
1.12982
1.12982
1.12982
1.12982
1.12961
1.12961
1.12961
1.12961
1.12943
1.12937
1.12937
1.12937
1.12914
1.12914
1.12914
1.12914
1.12897
1.12897
1.12897
1.12897
1.12885
1.12885
1.12885
1.12885
1.12864
1.12864
1.12864
1.12864
1.1285
1.1285
1.1285
1.1285
1.1283
1.1283
1.1283
1.1283
1.12815
1.12815
1.12815
1.12815
1.12806
1.12804
1.12804
1.12804
1.12794
1.12794
1.12794
1.12794
1.12784
1.12784
1.12784
1.12784
1.12766
1.12766
1.12766
1.12766
1.12756
1.12756
1.12756
1.12756
1.12741
1.12741
1.12741
1.12741
1.12726
1.12726
1.12726
1.12726
1.12717
1.12717
1.12717
1.12717
1.127
1.12696
1.12696
1.12696
1.12686
1.12686
1.12686
1.12686
1.12673
1.12673
1.12673
1.12673
1.12666
1.12666
1.12666
1.12666
1.12651
1.12651
1.12651
1.12651
1.12639
1.12639
1.12639
1.12639
1.12628
1.12628
1.12628
1.12628
1.12614
1.12614
1.12614
1.12614
1.12599
1.12596
1.12596
1.12596
1.12584
1.12584
1.12584
1.12584
1.12569
1.12569
1.12569
1.12569
1.12557
1.12557
1.12557
1.12557
1.12544
1.12544
1.12544
1.12544
1.12532
1.12532
1.12532
1.12532
1.12521
1.12521
1.12521
1.12521
1.12506
1.12506
1.12506
1.12506
1.12492
1.12487
1.12487
1.12487
1.12477
1.12477
1.12477
1.12477
1.12466
1.12466
1.12466
1.12466
1.12458
1.12458
1.12458
1.12458
1.12448
1.12448
1.12448
1.12448
1.12439
1.12439
1.12439
1.12439
1.12427
1.12427
1.12427
1.12427
1.12412
1.12412
1.12412
1.12412
1.12396
1.12393
1.12393
1.12393
1.12377
1.12377
1.12377
1.12377
1.12362
1.12362
1.12362
1.12362
1.12341
1.12341
1.12341
1.12341
1.1232
1.1232
1.1232
1.1232
1.12297
1.12297
1.12297
1.12297
1.12275
1.12275
1.12275
1.12275
1.12248
1.12248
1.12248
1.12248
1.12223
1.12216
1.12216
1.12216
1.12203
1.12203
1.12203
1.12203
1.12181
1.12181
1.12181
1.12181
1.12165
1.12165
1.12165
1.12165
1.12149
1.12149
1.12149
1.12149
1.12131
1.12131
1.12131
1.12131
1.12118
1.12118
1.12118
1.12118
1.12099
1.12099
1.12099
1.12099
1.12085
1.12082
1.12082
1.12082
1.12061
1.12061
1.12061
1.12061
1.1204
1.1204
1.1204
1.1204
1.12024
1.12024
1.12024
1.12024
1.12002
1.12002
1.12002
1.12002
1.11985
1.11985
1.11985
1.11985
1.11966
1.11966
1.11966
1.11966
1.11942
1.11942
1.11942
1.11942
1.11919
1.11915
1.11915
1.11915
1.11893
1.11893
1.11893
1.11893
1.11876
1.11876
1.11876
1.11876
1.11858
1.11858
1.11858
1.11858
1.11833
1.11833
1.11833
1.11833
1.16444
1.16444
1.16444
1.16444
1.16428
1.16428
1.16428
1.16428
1.16411
1.16411
1.16411
1.16411
1.16397
1.11743
1.11743
1.11743
1.11727
1.11727
1.11727
1.11727
1.16377
1.16377
1.16377
1.16377
1.17241
1.17241
1.17241
1.17241
1.17214
1.17214
1.17214
1.17214
1.1755
1.1755
1.1755
1.1755
1.17519
1.17519
1.17519
1.17519
1.17492
1.17492
1.17492
1.17492
1.19226
1.11589
1.11589
1.11589
1.11573
1.11573
1.11573
1.11573
1.207
1.207
1.207
1.207
1.21794
1.21794
1.21794
1.21794
1.21758
1.21758
1.21758
1.21758
1.23103
1.23103
1.23103
1.23103
1.23072
1.23072
1.23072
1.23072
1.23035
1.23035
1.23035
1.23035
1.23001
1.11438
1.11438
1.11438
1.14922
1.14922
1.14922
1.14922
1.22937
1.22937
1.22937
1.22937
1.22908
1.22908
1.22908
1.22908
1.22877
1.22877
1.22877
1.22877
1.22846
1.22846
1.22846
1.22846
1.22819
1.22819
1.22819
1.22819
1.21394
1.21394
1.21394
1.21394
1.21362
1.11306
1.11306
1.11306
1.14829
1.14829
1.14829
1.14829
1.21291
1.21291
1.21291
1.21291
1.20125
1.20125
1.20125
1.20125
1.20087
1.20087
1.20087
1.20087
1.18991
1.18991
1.18991
1.18991
1.18957
1.18957
1.18957
1.18957
1.1892
1.1892
1.1892
1.1892
1.18885
1.11186
1.11186
1.11186
1.11171
1.11171
1.11171
1.11171
1.18617
1.18617
1.18617
1.18617
1.18599
1.18599
1.18599
1.18599
1.18575
1.18575
1.18575
1.18575
1.1855
1.1855
1.1855
1.1855
1.18696
1.18696
1.18696
1.18696
1.18664
1.18664
1.18664
1.18664
1.18632
1.11059
1.11059
1.11059
1.11045
1.11045
1.11045
1.11045
1.14621
1.14621
1.14621
1.14621
1.14614
1.14614
1.14614
1.14614
1.14602
1.14602
1.14602
1.14602
1.1459
1.1459
1.1459
1.1459
1.14575
1.14575
1.14575
1.14575
1.14565
1.14565
1.14565
1.14565
1.20219
1.12025
1.12025
1.12025
1.12019
1.12019
1.12019
1.12019
1.2016
1.2016
1.2016
1.2016
1.20131
1.20131
1.20131
1.20131
1.18175
1.18175
1.18175
1.18175
1.18151
1.18151
1.18151
1.18151
1.18126
1.18126
1.18126
1.18126
1.16264
1.16264
1.16264
1.16264
1.1624
1.1193
1.1193
1.1193
1.11918
1.11918
1.11918
1.11918
1.15871
1.15871
1.15871
1.15871
1.16267
1.16267
1.16267
1.16267
1.15821
1.15821
1.15821
1.15821
1.15801
1.15801
1.15801
1.15801
1.15778
1.15778
1.15778
1.15778
1.17391
1.17391
1.17391
1.17391
1.17372
1.11835
1.11835
1.11835
1.11829
1.11829
1.11829
1.11829
1.1182
1.1182
1.1182
1.1182
1.173
1.173
1.173
1.173
1.17282
1.17282
1.17282
1.17282
1.17264
1.17264
1.17264
1.17264
1.17238
1.17238
1.17238
1.17238
1.17219
1.17219
1.17219
1.17219
1.11754
1.11752
1.11752
1.11752
1.11739
1.11739
1.11739
1.11739
1.11726
1.11726
1.11726
1.11726
1.1713
1.1713
1.1713
1.1713
1.14163
1.14163
1.14163
1.14163
1.1419
1.1419
1.1419
1.1419
1.11683
1.11683
1.11683
1.11683
1.10567
1.10567
1.10567
1.10567
1.1555
1.10549
1.10549
1.10549
1.10532
1.10532
1.10532
1.10532
1.15508
1.15508
1.15508
1.15508
1.17436
1.17436
1.17436
1.17436
1.10488
1.10488
1.10488
1.10488
1.1047
1.1047
1.1047
1.1047
1.10454
1.10454
1.10454
1.10454
1.10443
1.10443
1.10443
1.10443
1.10432
1.10427
1.10427
1.10427
1.10415
1.10415
1.10415
1.10415
1.19183
1.19183
1.19183
1.19183
1.19156
1.19156
1.19156
1.19156
1.19133
1.19133
1.19133
1.19133
1.20007
1.20007
1.20007
1.20007
1.20957
1.20957
1.20957
1.20957
1.20927
1.20927
1.20927
1.20927
1.20903
1.10384
1.10384
1.10384
1.10399
1.10399
1.10399
1.10399
1.22065
1.22065
1.22065
1.22065
1.20118
1.20118
1.20118
1.20118
1.20088
1.20088
1.20088
1.20088
1.20739
1.20739
1.20739
1.20739
1.20704
1.20704
1.20704
1.20704
1.19973
1.19973
1.19973
1.19973
1.19933
1.10511
1.10511
1.10511
1.18547
1.18547
1.18547
1.18547
1.19851
1.19851
1.19851
1.19851
1.19809
1.19809
1.19809
1.19809
1.19766
1.19766
1.19766
1.19766
1.21637
1.21637
1.21637
1.21637
1.21599
1.21599
1.21599
1.21599
1.21565
1.21565
1.21565
1.21565
1.21516
1.15078
1.15078
1.15078
1.22082
1.22082
1.22082
1.22082
1.21413
1.21413
1.21413
1.21413
1.21358
1.21358
1.21358
1.21358
1.21312
1.21312
1.21312
1.21312
1.21264
1.21264
1.21264
1.21264
1.21218
1.21218
1.21218
1.21218
1.21171
1.21171
1.21171
1.21171
1.21132
1.19226
1.19226
1.19226
1.21088
1.21088
1.21088
1.21052
1.19908
1.19908
1.19908
1.21001
1.20365
1.20365
1.20365
1.20949
1.20683
1.20683
1.20683
1.20907
1.21642
1.21642
1.21642
1.20855
1.22752
1.22752
1.22752
1.20803
1.22712
1.22712
1.22712
1.2075
1.22669
1.2106
1.2106
1.2106
1.20685
1.20685
1.20685
1.20648
1.22584
1.22584
1.22584
1.22546
1.22534
1.22534
1.22534
1.22507
1.22496
1.22496
1.22496
1.2247
1.2246
1.2246
1.2246
1.31594
1.22418
1.22418
1.22418
1.31616
1.25705
1.25705
1.25705
1.31631
1.25664
1.25654
1.25654
1.25654
1.28704
1.28704
1.28704
1.31675
1.25578
1.25578
1.25578
1.28762
1.2553
1.2553
1.2553
1.28794
1.25483
1.25483
1.25483
1.28823
1.25438
1.25438
1.25438
1.2886
1.25398
1.25398
1.25398
1.25362
1.25348
1.25348
1.25348
1.25312
1.25303
1.25287
1.25287
1.25287
1.25249
1.25249
1.25249
1.25209
1.25191
1.25191
1.25191
1.2514
1.25124
1.25124
1.25124
1.25068
1.25046
1.25046
1.25046
1.24992
1.24973
1.24973
1.24973
1.24932
1.24917
1.24917
1.24917
1.24871
1.24856
1.24856
1.24856
1.24813
1.24801
1.24787
1.24787
1.24787
1.24747
1.24747
1.24747
1.2471
1.24691
1.24691
1.24691
1.24651
1.24639
1.24639
1.24639
1.24593
1.2458
1.2458
1.2458
1.24543
1.24528
1.24528
1.24528
1.24486
1.24471
1.24471
1.24471
1.24428
1.24414
1.24414
1.24414
1.24373
1.2436
1.22192
1.22192
1.22192
1.24311
1.24311
1.24311
1.24274
1.2426
1.2426
1.2426
1.24225
1.24215
1.24215
1.24215
1.24179
1.24164
1.24164
1.24164
1.24122
1.24112
1.24112
1.24112
1.24078
1.24067
1.24067
1.24067
1.24026
1.24016
1.24016
1.24016
1.23987
1.23977
1.24114
1.24114
1.24114
1.23926
1.23926
1.23926
1.2389
1.23874
1.23874
1.23874
1.23839
1.23831
1.23831
1.23831
1.23789
1.23777
1.23777
1.23777
1.23744
1.28466
1.28466
1.28466
1.23702
1.23688
1.23688
1.23688
1.2365
1.23635
1.23635
1.23635
1.23609
1.23601
1.2544
1.2544
1.2544
1.23552
1.23552
1.23552
1.23524
1.23513
1.23513
1.23513
1.23475
1.2346
1.2346
1.2346
1.2343
1.28229
1.28229
1.28229
1.23385
1.28195
1.28195
1.28195
1.23651
1.23642
1.23642
1.23642
1.23618
1.23607
1.23607
1.23607
1.23581
1.23568
1.26957
1.26957
1.26957
1.23534
1.23534
1.23534
1.23502
1.23491
1.23491
1.23491
1.23467
1.2835
1.2835
1.2835
1.20015
1.28335
1.28335
1.28335
1.23411
1.28314
1.28314
1.28314
1.33958
1.28301
1.28301
1.28301
1.32813
1.28281
1.28281
1.28281
1.33975
1.28266
1.28262
1.28262
1.28262
1.32841
1.32841
1.32841
1.33995
1.28241
1.28241
1.28241
1.34002
1.28222
1.28222
1.28222
1.34014
1.28209
1.28209
1.28209
1.26304
1.26299
1.26299
1.26299
1.26289
1.26283
1.26283
1.26283
1.26281
1.26274
1.26274
1.26274
1.26261
1.26257
