27596.2
12098.6
12133.8
12194.4
12275.4
12334.8
12418.7
12479.5
12555.9
12612
12689.1
12752.4
12825.3
12888.4
12964.2
13031.4
13102.5
13164.6
13246.6
13308.8
13389.4
13439.9
13500.1
13581.5
13651.1
13744.4
13800.7
13870
13936.6
14014.3
14089.5
14177.4
14248.7
14319.8
14389
14488.1
14554.5
14634.8
14694.8
14767.8
14860.6
14894.7
15003.9
15076.3
15141.4
15228.9
15298.3
15390.7
15427
15515.9
15582.4
15670.2
15787.2
15860.8
15927.9
16026.9
16105.1
16164.4
16256.9
16271.7
16345.6
16444.3
16537.3
16618.6
16636.4
16877.7
16964.2
16994.3
17105.9
17196.1
17269.2
17400.5
17396.8
17487.3
17667.5
17757.9
17827
64.0405
17781.3
158.692
17894.3
220.76
17991.7
289.471
32.3115
18074
64.4898
507.423
62.7911
18163.5
96.8306
791.885
192.978
18402
269.559
1547.84
313.952
18488
322.419
2905.75
383.286
18603.1
394.061
3669.36
498.011
18662.7
509.459
6235.61
439.28
18746
567.584
7840.25
377.176
18852.4
686.766
9585.74
843.685
64.1728
18929
64.7543
933.622
64.6315
11118.5
64.3116
1145.26
94.5993
19007.7
54.0391
1017.36
12410.6
1143.98
19041.2
1782.9
13773
2040.57
19120.1
2342.53
15172
2598.52
19267.6
3084.75
16370.9
3359.7
19355.2
3755.88
17419.6
4288.68
19446.3
4978.17
16914.4
5139.45
19535.4
5587.05
16447.2
6549.28
19645.9
7243.03
16236.9
7142.12
19862.5
98.2994
7843.99
96.8233
15844.1
43.0669
8561.56
36.1072
19853.2
66.6465
9356.96
15497.5
9825.97
19937.2
71.7164
6437.21
95.5004
15451.1
97.0371
11454.4
32.1624
20056.3
187.58
12012.2
139.263
15119.4
161.767
13522.1
193.016
20147.4
172.156
11157.5
401.471
14848.2
275.591
14555.5
161.978
20291.5
118.587
15246.7
129.118
15482.6
97.0445
16411.1
130.044
20357
129.394
17310.2
32.2561
15501.5
160.872
18069.1
289.609
20497.9
374.731
19081.3
261.683
15358
469.866
18477.1
599.621
20631.2
543.379
20480.8
512.039
15816.7
387.383
20646.4
386.012
20689.7
352.32
17253.7
237.686
15842
322.336
22888.5
562.13
20826.3
542.751
23123.6
605.949
16154.7
696.568
23219.9
508.902
20945.7
450.118
23675.8
670.896
16089
543.268
25556.6
579.677
20953.3
634.696
26103.6
825.5
16567.1
984.471
26365.9
892.235
20988.1
1049.05
27056.6
1229.73
16160.1
1198.88
26605.7
1058.89
21113.6
1176.33
28808.4
1398.34
16924.8
1325.7
29492.8
1779.56
21116
1633.97
28928.8
1868.79
16813.4
1698.11
27040.7
1914.63
21250.2
2390.8
32328.4
2507.23
17002.9
2465.77
32427.2
2692.48
21365.8
2676.11
33007
2997.66
17479.6
3181.26
32984.5
2729.41
21362.7
2631.17
33943.4
3310.2
17416.9
3673.3
32072.6
3127.06
21566.1
3476.13
34005.6
4428.06
17821.9
4999.17
34651.9
5503.48
21714.9
5611.12
35785.1
5731.4
18378.8
5475.23
35740.6
5676.76
21823.8
6095.71
36452
6566.73
18817.6
5157.66
32861
6998.45
21767.3
6921.65
36506.9
6460.38
18820.2
3391.61
36080.5
6921.68
21909.8
5178.83
36038.8
7359.56
19608.7
9279.32
36662.3
9239.3
22109.9
7828.87
36829.6
9074.63
19848.4
8954.39
36765.2
8910.28
22073.8
9421.03
36897.7
9451.32
20212.7
9302.22
36609.8
9631.13
22278.3
9950.1
34877.8
10200.8
20759.1
10855.3
37321.5
11424.1
22400.9
11833.6
37251.3
13058.6
21100.9
13136.2
34869.6
13984.6
22574.2
14711.5
37805.3
14701.1
21610.3
8857.45
37941.3
15317.3
22622.4
14731
38290.3
16786.3
21903.6
16927.2
38577.6
14067
22742
17398.3
38140.7
17329.6
22195.1
16267.5
37474.6
16338.2
22899.2
18523.9
38117.7
18866.4
22660.9
14408
37961.1
19256.8
23088.1
17016.2
37938
20037
23253.1
20329.8
38002.3
20391.5
23173
18117.9
37945.5
22133.4
23653.6
22463.9
37650.4
23067.4
23380.6
21386.4
37908.6
25057
24218
25383.1
38049.5
25347.4
23526.9
25896.4
38185.8
25878.7
24673.6
26878
38001.1
21793.5
23566.7
20675.9
37129.2
23960.2
24880.2
27690.6
36045.3
27697.8
23796.9
28367.2
37989.4
28411.4
25652.2
28673
38111.8
29545.4
23982.8
30042.5
38124.8
30817.7
26006.7
23.9419
30146.8
37864.4
30820.6
24119.7
31.4337
31411.3
31.5737
37976.6
62.9998
30829.8
127.172
26419.3
90.7586
31557.8
63.7288
37875.3
127.505
30925.2
64.1539
24333.9
63.9158
31853
64.3607
37530.8
62.5525
30267
31.315
26803.3
31.8712
31740.2
37955.9
31306.4
24508.4
32302.8
37953.8
30251.8
53.9071
27257.9
126.46
32257
283.177
37713.7
316.201
31675.6
284.146
24575.4
219.311
32460
221.117
37564.7
223.304
32238.3
189.221
27712.4
213.756
31767.5
191.591
37291.2
216.514
30858.2
174.178
24925.9
93.7106
32156.6
36874.8
156.532
31595.7
251.269
28128.6
284.073
32449.3
344.519
37558
378.586
29218.6
378.671
24983.7
313.83
29069.2
315.08
36805.6
283.502
31362.8
157.699
28483.7
28871.1
36.5765
36390.5
154.39
30144.7
165.34
25044.7
219.582
31971.1
253.38
37096.6
157.743
29072
188.93
28853.9
31.5237
32213.6
31.7147
37174.7
57.6298
29433.8
93.7803
25341.3
187.398
32890.2
94.6009
36823.8
126.512
32076.2
283.428
28976.6
157.718
32662
94.3432
36729.4
62.2553
32078.5
25438.7
33090.2
62.9193
36949
158.123
32579.3
345.925
29543.3
591.371
33216.4
778.881
36416.1
688.364
31975.8
735.198
25620.8
985.393
32222.7
1176.27
36612.4
894.129
30081
1361.56
29799.2
1508.33
32978.6
1766.31
35852.6
1717.34
32047.4
1615.46
25838.1
1215.92
31280
1179.51
36254.8
1173.76
31913.8
1565.07
29934.3
1593.04
32414.4
1226.1
35465
1270.7
31190.3
1004
25870.9
1026.43
32438.4
1467.21
36378.8
1165.77
31195.4
949.14
29970
910.772
31937.5
757.006
36267.8
631.81
31181.1
820.726
26326
811.887
31987.5
1191.35
36277.3
1348.22
31132.8
1348.68
30024.2
1631.01
32036.2
1999.12
36136.6
2329.04
30919.8
2488.1
26327.3
2111.05
31792
2525.91
35747.5
3088.41
31205.8
3433.07
30423.3
3746.43
32155.7
3846.78
35914.9
3607
30044.6
4069.74
26600.1
4357.91
31204.6
4498.04
35705.7
4682.82
30900.2
4276.76
30356.1
5332.82
32081.3
5431.34
35398.5
5904.34
30961.7
6214.58
26613.4
6839.95
32560.5
7128.19
35726.4
6852.56
31310.7
6806.41
30538.3
6923.79
32379.3
6297.64
36250.2
6468.44
31369
6434.42
27057.2
6261.92
32414.5
6092.75
36211.6
5839.42
31112.4
5641.18
30643.6
6053.33
31876
5984.89
35815.1
5938.72
30483.1
5871.58
27226.6
5800.32
31991
5158.08
35973.7
4949.03
30237
4857.6
30762.9
4958.83
30587.9
4717.03
35507.2
4034.79
31250.9
4350.33
27329.3
4338.43
31026.3
4291.93
35066.7
4359.89
30911.5
4185.04
30912.6
3612.17
30469.5
4368.28
35062.2
4985.61
31139.6
5397.55
27521
5965.33
30842.8
4923.72
34334.4
5507.72
31227.7
5703.09
31143
5836.38
30525.5
6426.5
34559.2
6657.6
30983.1
7369.57
27624.9
6757.76
30187.9
7170.83
35360.9
8657
30523.3
8672.01
31351.9
10392.8
29763.8
10727.8
35524.7
11701.9
30195.3
11360.3
27819.1
12232.5
30538.5
12645.1
35137.7
13157.8
29642.2
12681.4
31365.2
13423.4
29842.5
13415.4
35297.2
14332.2
30310.1
14254.4
28092.5
15622.5
30741.2
14912.4
35204.6
15965.8
30722.4
15936.8
31737
16878
30292.3
16258.5
35237.8
17903.3
30649.8
17349.1
28367.5
19248.5
31383.7
18893.6
35268.2
18623.2
30348.5
17748.9
31874.1
18948.7
30790.8
17854.5
34981.5
19100.3
30239.9
17387.8
28546.9
19515.8
31282.1
18222.6
34877.3
18969.6
30555.6
16921.1
31653.6
19019.5
30649.1
16998.6
35176
18856.8
30314.9
15178.1
28925.6
17019.7
31210
17139.8
35052.2
17666.2
30530
16343.6
31856.8
17326.9
30347.1
15952.4
35213.4
16996.7
30582.8
15875.1
29048.1
17586.8
30581.4
16554.1
34925.7
17126.3
30364.4
15894.9
32146.9
16134.6
29691.1
15114.4
34940.7
16252.7
30301.6
14967.2
28999.3
16199.7
30738.5
15308.4
35203.3
15658.9
30119.4
14536.3
32549.3
15616.5
29691.9
14354.5
35363.2
15030.9
29713.5
14175.8
29141.2
16256.6
30295.7
14967
35150.5
15711
29417.2
13836.7
32792.5
15650.7
29503.1
14109.6
35234.5
15583.9
29584.4
14174.4
29627.2
16398.3
30249.1
15254.1
35230.7
15845.7
29364.7
14558.8
33003.6
16214.3
29603
13492.7
35331.4
16341.9
29075.8
14633.9
29930.3
16913.6
30070
15645.1
35033.9
16607.3
29208.8
14711.7
33263.3
16834.2
29417.7
14807.6
35052.8
16754.3
29433.6
15098.8
30019.7
16843.9
29921
15591.3
35019.1
16208
29239.1
14499.9
33404.6
16034.1
28829.7
14333.8
36233.1
16780
29824.2
15037.6
30819.2
16054.3
29523.3
14554.3
35843.7
15638.8
29666.5
14217.1
32694.8
15834.6
29976.7
13728.5
36153.3
15628.9
29646.7
14029.3
30127.6
16262.5
30613.5
14727.6
35826.4
15366.6
29895.6
13916.6
33441.2
15351.3
29709.8
13931.8
35610.6
15320
29550.7
13235.9
30374.1
15723.6
30420.2
14308.6
35906
15255.7
29882.5
13828.2
33725.8
15278.2
29824.9
13889.9
36022.5
15543
29910.3
14241.6
30508.2
15915.9
30688
14718.4
35871.6
15409
29983.4
14234.5
33935.4
15842
29654.5
14486.7
35954.5
16053.7
30043.1
14874.5
30879
16816.7
30386.3
15291
35953.6
16652
29664.9
15447.4
34115.3
16894.3
29767.6
14768
36123
17199.1
29875
15800.9
31101.6
17882.1
30551.1
16663
35821
17430.5
29793.6
15821
34321.5
17560
29822.7
15867.1
35773.6
16787.2
29259.7
15571.3
31451.2
18685.8
30466.4
16904.6
36291.4
17865.7
30114.4
15806.4
34505.5
17463.7
30021.7
15664.7
36101.9
17537.2
29924.9
15578
31708
61.6609
18100.8
85.1549
30215.2
200.376
16073.4
154.212
36604.8
339.465
17188.9
155.136
29859.7
123.873
15320.8
31.0604
34879.6
17189.3
30111
15248.7
36398.6
16730.7
29903.6
14810.8
32918.4
16987.3
30765
15433.2
36181.8
15991.5
29675.2
13856.8
34198.4
16865.7
31088.2
15021.9
37869.7
16049.1
30971.9
14763.7
33169.6
16327.8
30601.4
14865.5
37677.3
16582.7
31074
14869.9
34365
15607.7
30930.9
14800.8
37758.7
16705.4
30978
14939.9
33370
16367.3
30392.2
15014.4
37703.5
16757.1
30664
15148.8
32.3323
34514.6
17136.1
30471.4
15391
37953.4
17632.2
30641.8
15800
33602.6
18289
30881.1
16726.3
37311.4
17201.4
29921
15842.7
34745.5
17919.6
29912.4
16121.4
37530.4
18051.4
29714.6
16006.2
33858.1
18798.9
30505.9
17207.5
37293.4
18292.9
29610
16341.3
34557.3
18655.6
29555.1
16445.3
37632.5
18717
29465.6
16373.6
34123.8
19901.6
30864.4
17709.7
37479.9
18880
29404.1
16183.8
34796.3
27.2773
18084.7
30.8133
29883.4
15945.4
37781.4
18492.5
29617.3
15579.1
34371.4
19320.6
30691.5
16534.3
37682.8
18035.3
29520.9
15412.3
35195.6
17668.9
29653.3
15102.5
31.697
37746.3
286.217
18081.5
785.494
29640.6
1667.4
15327.9
2543.67
34523.2
4144.28
18802.8
4188.11
30100.1
4180.59
16001.3
4013.33
37698.4
5309
18060.6
4891.53
29513.9
4468.92
15162.4
4138.85
34286.9
5562.66
18955.5
4534.57
31217.8
4176.03
15393.4
3996.32
39793.8
5315.12
18936.6
4892.65
31653.9
4251.5
16102.1
3717.45
33917.5
5351.16
18263.7
4708.1
30299.2
4156.09
15481.2
3726.36
37940.7
4258.41
17530.9
3042.72
29582.1
3252.63
14747.6
2734.58
33981.7
3888.23
19128.7
3304.28
31805.9
2793.76
16241.6
2658.81
37818.3
2433.85
16628.9
2433.77
29385.3
1599.57
14619.1
1879.57
35041.3
1547.67
17999.5
2072.48
30205.4
1595.99
18492.1
1912.3
38010.7
1594.88
17511.7
779.414
29688
990.089
18496.8
823.212
35411.4
489.092
17394.7
485.863
29627.6
479.424
18446.9
523.274
37985.8
411.882
17372.6
733.203
29591
605.084
18449.5
1018.19
35114.3
1107.18
17899
975.372
30213.7
596.081
18299.6
189.327
37744.5
64.2598
17121.1
159.381
29371.3
17925.2
65.3089
35863.9
17056.1
29290.9
52.7935
18078.8
64.2325
37890.8
16683.6
29172.4
17717.7
35466
18216
31045.7
18216.5
37976.6
17127.9
31.9277
31996.2
17162.1
35923.4
17166.4
32061.3
17372.3
38033.7
17391.9
31772.9
28.3365
16661.4
63.6397
35525.2
222.371
17640.1
179.108
31639.8
291.133
17254.4
478.819
37963.9
722.47
17166.2
618.687
31668.6
977.847
17431.4
1052.95
36154.5
1102.27
17260.8
1174.56
31595.7
1101.78
17400.4
1010.3
37942.3
965.522
17023.7
640.247
31326.7
1127.13
17376
1735.33
35373.9
2037.89
18403.2
2777.37
32010.7
3350.23
17681.5
3271.72
38319.4
3645.15
17834.5
3394.09
31914.3
3486.08
17939.5
3243.17
36391
3287.55
17903.6
3195.7
32096.5
3518.5
18173.1
3330.38
38436.1
3268.44
17598.5
2958.7
31501.8
2845.9
17927.9
1953.87
35676.1
2152.34
18946
1556.76
32004.8
1290.61
18146
836.293
38304.1
476.789
18445.1
285.745
32019.6
123.09
18180.3
160.613
36213.1
63.862
18476.6
31991.7
27.818
18351.7
102.361
38063.7
255.689
18239.9
92.9452
31544.9
150.464
18468.7
35801.5
19509.2
32010.3
97.5536
18646
32.475
38347.8
18455.7
32028.8
18672.7
36497
18485.2
31957.9
18656.9
37752.5
18616.8
32031.6
18752.1
65.1853
35905.9
127.11
19433.9
144.44
32061.9
130.655
18736.1
101.522
38478.7
129.457
18937.5
225.7
31923.9
178.035
19048.2
289.456
36451.6
385.599
19245.8
601.012
31723.2
822.365
19215.6
730.81
38320.7
1787
19470.5
2204.12
32018.7
2301.03
19384.1
3059.04
36049.2
2558.89
20092.5
2523.13
31991.6
2228.27
19602.5
1580.2
38495.7
2567.2
19686.9
3537.74
32056.4
4497.33
19761.1
4427.53
36708.8
5009.33
20408.3
5186.3
32796.7
5707.7
20304.7
4515.26
39345.1
5759.24
20524.4
5241.13
32662.6
5577.68
20585.5
4997.87
37066.8
5589.62
21407.7
5158.72
32893.1
5500.21
20525.5
5257.39
39479.5
6005.17
20755.3
5443.84
32938.9
6304.69
20835.4
5561.09
36846.3
6288.39
20847.8
5792.76
32870.9
6428.06
20854.7
5770.83
39265
6136.96
20859.4
5670.41
32854.6
5769.79
21105.6
4957.54
36558.5
5554.59
21717.4
5019.19
32781.5
5423.59
20745.5
4994.09
39355
5509.35
20872.4
4935.95
33341.2
5569.39
20916.2
5067.99
37215.7
5499.5
20681.1
5005.88
33037.4
5584.21
20725.3
4881.97
39213
5280.01
20736.2
4806.57
32929.6
5378.35
20762.7
4918.47
37582.9
5531.89
21656.1
5152.47
33039
5277.71
20660.7
4458.97
39020.9
4742.39
20449.9
3609.12
32728.2
4185.75
20610.2
4346.05
36907.8
4805.64
20699.3
4361.77
33106.2
4708.24
20774.5
4459.69
39119.6
4721.99
20640.7
4407.75
32998.2
4976.13
20589.8
4217.69
36716
4661.87
21317.2
4012.17
32727.4
3260.93
20179.5
3442.33
38370.6
3394.66
20671.4
3084.39
32891.3
2440.05
20559.4
1856.22
36735.2
1781.53
20562.1
1927.36
32904.8
2056.51
20624.1
2199.45
39141.2
2861.66
20638.6
2697.23
32910
3360.65
20638.2
4059.24
37142.8
4872.25
21463.8
4283.74
32921.3
4502.34
20745.2
4273.71
38931.1
5009.97
20764
4583.86
32947.9
5287.26
20764.4
4786.79
37220.4
5868.55
20843.6
5191.25
32764.7
6203.2
20746.3
5219.91
39247.3
6395.54
21054.9
5333.34
32937.6
6575.98
20918.5
5527.79
36546.7
7451.75
21925.2
6342.3
32661
7071.56
21012.8
5812.55
38904
7248.52
21151.6
5808.01
32752.5
7316.93
21096.8
5809.49
37316.3
7290.92
21018.9
5819.57
32911.3
7234.64
21078.3
5776.09
38715.2
7151.09
21297.4
5917.81
32802.9
7442.14
21245.6
6062.27
36907.8
8444.87
22171.3
7401.85
32479.1
8549.82
21266.1
7419.96
39034.1
9756.43
21271.1
8322.08
32572.9
10556.2
21249.9
8850.05
37121.7
10741.6
21356.7
8710.74
32508.1
10411.5
21365.1
8540.56
38879.2
10226.4
21295.5
8473.1
32606.3
10104.4
21620.9
8135.31
37201.4
10227.1
22372.3
8599.42
32896.4
9374.03
21671
7539.37
39007.3
8820.03
21362.1
7303.7
32533.1
8630.22
21197.6
6361.6
38201
8161
21557.4
6667.57
32462.1
7668.91
21368.8
6276.35
39160.3
7173.36
21444.9
5807.84
32659.5
6896.68
21672
5985.47
37810.6
7346.99
22148.5
6499.18
32412.6
7062.41
21216.1
5354.82
38981.1
7030.62
21110.8
5769.46
32480.8
7086.66
21025.5
5881.19
38432.4
6951.12
20914.1
5799.12
32429.3
6572.81
20876.2
5602.47
39395.3
6514.74
20732.9
5632.18
32338.3
6640.29
20570.7
5709.15
37495.2
7381.35
21429.5
6665.38
32312.8
7417.06
20292.5
6299.16
39192
7393.93
20263.2
6253.23
32216.3
7497.38
19996.8
6751
38661.5
8086.25
19882.1
6954.19
32310.9
8150.15
19931.4
6742.06
39252.8
6792.4
19830.7
6544.16
32247.9
7416.64
19424.8
6542.35
38852.6
8273.68
20230.1
7339.32
30794.7
7917.62
18561.5
6496
38307.9
7854.32
19065.8
6893.7
31583.1
8125.07
19036.8
7038.9
40039.5
8173.05
18170.9
6774.28
30990.2
8068.06
18567.7
6841.45
39124.4
8140.11
20959
6463.89
34058.4
6888.05
20290.6
5985.05
37375.6
7262.03
19283.7
6220.81
34177.6
7060.19
20834.9
5860.83
39158.5
6850.89
20807.2
5846.88
34519
6758.87
20532.3
5945.59
38076.4
7049.43
20085
5991.28
34018
6847.49
20105.9
5999.07
39176.4
7230.77
20124.1
6331.32
34300.6
7546.11
20028.7
6430.71
37496.8
8163.29
20937
7212.56
34860.2
7977.77
19739.3
6855.93
38848.9
8465.44
19530.7
6659.99
34442.4
8819.08
19486.9
7679.1
38253.7
9237.79
19502.9
7668.54
34247.3
9336.96
19471.5
7778.3
39071.7
9469.68
19362.2
7936.25
34173.1
9459.58
19345.2
7577.21
37753.9
9956.27
20420.9
8126.37
34615.7
8626.84
19225.2
6694.74
38334
8366.18
19292.3
6535.4
34322.5
8480.4
19752.9
6494.08
38287.9
8494.31
19434
6576.19
33968
8537.39
19503.6
6564.81
37492.4
8578.69
19167.3
6270.92
34703
8466.44
18767.7
6432.39
37364.8
9490.37
20371.1
7394.04
33111
8371.82
19107.2
6436.52
37330.9
8573.74
19705.2
6528.66
35033.1
8419.1
19561.3
6281.47
37324.2
8250.34
18778.6
6302
34841.4
8078.19
19244.2
6082.52
36798.5
7561.79
18941.9
5911.59
34675.5
7700.65
19572.1
5701.57
37513.2
8096.01
20933.6
6251.61
34025.4
7163.27
19066.3
5310.86
37225.2
6913.84
19178
5129.13
33501.4
6894.67
19872.6
5104.31
37329.2
6787.98
19992.2
5017.16
32845.9
6364.15
19820.2
4950.37
37042.8
6653.88
19933.4
4971.31
33145.8
6448.13
19756.2
4946.62
37546
7408.72
20849.6
5744.63
33997.3
6540.57
18600.1
4865.71
37034.7
6476.7
19622.2
4810.75
33264.2
6500.81
19762.1
4734.63
37500.6
6433.51
19605.9
4946.37
34345.8
6497.71
19002
4663.54
37150
6265.3
19171.2
5036.99
34591.8
6547.44
19046.3
5187.56
37628.8
7621.66
20667.2
6094.68
33748.8
6943.31
19131.6
5589.05
37147.9
6714.12
19091.1
5634.15
34881.5
7312.54
19507.2
5664.84
37501.1
7240.12
19390.2
5809.94
34688.6
7307.35
19138.4
5346.06
37157.8
7312.04
18899.5
5531.3
34128.7
7302.65
18792
6072.86
38165.9
8437.66
20264.9
7224.78
33871.6
8237.15
18831.1
6729.17
38892.1
8503.72
18620
6515.38
34516.5
8981.38
18840
7254.39
38413.5
9248.68
18875.4
7465.56
34018.2
8958.93
18786.5
7233.55
38356.2
8917.78
18819
7121.77
33981.5
8668.25
17956.6
6352.37
38037.6
9058.86
20017.5
7337.45
33948.7
7959.8
18713.6
6068.05
37028.6
7577.28
18439.2
6135.2
32912.6
7779.9
18622.8
6028.76
38675.1
7001.93
17888.1
5989.1
33138
7138.31
17564.1
5954.93
38018.3
7586.79
18603.9
5975.86
33715.2
7576.88
18634
5992.11
38400.3
8236.27
19316.9
6717.12
32173.1
7569.16
18153.4
5853.45
36495.1
7690.01
18244
6521.64
32478.7
8151.79
18108.7
6603.52
38791.2
7747.54
18368.5
6779.69
32733.6
8936.4
18509.4
7269.2
38026
9633.35
18740.8
7862.64
33749.7
10256.3
18604.8
8451.64
38385.1
11818.1
20082.3
9803.21
34749.5
11261.4
18853.9
8928.61
38152.1
11333.3
18874
8864.52
32697
11314.8
18750.7
8815.14
38594
11180.1
18646.4
8575.83
32529.9
11172.2
18549.5
8319.94
37356
10663.5
18802.8
8341.15
33493.1
10354.3
18965.8
8002.8
38305.6
10470.7
20384.7
8234.43
34041.8
9230.88
19208.9
7037.76
37908.4
8874.39
19265
6705.34
34095.7
8262.8
19518.4
6265.06
38838.8
7730.87
19219.1
5797.65
32919.4
7320.98
19126.5
5596.78
38011.3
7022.81
18919.1
5288.9
32408.3
6759.76
19367.4
5137.17
38249.8
7383.83
20519.9
5829.2
33522.5
6691.84
19699.6
5076.9
37768.7
6591.76
19836.5
4895.64
33020.8
6640.45
19887.5
4987.52
38796.6
6523.9
19844.3
4894.89
33117
6690.94
20034.6
5071.5
37426.9
6811.83
20205
5236.71
33031
7026.41
20071
5456.19
38466.8
7990.68
21506.8
6316.7
33572.2
7266.17
20190.8
5565.75
37911.5
7273.74
20120.9
5460.38
32333.9
7320.96
20461.2
5654.17
38999.8
7205.74
20551
5674.91
33051.9
7257.28
20501.1
5545.29
36538.2
7246.94
20948.7
5532.28
32988.2
7224.6
21030.4
5539.69
38614.8
8137.1
22409.5
5922.33
33638.5
7334.58
21117
5626.9
36581.6
7323.39
20663.8
5572.55
33376.8
7243.28
20919.4
5452.67
38979.4
7361.13
21308
5544.21
33316
7315.35
21209.6
5583.35
37448.6
6819.51
21411.7
5511.87
33115.7
7306.41
21415.9
5634.1
38835.7
8087.48
22485.7
6198.59
32731.1
7371.24
21472.4
5614.83
36843
7421.75
21556.2
5352.74
33019
7560.08
21931.4
5779.1
39200
7623.51
21471.2
5888.44
33227.7
7798.44
21651.4
5999.3
37158.3
7981.09
21860.5
6066.29
33565.2
8198.91
21958.8
6273.95
38988
9287.36
22979.2
7326.68
33588.6
8464.88
21518
6469.29
37956
8625.08
22278.7
6555.88
33555.8
8057.75
21899.3
6480.47
39294.6
8609.82
21820.9
6412.4
33259.4
8760.45
21916.5
6546.69
37316.2
8846.77
22118.5
6567.63
33389.1
8853.99
22029.1
6623.37
39189
9870.08
23229.3
7602.56
32984.7
8879
21995.9
6716.64
37649.7
8937.45
21910.3
6805.56
33274.5
8817.88
21818.9
6992.07
39237.2
9233.98
21820.9
7019.18
33252
9115.59
21913.6
7048.95
37831.8
8614.37
21266.7
6398.96
33572.9
9098.08
21942.7
6934.75
39134
9987.68
23507.6
7835.42
33480.4
8684.81
22009
6640.46
37396.8
8538.17
21981.2
6495.53
32855.3
8230.27
21815.6
6299.72
39453.7
8445.84
21720.5
6270.86
33113.6
8386.05
22060.5
6259.7
37757.4
8195.76
21697
6054.93
33477.9
8066.97
21827.1
6127.08
39256
9127.23
23618.8
6982.91
33307.3
8140.03
22415.3
6125.73
37505
7931.96
22120.6
5676.39
33830.2
7824.7
22011.4
5970.04
39114.5
7844.23
22181.7
5825.06
33020.9
7535.83
21895.7
5823.87
37401.5
8017.94
22128.7
5998.75
33632
8107.97
22189.7
6137.81
39533.4
8319.46
22463
6850.01
34055.3
8304.45
22246.1
6436.7
37368.8
8853.64
21677.5
6517.07
33747.3
9061.19
21630.1
6698.72
39110.6
9347.06
21956.1
6982.02
33687.2
9431.2
21997
7067.81
37222.7
9453.62
22177.3
7071.03
34023.6
9599.42
21363.6
7023.45
39345.3
10117.4
23001.2
8041.68
33452.6
9588.09
21113.2
7156.57
37268.2
9685.45
21815.2
7149.32
32669.4
9694.74
21793.7
7143.54
39027.2
9636.86
21336.3
7130.59
33910.7
9630.32
21809
7072.79
37282.9
9578.96
21764.6
7069.1
33393
8435.25
20692.2
6389.2
39439.3
9643.49
22977.9
7933.95
33893.2
9173.62
21638.4
6770.43
37111.9
8888.19
21542.5
6608.85
33620
8350.07
20708.6
6604.13
38908.2
8877.75
21518.6
6557.82
33605.2
8791.8
21804.1
6405.91
37144
8585.52
21866
6295.38
33626.5
8436.52
21767.6
6220.33
39326.6
8864.58
22715
7057.76
32656.2
8490.59
21478.1
6170.11
37354.1
8841.39
21701
6520.28
33557.4
8314.02
21140
6325.46
37778.3
8619
21379.2
6256
32410.2
8655.81
22028.3
6195.79
36940
8628.83
21933.6
6189.7
33445.6
8491.94
21491.4
5855.64
39424.9
8880.53
23237.9
7032.45
33648.2
8489.17
21728.1
6238
37118.4
8403.66
21514.6
6277.61
33448.3
8586.85
21726.7
6188.94
38902.1
7767.72
21369.2
6229.83
33234.2
8426.51
21123.2
6151.97
36905.5
8622.07
21607.9
6315.53
33267.4
8495.41
21756.6
6103.41
39592.8
9570.13
23366.1
7009.1
32769.5
8047.3
21486.8
5770.07
37045.5
8199.24
20835.6
5858.04
32590.6
8013.1
21654.5
5439.35
39247.2
7989.96
21552
5641.24
32907.4
7430.9
20901.9
5688.02
36365.2
7941.22
21565.7
5595.58
32615
7933.63
21659.5
5839.29
39657.7
9135.18
22624
6963.8
33887.8
8188.64
20892.5
5876.66
36825.5
8356.69
21808.2
5984.19
32841.4
7617.6
20102.3
6035.71
38864
8600.57
21313.5
6245.45
32711.8
8731.31
21895.1
6359.44
34526.2
8413.88
21269.1
5922.23
32843.5
9112.42
21754.1
6490.88
38102.4
10408.5
22176.7
7349.88
33505.2
8978.6
20719.1
6460.6
34091.5
9107.98
21451.2
6502.77
32892.2
9008.25
21329
6393.43
37017.1
8877.43
21276.8
6279.98
32436.6
8770.59
21206.2
6194.24
34125.2
8520.48
20859.7
6059.27
32432.4
8440.14
20832.6
6040.64
37944
9781.04
21896.4
7135.98
32099.3
8460.91
20206.2
6002.33
33785.2
8298.87
20968.8
5977.06
32587
8163.45
20850.9
5945.69
36851.1
8392.07
20350.6
5842.16
32429.4
8376.63
21064.3
5878.43
34105.7
8188.9
20955.3
5762.94
32344.1
8079.06
20669.5
5385.01
37649.2
9171.37
21608.1
6632.16
32294.2
7920.74
19878.5
5619.69
33944.1
7235.6
20548.1
5626.7
32376.1
7699.1
20156
5548.67
36729.8
7956.08
20297.2
5337.62
32423.7
7830.39
20485.1
4938.74
33775
7800.26
20463.6
5423.17
32508.5
7757.69
20413.2
5482.27
37826.3
8933.54
21183.1
6626.09
32346.8
7913.37
19897.1
5693.46
33890.7
7952.03
20360.6
5647.46
32122.4
8027.72
20590.4
5469.98
36556.2
7990.94
20353.1
5499.51
32558.1
7966.3
20510.3
5790.07
33674.4
7617.94
20286.3
5723.99
32073.6
8273.51
20607.6
5863.42
37746.1
9590.78
21348.8
6944.76
32147.6
7840.18
19308.9
5597.39
34136.3
7836.55
19789.5
5631.84
32608.1
8280.74
20062.5
5826.06
37110.5
8193.13
20057.4
5945.67
32573.9
8256.26
20121.1
5987.69
33720.3
8280.36
20374.7
5902.84
32344.5
8190.16
20295.4
5870.68
37625.9
9441.47
20656.1
6978.22
31973
8344.71
19472.8
5711.09
36250.2
8467.94
19130
6116.2
30576.5
8542.36
19673
6112.8
38845.9
8452.63
19571.7
5953.12
31183.9
8529.41
19872.4
6168.29
35928.3
8102.86
19754
6021.72
31824.8
8445.46
20023.2
6011.3
37860.2
9837.31
21170.3
6942.8
31964.4
8219.25
19423.4
5708.4
33807.4
8373.33
20549.7
5938.63
32066.9
8363.38
20217.3
5926.58
36475
8468.48
20308.2
6041.31
32438.1
8399.43
20501.5
6135.65
33647.8
8122.57
20264.4
6086.16
31731
8568.54
20551
6165.47
37832
9938.92
21633.1
7219.15
32249.3
8864.95
20296.7
6282.92
33391.1
8695.8
20717.9
6157.1
31762.9
8867.93
20889.7
6346.63
36549.2
8847.85
20333.5
6391.85
31997.9
8870.83
20513.2
6222.29
33545.1
8932.54
21011
6317.59
32179.7
8989.47
20812.5
6353.53
38294.7
9863.96
21587.8
7323.5
31469.4
8561.35
20010.3
6065
36399.6
9017.35
20323.6
6253.03
32337.7
8903.1
20503
6048.18
37022.6
9098.57
21108.7
6567.74
32544.7
9307.85
20897.7
6703.87
33946.5
9542.73
20920.5
6710.73
32382.8
9562.41
20798.1
6581.37
40087.1
11127.6
22012.5
7869.14
31714.7
9733.2
20446.2
6786.45
36103
10009.6
20607.4
7174.3
31596.3
10278.4
21147.2
7165.25
37007
10143.2
21297.1
7242.16
31904.3
9878.03
20646.7
7110.34
36324.1
9517.72
19997.5
7146.86
31511.2
10154.7
20130.1
7172.85
38159.1
11532.2
21589
8366.65
31000.8
9894.07
19241.8
6966.95
33854.3
9731.9
20123.7
6955.34
31763.4
9402.98
20743.5
6493.86
38409.5
9359.71
19941.8
6617.34
31556.2
9162.81
19916.4
6418.03
35581.1
8747.32
19605.4
6227.28
30814.6
8898.62
19753.5
6344.51
39871.8
10342
20752.5
7206.41
30803.9
8620.74
19395.7
6133.67
33522
8706.89
20421.3
6177.33
31875.9
8619.54
20526.6
6121.02
36502.4
8367.09
19604
5845.49
31828.8
8541.83
20421.4
6048.18
33573.3
8256.84
20026.2
5930.49
31849.7
8369.47
20214.5
5928.72
37816.6
9837.85
21251.2
7034.31
31877.9
8382.89
19305
5950.07
33438.9
8358.21
19649.3
5956.72
31095.8
8374.86
19362.3
5636.3
35928.6
8530.26
19781.3
5845.29
31492.6
8529.82
19972.9
5999.61
33170.5
8423.97
19038.7
5595.96
31265.3
8282.42
19639
5826.29
37687.8
9561.45
20398.7
6625.56
31884.2
7506.19
18782.2
5566.47
32802.2
7803.96
19182.4
5520.84
31185.3
7346.7
19171
5473.07
35729.9
7279.36
19001.5
5287.07
31491.6
7841.1
19216.7
5517.36
33433.7
7974.34
19192.5
5514.6
31155
8205.01
18931.9
5638.78
38229.4
9906.8
19778
6914.34
31861.5
8334.11
18468.8
5887.89
33251.2
8530.58
18654.4
5541.74
31438.2
8316.25
18415.5
5682.68
36595.2
8221.4
18693.2
5450.9
31170.7
7992.41
18559.1
5308.22
33250
7708.88
17746
5250.58
31259.5
7537.18
18016
5198.97
38122
9102.85
19997.8
5998.16
31386.7
7621.16
18179.6
9193.97
33687.6
7786.32
17988
9255.07
31536.5
7822.12
17955.7
9390.77
36655.7
7902.74
18189.6
9357.44
30653
7709.21
18009.2
9110.6
31950
7425.83
18117.2
8801.12
30301.4
7274.04
18124.9
8636.35
37351.4
8719.94
20059.3
5797.6
29926.1
7132.08
17986.1
8802.44
33014.6
7121.86
17378.1
8788.06
31516.5
7171.33
17527.3
8655.6
36406.3
6894.97
17462.1
8812.99
31332.2
7109.33
17632.8
9744.22
33647.4
6960.51
17392.4
8881.91
31372.3
6833.84
17145.7
9062.24
37378.3
8397.75
19669.6
5326.6
30115.6
6989.62
19488.5
9174.63
34805.9
6730.3
17294.7
9025.47
31760.9
6767.38
17372.4
9097.09
37768.5
6342.53
17133.5
8975.76
31765.2
6378.71
17337.3
9111.7
35011.6
6646.29
17215.9
7909.37
31444.9
6127.4
17265.4
7945.6
38063.3
7937.68
19381.4
5152.34
32068
6535.62
17060.6
7734.08
34858.6
6357.79
17233
7901.17
31871.6
6558.81
17300.9
7665.56
37682.8
6373.24
16886.5
7685.03
31366.5
6575.48
16839.3
8088.69
34672.7
6381.5
16790.6
8273.15
31879.7
7296.67
16941.8
8706.12
38443.8
8996.74
19404
6188.62
31799.5
7679.7
17329.4
9325.12
34580.8
7923.08
17191.2
9649.93
31388.8
7993.16
16977.7
9196.82
37415.1
8070.55
17077.5
9564.51
31943.3
7970.85
17113.9
9074.95
34731.4
7902.55
16940.1
9890.82
31583.1
8289.4
17218.1
9810.11
37714.1
9456.4
18262.8
6063.77
31554.4
8026.85
16961.1
9545.81
34347.4
7740.44
16490.4
8996.04
31580.2
7747.83
17010.9
9234.6
37309.9
7733.65
16442.2
9243.79
31376.3
7663.14
17137.6
9176.37
34190.8
7634.46
17138.8
9214.57
30908
7537.87
17222.8
9023.37
38437.6
8808.26
18358.9
5979.06
31173.8
7329.89
16943.8
8391.62
33945.6
7344.72
16752.4
8872.06
31048.3
7391.65
17010
8933.73
37071
7409.7
16953.3
8972.43
30432.2
7134.18
16582.7
8982.39
33946
7394.84
16607.2
9045.61
30937.9
7465.17
16672.4
9002.81
38089.1
9029.54
17657.3
6052.55
30688.6
7236.61
16049.8
9059.09
33825
7524.04
16323.8
8916.77
30994.1
7665.98
16422.9
9251
36956.4
7475.07
15546.4
9445.01
30023.2
7713.9
15939.3
9549.72
33724.1
7609.93
16044.5
8888.23
30935.8
7793.75
15543.5
9185.22
37992.9
9378.73
17663.9
6142.34
30930.4
7441.32
16107.2
9158.98
33569.3
7325.68
15747.5
9269.78
29190.4
7833.14
15807.9
9773.97
36919.5
7861.72
15822
9627.54
29030.8
7722.42
15728.6
10805.8
33880.1
7629.93
15849.7
11262.4
30447.1
7419.14
15775.9
10895.8
37857.5
9083.5
17679.9
5611.82
27871.8
8323.51
18422.1
10392.5
34245.7
7031.77
15626.9
10270.1
30587.6
7007.49
15402.1
10212
37023.4
6973.17
15525.9
8539.82
31137.1
6892.03
15520.3
8636.8
34330.7
6968.94
15406.5
8700.84
31085.3
6922.33
15401.1
8532.76
38050.5
