0.02
0.02
0.020308
0.0206207
0.0209382
0.0212606
0.021588
0.0219205
0.022258
0.0226007
0.0229488
0.0233022
0.023661
0.0240253
0.0243953
0.0247709
0.0251524
0.0255397
0.025933
0.0263323
0.0267378
0.0271495
0.0275676
0.0279921
0.0284231
0.0288608
0.0293052
0.0297565
0.0302147
0.03068
0.0311524
0.0316321
0.0321192
0.0326138
0.033116
0.0336259
0.0341437
0.0346695
0.0352034
0.0357455
0.0362959
0.0368548
0.0374223
0.0379986
0.0385837
0.0391778
0.0397811
0.0403937
0.0410157
0.0416473
0.0422886
0.0429398
0.043601
0.0442724
0.0449542
0.0456464
0.0463493
0.047063
0.0477877
0.0485236
0.0492708
0.0500295
0.0507999
0.0515821
0.0523764
0.053183
0.0540019
0.0548335
0.0556778
0.0565352
0.0574058
0.0582897
0.0591873
0.0600987
0.0610242
0.0619639
0.062918
0.0634006
0.0638869
0.0643769
0.0648707
0.0653682
0.0658696
0.0663748
0.0666289
0.0668839
0.0671399
0.0673969
0.0676549
0.0679138
0.0681738
0.0684347
0.0686967
0.0689596
0.0692236
0.0694885
0.0697545
0.0700215
0.0702895
0.0705585
0.0708286
0.0710997
0.0713719
0.0716451
0.0719193
0.0721946
0.0724709
0.0727483
0.0730268
0.0733063
0.0735869
0.0738685
0.0741513
0.0744351
0.07472
0.075006
0.0752931
0.0754371
0.0755813
0.0757258
0.0758706
0.0760157
0.076161
0.0763066
0.0764525
0.0765987
0.0767451
0.0768919
0.0770389
0.0773338
0.0776298
0.0779269
0.0782252
0.0785246
0.0788252
0.0791269
0.0794298
0.0797338
0.080039
0.0803453
0.0806529
0.0809616
0.0812715
0.0815826
0.0818948
0.0822083
0.082523
0.0828388
0.0831559
0.0834742
0.0837937
0.0841144
0.0844364
0.0847596
0.085084
0.0854097
0.0857366
0.0860648
0.0863942
0.0867249
0.0868907
0.0870568
0.0872233
0.0873901
0.0875572
0.0877246
0.0878923
0.0880603
0.0882287
0.0883974
0.0887358
0.0890754
0.0894164
0.0895873
0.0897586
0.0899302
0.0901022
0.0902744
0.090447
0.09062
0.0907932
0.0909668
0.0911408
0.091315
0.0914896
0.0916646
0.0918398
0.0920154
0.0921913
0.0923676
0.0925442
0.0927212
0.0928984
0.0930761
0.093254
0.0934323
0.093611
0.09379
0.0939693
0.0941489
0.094329
0.0945093
0.09469
0.0948711
0.0950525
0.0952342
0.0954163
0.0955987
0.0957815
0.0959646
0.0961481
0.096332
0.0965161
0.0967007
0.0968856
0.0970708
0.0972564
0.0974424
0.0976287
0.0978153
0.0980024
0.0981897
0.0983775
0.0985656
0.098754
0.0989429
0.099132
0.0993216
0.0995115
0.0997017
0.0998924
0.100083
0.100275
0.100466
0.100659
0.100851
0.101044
0.101237
0.101431
0.101625
0.101819
0.102013
0.102209
0.102404
0.1026
0.102796
0.102992
0.103189
0.103387
0.103584
0.103782
0.103981
0.10418
0.104379
0.104578
0.104778
0.104979
0.105179
0.105381
0.105582
0.105784
0.105986
0.106189
0.106392
0.106595
0.106799
0.107003
0.107208
0.107413
0.107618
0.107824
0.10803
0.108237
0.108444
0.108651
0.108859
0.109067
0.109275
0.109484
0.109694
0.109903
0.110114
0.110324
0.110535
0.110746
0.110958
0.11117
0.111383
0.111596
0.111809
0.112023
0.112237
0.112452
0.112667
0.112882
0.113098
0.113314
0.113531
0.113748
0.113965
0.114183
0.114402
0.11462
0.11484
0.115059
0.115279
0.115499
0.11572
0.115942
0.116163
0.116385
0.116608
0.116831
0.117054
0.117278
0.117502
0.117727
0.117952
0.118178
0.118403
0.11863
0.118857
0.119084
0.119312
0.11954
0.119768
0.119997
0.120227
0.120457
0.120687
0.120918
0.121149
0.121381
0.121613
0.121845
0.122078
0.122311
0.122545
0.12278
0.123014
0.12325
0.123485
0.123721
0.123958
0.124195
0.124432
0.12467
0.124909
0.125148
0.125387
0.125627
0.125867
0.126107
0.126348
0.12659
0.126832
0.127075
0.127318
0.127561
0.127805
0.128049
0.128294
0.128539
0.128785
0.129031
0.129278
0.129525
0.129773
0.130021
0.13027
0.130519
0.130768
0.131018
0.131269
0.13152
0.131771
0.132023
0.132276
0.132529
0.132782
0.133036
0.13329
0.133545
0.1338
0.134056
0.134313
0.134569
0.134827
0.135084
0.135343
0.135601
0.135861
0.13612
0.136381
0.136642
0.136903
0.137165
0.137427
0.13769
0.137953
0.138217
0.138481
0.138746
0.139011
0.139277
0.139543
0.13981
0.140077
0.140345
0.140613
0.140882
0.141151
0.141421
0.141692
0.141963
0.142234
0.142506
0.142779
0.143052
0.143325
0.143599
0.143874
0.144149
0.144424
0.1447
0.144977
0.145254
0.145532
0.14581
0.146089
0.146368
0.146648
0.146929
0.14721
0.147491
0.147773
0.148056
0.148339
0.148622
0.148906
0.149191
0.149476
0.149762
0.150049
0.150335
0.150623
0.150911
0.151199
0.151489
0.151778
0.152068
0.152359
0.15265
0.152942
0.153235
0.153528
0.153821
0.154115
0.15441
0.154705
0.155001
0.155297
0.155594
0.155892
0.15619
0.156339
0.156489
0.156788
0.157088
0.157388
0.157538
0.157689
0.157839
0.15799
0.158141
0.158292
0.158444
0.158595
0.158747
0.158898
0.15905
0.159202
0.159354
0.159506
0.159659
0.159811
0.159964
0.160117
0.16027
0.160423
0.160576
0.16073
0.160883
0.161037
0.161191
0.161345
0.161654
0.161963
0.162272
0.162583
0.162893
0.163205
0.163361
0.163517
0.163673
0.16383
0.163986
0.164143
0.1643
0.164457
0.164614
0.164771
0.164929
0.165086
0.165244
0.165402
0.16556
0.165718
0.165876
0.166035
0.166194
0.166352
0.166511
0.16667
0.16683
0.166989
0.167149
0.167308
0.167468
0.167628
0.167949
0.168109
0.16827
0.168431
0.168592
0.168753
0.168914
0.169075
0.169237
0.169399
0.16956
0.169723
0.169885
0.170047
0.170209
0.170372
0.170535
0.170698
0.170861
0.171024
0.171188
0.171515
0.171679
0.171843
0.172007
0.172171
0.172336
0.172501
0.172666
0.172831
0.172996
0.173161
0.173326
0.173492
0.173658
0.173824
0.17399
0.174156
0.174323
0.174489
0.174656
0.174823
0.17499
0.175157
0.175324
0.175492
0.17566
0.175827
0.175995
0.176164
0.176332
0.1765
0.176669
0.176838
0.177007
0.177176
0.177345
0.177515
0.177854
0.178194
0.178364
0.178535
0.178706
0.178876
0.179047
0.179218
0.17939
0.179561
0.179733
0.179904
0.180076
0.180248
0.18042
0.180593
0.180765
0.180938
0.181111
0.181284
0.181457
0.181631
0.181804
0.181978
0.182152
0.182326
0.1825
0.182675
0.182849
0.183024
0.183199
0.183374
0.183549
0.183724
0.1839
0.184076
0.184252
0.184428
0.184604
0.18478
0.184957
0.185134
0.18531
0.185488
0.185665
0.185842
0.18602
0.186197
0.186375
0.186554
0.186732
0.18691
0.187089
0.187268
0.187447
0.187626
0.187805
0.187984
0.188164
0.188344
0.188524
0.188704
0.188884
0.189065
0.189245
0.189426
0.189607
0.189788
0.18997
0.190151
0.190333
0.190515
0.190697
0.190879
0.191061
0.191244
0.191427
0.19161
0.191793
0.191976
0.192159
0.192343
0.192527
0.192711
0.192895
0.193079
0.193264
0.193448
0.193633
0.193818
0.194004
0.194189
0.194374
0.19456
0.194746
0.194932
0.195118
0.195305
0.195492
0.195678
0.195865
0.196052
0.19624
0.196427
0.196615
0.196803
0.196991
0.197179
0.197368
0.197556
0.197745
0.197934
0.198123
0.198312
0.198502
0.198692
0.198881
0.199071
0.199262
0.199452
0.199643
0.199833
0.200024
0.200215
0.200407
0.200598
0.20079
0.200982
0.201174
0.201366
0.201559
0.201751
0.201944
0.202137
0.20233
0.202523
0.202717
0.202911
0.203104
0.203299
0.203493
0.203687
0.203882
0.204077
0.204272
0.204467
0.204662
0.204858
0.205054
0.20525
0.205446
0.205642
0.205838
0.206035
0.206232
0.206429
0.206626
0.206824
0.207021
0.207219
0.207417
0.207615
0.207814
0.208012
0.208211
0.20841
0.208609
0.208809
0.209008
0.209208
0.209408
0.209608
0.209808
0.210009
0.210209
0.21041
0.210611
0.210812
0.211014
0.211216
0.211417
0.211619
0.211822
0.212024
0.212227
0.212429
0.212632
0.212836
0.213039
0.213242
0.213446
0.21365
0.213854
0.214059
0.214263
0.214468
0.214673
0.214878
0.215083
0.215289
0.215495
0.2157
0.215907
0.216113
0.216319
0.216526
0.216733
0.21694
0.217147
0.217355
0.217563
0.21777
0.217979
0.218187
0.218395
0.218604
0.218813
0.219022
0.219231
0.219441
0.21965
0.21986
0.22007
0.220281
0.220491
0.220702
0.220913
0.221124
0.221335
0.221547
0.221758
0.22197
0.222182
0.222395
0.222607
0.22282
0.223033
0.223246
0.223459
0.223673
0.223886
0.2241
0.224315
0.224529
0.224743
0.224958
0.225173
0.225388
0.225604
0.225819
0.226035
0.226251
0.226467
0.226684
0.2269
0.227117
0.227334
0.227551
0.227769
0.227986
0.228204
0.228422
0.22864
0.228859
0.229078
0.229297
0.229516
0.229735
0.229954
0.230174
0.230394
0.230614
0.230835
0.231055
0.231276
0.231497
0.231718
0.23194
0.232161
0.232383
0.232605
0.232827
0.23305
0.233273
0.233495
0.233719
0.233942
0.234165
0.234389
0.234613
0.234837
0.235062
0.235286
0.235511
0.235736
0.235962
0.236187
0.236413
0.236639
0.236865
0.237091
0.237318
0.237544
0.237771
0.237999
0.238226
0.238454
0.238681
0.238909
0.239138
0.239366
0.239595
0.239824
0.240053
0.240282
0.240512
0.240742
0.240972
0.241202
0.241433
0.241663
0.241894
0.242125
0.242357
0.242588
0.24282
0.243052
0.243284
0.243517
0.24375
0.243983
0.244216
0.244449
0.244683
0.244916
0.24515
0.245385
0.245619
0.245854
0.246089
0.246324
0.246559
0.246795
0.247031
0.247267
0.247503
0.24774
0.247976
0.248213
0.24845
0.248688
0.248925
0.249163
0.249401
0.24964
0.249878
0.250117
0.250356
0.250595
0.250835
0.251074
0.251314
0.251554
0.251795
0.252035
0.252276
0.252517
0.252759
0.253
0.253242
0.253484
0.253726
0.253968
0.254211
0.254454
0.254697
0.254941
0.255184
0.255428
0.255672
0.255916
0.256161
0.256406
0.256651
0.256896
0.257141
0.257387
0.257633
0.257879
0.258126
0.258372
0.258619
0.258866
0.259114
0.259361
0.259609
0.259857
0.260105
0.260354
0.260603
0.260852
0.261101
0.261351
0.2616
0.26185
0.2621
0.262351
0.262602
0.262853
0.263104
0.263355
0.263607
0.263859
0.264111
0.264363
0.264616
0.264869
0.265122
0.265375
0.265629
0.265882
0.266136
0.266391
0.266645
0.2669
0.267155
0.26741
0.267666
0.267922
0.268178
0.268434
0.26869
0.268947
0.269204
0.269461
0.269719
0.269977
0.270235
0.270493
0.270751
0.27101
0.271269
0.271528
0.271788
0.272047
0.272307
0.272568
0.272828
0.273089
0.27335
0.273611
0.273872
0.274134
0.274396
0.274658
0.274921
0.275183
0.275446
0.275709
0.275973
0.276237
0.2765
0.276765
0.277029
0.277294
0.277559
0.277824
0.27809
0.278355
0.278621
0.278887
0.279154
0.279421
0.279688
0.279955
0.280222
0.28049
0.280758
0.281027
0.281295
0.281564
0.281833
0.282102
0.282372
0.282642
0.282912
0.283182
0.283453
0.283723
0.283995
0.284266
0.284538
0.284809
0.285082
0.285354
0.285627
0.285763
0.2859
0.286036
0.286173
0.286309
0.286446
0.286583
0.28672
0.286857
0.286994
0.287131
0.287268
0.287405
0.287543
0.28768
0.287817
0.288092
0.288368
0.288643
0.288919
0.289195
0.289471
0.289748
0.290025
0.290302
0.290579
0.290857
0.291135
0.291413
0.291692
0.29197
0.292249
0.292529
0.292808
0.293088
0.293368
0.293648
0.293929
0.29421
0.294491
0.294772
0.295054
0.295336
0.295618
0.295901
0.296183
0.296466
0.29675
0.297033
0.297317
0.297601
0.297885
0.29817
0.298455
0.29874
0.299026
0.299311
0.299597
0.299884
0.30017
0.300457
0.300744
0.301032
0.301175
0.301319
0.301607
0.301895
0.302184
0.302473
0.302762
0.303051
0.30334
0.30363
0.30392
0.304211
0.304502
0.304792
0.305084
0.305375
0.305667
0.305959
0.306251
0.306544
0.306837
0.30713
0.307424
0.307717
0.308011
0.308306
0.3086
0.308895
0.30919
0.309486
0.309782
0.310078
0.310374
0.31067
0.310967
0.311264
0.311562
0.31186
0.312158
0.312456
0.312754
0.313053
0.313352
0.313652
0.313952
0.314252
0.314552
0.314852
0.315153
0.315454
0.315605
0.315756
0.315907
0.316058
0.31636
0.316662
0.316964
0.317267
0.31757
0.317874
0.318178
0.318482
0.318786
0.319091
0.319396
0.319701
0.320006
0.320312
0.320618
0.320924
0.321231
0.321385
0.321538
0.321692
0.321845
0.321999
0.322153
0.322307
0.322461
0.322615
0.322769
0.322923
0.323077
0.323231
0.323386
0.32354
0.323695
0.32385
0.324004
0.324159
0.324314
0.324469
0.324624
0.324779
0.324934
0.325089
0.325244
0.3254
0.325555
0.325711
0.325866
0.326022
0.326178
0.326333
0.326489
0.326645
0.326801
0.326957
0.327114
0.32727
0.327426
0.327582
0.327739
0.327896
0.328052
0.328209
0.328366
0.328522
0.328679
0.328836
0.328993
0.329151
0.329308
0.329465
0.329622
0.32978
0.329937
0.330095
0.330253
0.33041
0.330568
0.330726
0.330884
0.331042
0.3312
0.331359
0.331517
0.331675
0.331834
0.331992
0.332151
0.332309
0.332468
0.332627
0.332786
0.332945
0.333104
0.333263
0.333422
0.333581
0.333741
0.3339
0.33406
0.334219
0.334379
0.334538
0.334698
0.334858
0.335018
0.335178
0.335338
0.335498
0.335659
0.335819
0.335979
0.33614
0.3363
0.336461
0.336622
0.336783
0.336943
0.337104
0.337265
0.337426
0.337588
0.337749
0.33791
0.338072
0.338233
0.338395
0.338556
0.338718
0.33888
0.339042
0.339204
0.339366
0.339528
0.33969
0.339852
0.340177
0.340339
0.340502
0.340827
0.341153
0.341316
0.341479
0.341642
0.341805
0.342132
0.342459
0.342786
0.343114
0.343441
0.34377
0.344098
0.344427
0.344756
0.344921
0.345085
0.345415
0.345745
0.346076
0.346406
0.346737
0.347069
0.3474
0.347732
0.347898
0.348064
0.348231
0.348397
0.348563
0.34873
0.348897
0.349063
0.34923
0.349397
0.349564
0.349731
0.349898
0.350065
0.350232
0.350399
0.350567
0.350734
0.350902
0.351069
0.351237
0.351405
0.351573
0.35174
0.351909
0.352077
0.352245
0.352413
0.352581
0.35275
0.352918
0.353087
0.353255
0.353424
0.353593
0.353762
0.353931
0.3541
0.354269
0.354438
0.354608
0.354777
0.354946
0.355116
0.355286
0.355455
0.355625
0.355795
0.355965
0.356135
0.356305
0.356475
0.356646
0.356816
0.356986
0.357157
0.357327
0.357498
0.357669
0.35784
0.358011
0.358182
0.358353
0.358524
0.358695
0.358866
0.359038
0.359209
0.359381
0.359553
0.359724
0.359896
0.360068
0.36024
0.360412
0.360584
0.360757
0.360929
0.361101
0.361274
0.361446
0.361619
0.361792
0.361965
0.362137
0.36231
0.362657
0.36283
0.363003
0.363177
0.36335
0.363524
0.363697
0.363871
0.364045
0.364219
0.364393
0.364741
0.365089
0.365438
0.365613
0.365787
0.365962
0.366137
0.366487
0.366837
0.367187
0.367538
0.367889
0.368241
0.368593
0.368945
0.369298
0.369651
0.370004
0.37018
0.370357
0.370534
0.370711
0.370888
0.371065
0.371243
0.37142
0.371597
0.371775
0.371952
0.37213
0.372308
0.372486
0.372664
0.372842
0.37302
0.373198
0.373376
0.373555
0.373733
0.373911
0.37409
0.374269
0.374448
0.374626
0.374805
0.374984
0.375163
0.375343
0.375522
0.375701
0.375881
0.37606
0.37624
0.37642
0.376599
0.376779
0.376959
0.377139
0.37732
0.3775
0.37768
0.37786
0.378041
0.378222
0.378402
0.378583
0.378764
0.378945
0.379126
0.379307
0.379488
0.379669
0.379851
0.380032
0.380214
0.380395
0.380577
0.380759
0.38094
0.381122
0.381304
0.381487
0.381669
0.381851
0.382034
0.382216
0.382399
0.382581
0.382764
0.382947
0.38313
0.383313
0.383496
0.383679
0.383862
0.384046
0.384229
0.384413
0.384596
0.38478
0.384964
0.385148
0.385332
0.385516
0.3857
0.385884
0.386068
0.386253
0.386437
0.386622
0.386806
0.386991
0.387176
0.387361
0.387546
0.387731
0.387916
0.388102
0.388287
0.388472
0.388658
0.388844
0.389029
0.389215
0.389401
0.389587
0.389773
0.389959
0.390146
0.390332
0.390518
0.390705
0.390892
0.391078
0.391265
0.391452
0.391639
0.391826
0.392013
0.392201
0.392388
0.392575
0.392763
0.39295
0.393138
0.393326
0.393514
0.393702
0.39389
0.394078
0.394266
0.394454
0.394643
0.394831
0.39502
0.395209
0.395397
0.395586
0.395775
0.395964
0.396153
0.396343
0.396532
0.396721
0.396911
0.3971
0.39729
0.39748
0.39767
0.39786
0.39805
0.39824
0.39843
0.39862
0.398811
0.399001
0.399192
0.399383
0.399573
0.399764
0.399955
0.400146
0.400337
0.400529
0.40072
0.400911
0.401103
0.401294
0.401486
0.401678
0.40187
0.402062
0.402254
0.402446
0.402638
0.40283
0.403023
0.403215
0.403408
0.403601
0.403793
0.403986
0.404179
0.404372
0.404565
0.404759
0.404952
0.405145
0.405339
0.405533
0.405726
0.40592
0.406114
0.406308
0.406502
0.406696
0.40689
0.407085
0.407279
0.407474
0.407668
0.407863
0.408058
0.408253
0.408448
0.408643
0.408838
0.409033
0.409229
0.409424
0.40962
0.409816
0.410011
0.410207
0.410403
0.410599
0.410795
0.410991
0.411188
0.411384
0.411581
0.411777
0.411974
0.412171
0.412368
0.412565
0.412762
0.412959
0.413156
0.413353
0.413551
0.413748
0.413946
0.414144
0.414342
0.414539
0.414737
0.414936
0.415134
0.415332
0.41553
0.415729
0.415927
0.416126
0.416325
0.416524
0.416723
0.416922
0.417121
0.41732
0.417519
0.417719
0.417918
0.418118
0.418318
0.418518
0.418717
0.418917
0.419118
0.419318
0.419518
0.419718
0.419919
0.42012
0.42032
0.420521
0.420722
0.420923
0.421124
0.421325
0.421526
0.421728
0.421929
0.422131
0.422332
0.422534
0.422736
0.422938
0.42314
0.423342
0.423544
0.423746
0.423949
0.424151
0.424354
0.424557
0.424759
0.424962
0.425165
0.425368
0.425571
0.425775
0.425978
0.426182
0.426385
0.426589
0.426793
0.426996
0.4272
0.427404
0.427609
0.427813
0.428017
0.428222
0.428426
0.428631
0.428836
0.42904
0.429245
0.42945
0.429655
0.429861
0.430066
0.430271
0.430477
0.430683
0.430888
0.431094
0.4313
0.431506
0.431712
0.431918
0.432125
0.432331
0.432538
0.432744
0.432951
0.433158
0.433365
0.433572
0.433779
0.433986
0.434193
0.434401
0.434608
0.434816
0.435023
0.435231
0.435439
0.435647
0.435855
0.436063
0.436272
0.43648
0.436689
0.436897
0.437106
0.437315
0.437523
0.437732
0.437942
0.438151
0.43836
0.438569
0.438779
0.438988
0.439198
0.439408
0.439618
0.439828
0.440038
0.440248
0.440458
0.440669
0.440879
0.44109
0.441301
0.441511
0.441722
0.441933
0.442144
0.442355
0.442567
0.442778
0.44299
0.443201
0.443413
0.443625
0.443837
0.444049
0.444261
0.444473
0.444685
0.444898
0.44511
0.445323
0.445535
0.445748
0.445961
0.446174
0.446387
0.446601
0.446814
0.447027
0.447241
0.447454
0.447668
0.447882
0.448096
0.44831
0.448524
0.448738
0.448953
0.449167
0.449382
0.449596
0.449811
0.450026
0.450241
0.450456
0.450671
0.450886
0.451102
0.451317
0.451533
0.451748
0.451964
0.45218
0.452396
0.452612
0.452828
0.453045
0.453261
0.453478
0.453694
0.453911
0.454128
0.454345
0.454562
0.454779
0.454996
0.455213
0.455431
0.455648
0.455866
0.456084
0.456302
0.45652
0.456738
0.456956
0.457174
0.457392
0.457611
0.457829
0.458048
0.458267
0.458486
0.458705
0.458924
0.459143
0.459362
0.459582
0.459801
0.460021
0.460241
0.460461
0.460681
0.460901
0.461121
0.461341
0.461561
0.461782
0.462002
0.462223
0.462444
0.462665
0.462886
0.463107
0.463328
0.463549
0.463771
0.463992
0.464214
0.464436
0.464658
0.464879
0.465101
0.465324
0.465546
0.465768
0.465991
0.466213
0.466436
0.466659
0.466882
0.467105
0.467328
0.467551
0.467774
0.467998
0.468221
0.468445
0.468669
0.468893
0.469117
0.469341
0.469565
0.469789
0.470014
0.470238
0.470463
0.470687
0.470912
0.471137
0.471362
0.471587
0.471813
0.472038
0.472263
0.472489
0.472715
0.472941
0.473166
0.473392
0.473619
0.473845
0.474071
0.474298
0.474524
0.474751
0.474978
0.475204
0.475431
0.475658
0.475886
0.476113
0.47634
0.476568
0.476796
0.477023
0.477251
0.477479
0.477707
0.477935
0.478164
0.478392
0.478621
0.478849
0.479078
0.479307
0.479536
0.479765
0.479994
0.480223
0.480453
0.480682
0.480912
0.481141
0.481371
0.481601
0.481831
0.482061
0.482292
0.482522
0.482752
0.482983
0.483214
0.483445
0.483675
0.483906
0.484138
0.484369
0.4846
0.484832
0.485063
0.485295
0.485527
0.485759
0.485991
0.486223
0.486455
0.486687
0.48692
0.487153
0.487385
0.487618
0.487851
0.488084
0.488317
0.48855
0.488784
0.489017
0.489251
0.489484
0.489718
0.489952
0.490186
0.49042
0.490655
0.490889
0.491123
0.491358
0.491593
0.491828
0.492062
0.492297
0.492533
0.492768
0.493003
0.493239
0.493474
0.49371
0.493946
0.494182
0.494418
0.494654
0.49489
0.495127
0.495363
0.4956
0.495837
0.496073
0.49631
0.496547
0.496785
0.497022
0.497259
0.497497
0.497734
0.497972
0.49821
0.498448
0.498686
0.498924
0.499163
0.499401
0.49964
0.499878
0.500117
0.500356
0.500595
0.500834
0.501073
0.501313
0.501552
0.501792
0.502031
0.502271
0.502511
0.502751
0.502991
0.503231
0.503472
0.503712
0.503953
0.504194
0.504434
0.504675
0.504916
0.505158
0.505399
0.50564
0.505882
0.506123
0.506365
0.506607
0.506849
0.507091
0.507333
0.507576
0.507818
0.508061
0.508303
0.508546
0.508789
0.509032
0.509275
0.509518
0.509762
0.510005
0.510249
0.510493
0.510737
0.51098
0.511225
0.511469
0.511713
0.511957
0.512202
0.512447
0.512691
0.512936
0.513181
0.513426
0.513672
0.513917
0.514163
0.514408
0.514654
0.5149
0.515146
0.515392
0.515638
0.515884
0.516131
0.516377
0.516624
0.516871
0.517117
0.517364
0.517612
0.517859
0.518106
0.518354
0.518601
0.518849
0.519097
0.519345
0.519593
0.519841
0.520089
0.520338
0.520586
0.520835
0.521084
0.521333
0.521582
0.521831
0.52208
0.522329
0.522579
0.522828
0.523078
0.523328
0.523578
0.523828
0.524078
0.524329
0.524579
0.52483
0.52508
0.525331
0.525582
0.525833
0.526084
0.526336
0.526587
0.526839
0.52709
0.527342
0.527594
0.527846
0.528098
0.52835
0.528603
0.528855
0.529108
0.52936
0.529613
0.529866
0.530119
0.530373
0.530626
0.530879
0.531133
0.531387
0.53164
0.531894
0.532148
0.532403
0.532657
0.532911
0.533166
0.533421
0.533675
0.53393
0.534185
0.53444
0.534696
0.534951
0.535207
0.535462
0.535718
0.535974
0.53623
0.536486
0.536742
0.536999
0.537255
0.537512
0.537769
0.538025
0.538282
0.53854
0.538797
0.539054
0.539312
0.539569
0.539827
0.540085
0.540343
0.540601
0.540859
0.541117
0.541376
0.541635
0.541893
0.542152
0.542411
0.54267
0.542929
0.543189
0.543448
0.543708
0.543967
0.544227
0.544487
0.544747
0.545008
0.545268
0.545528
0.545789
0.54605
0.54631
0.546571
0.546832
0.547094
0.547355
0.547616
0.547878
0.54814
0.548401
0.548663
0.548925
0.549188
0.54945
0.549712
0.549975
0.550238
0.550501
0.550763
0.551027
0.55129
0.551553
0.551817
0.55208
0.552344
0.552608
0.552872
0.553136
0.5534
0.553664
0.553929
0.554193
0.554458
0.554723
0.554988
0.555253
0.555518
0.555783
0.556049
0.556315
0.55658
0.556846
0.557112
0.557378
0.557644
0.557911
0.558177
0.558444
0.558711
0.558978
0.559245
0.559512
0.559779
0.560046
0.560314
0.560581
0.560849
0.561117
0.561385
0.561653
0.561922
0.56219
0.562458
0.562727
0.562996
0.563265
0.563534
0.563803
0.564072
0.564342
0.564611
0.564881
0.565151
0.565421
0.565691
0.565961
0.566231
0.566502
0.566773
0.567043
0.567314
0.567585
0.567856
0.568127
0.568399
0.56867
0.568942
0.569214
0.569486
0.569758
0.57003
0.570302
0.570574
0.570847
0.57112
0.571392
0.571665
0.571938
0.572212
0.572485
0.572758
0.573032
0.573306
0.573579
0.573853
0.574128
0.574402
0.574676
0.574951
0.575225
0.5755
0.575775
0.57605
0.576325
0.5766
0.576876
0.577151
0.577427
0.577703
0.577979
0.578255
0.578531
0.578807
0.579084
0.579361
0.579637
0.579914
0.580191
0.580468
0.580746
0.581023
0.5813
0.581578
0.581856
0.582134
0.582412
0.58269
0.582968
0.583247
0.583525
0.583804
0.584083
0.584362
0.584641
0.58492
0.5852
0.585479
0.585759
0.586039
0.586319
0.586599
0.586879
0.587159
0.58744
0.58772
0.588001
0.588282
0.588563
0.588844
0.589125
0.589407
0.589688
0.58997
0.590252
0.590534
0.590816
0.591098
0.59138
0.591663
0.591945
0.592228
0.592511
0.592794
0.593077
0.59336
0.593644
0.593927
0.594211
0.594495
0.594779
0.595063
0.595347
0.595632
0.595916
0.596201
0.596486
0.59677
0.597055
0.597341
0.597626
0.597911
0.598197
0.598483
0.598769
0.599055
0.599341
0.599627
0.599913
0.6002
0.600487
0.600774
0.601061
0.601348
0.601635
0.601922
0.60221
0.602497
0.602785
0.603073
0.603361
0.603649
0.603938
0.604226
0.604515
0.604804
0.605092
0.605381
0.605671
0.60596
0.606249
0.606539
0.606829
0.607119
0.607409
0.607699
0.607989
0.608279
0.60857
0.608861
0.609151
0.609442
0.609733
0.610025
0.610316
0.610608
0.610899
0.611191
0.611483
0.611775
0.612067
0.61236
0.612652
0.612945
0.613238
0.61353
0.613824
0.614117
0.61441
0.614704
0.614997
0.615291
0.615585
0.615879
0.616173
0.616467
0.616762
0.617056
0.617351
0.617646
0.617941
0.618236
0.618532
0.618827
0.619123
0.619418
0.619714
0.62001
0.620306
0.620603
0.620899
0.621196
0.621492
0.621789
0.622086
0.622383
0.622681
0.622978
0.623276
0.623573
0.623871
0.624169
0.624467
0.624766
0.625064
0.625363
0.625661
0.62596
0.626259
0.626558
0.626858
0.627157
0.627457
0.627756
0.628056
0.628356
0.628656
0.628957
0.629257
0.629558
0.629858
0.630159
0.63046
0.630761
0.631063
0.631364
0.631666
0.631967
0.632269
0.632571
0.632873
0.633176
0.633478
0.633781
0.634083
0.634386
0.634689
0.634992
0.635296
0.635599
0.635903
0.636206
0.63651
0.636814
0.637119
0.637423
0.637727
0.638032
0.638337
0.638642
0.638947
0.639252
0.639557
0.639863
0.640168
0.640474
0.64078
0.641086
0.641392
0.641699
0.642005
0.642312
0.642619
0.642926
0.643233
0.64354
0.643847
0.644155
0.644463
0.64477
0.645078
0.645387
0.645695
0.646003
0.646312
0.64662
0.646929
0.647238
0.647548
0.647857
0.648166
0.648476
0.648786
0.649096
0.649406
0.649716
0.650026
0.650337
0.650647
0.650958
0.651269
0.65158
0.651891
0.652203
0.652514
0.652826
0.653138
0.65345
0.653762
0.654074
0.654386
0.654699
0.655012
0.655325
0.655638
0.655951
0.656264
0.656578
0.656891
0.657205
0.657519
0.657833
0.658147
0.658462
0.658776
0.659091
0.659406
0.659721
0.660036
0.660351
0.660666
0.660982
0.661298
0.661614
0.66193
0.662246
0.662562
0.662879
0.663195
0.663512
0.663829
0.664146
0.664463
0.664781
0.665098
0.665416
0.665734
0.666052
0.66637
0.666688
0.667006
0.667325
0.667644
0.667963
0.668282
0.668601
0.66892
0.66924
0.66956
0.669879
0.670199
0.670519
0.67084
0.67116
0.671481
0.671801
0.672122
0.672443
0.672765
0.673086
0.673407
0.673729
0.674051
0.674373
0.674695
0.675017
0.67534
0.675662
0.675985
0.676308
0.676631
0.676954
0.677278
0.677601
0.677925
0.678248
0.678572
0.678897
0.679221
0.679545
0.67987
0.680195
0.68052
0.680845
0.68117
0.681495
0.681821
0.682146
0.682472
0.682798
0.683124
0.683451
0.683777
0.684104
0.68443
0.684757
0.685084
0.685412
0.685739
0.686067
0.686394
0.686722
0.68705
0.687378
0.687707
0.688035
0.688364
0.688693
0.689022
0.689351
0.68968
0.690009
0.690339
0.690669
0.690999
0.691329
0.691659
0.691989
0.69232
0.692651
0.692981
0.693312
0.693644
0.693975
0.694306
0.694638
0.69497
0.695302
0.695634
0.695966
0.696299
0.696631
0.696964
0.697297
0.69763
0.697963
0.698296
0.69863
0.698964
0.699298
0.699632
0.699966
0.7003
0.700635
0.700969
0.701304
0.701639
0.701974
0.70231
0.702645
0.702981
0.703316
0.703652
0.703988
0.704325
0.704661
0.704998
0.705335
0.705671
0.706008
0.706346
0.706683
0.707021
0.707358
0.707696
0.708034
0.708372
0.708711
0.709049
0.709388
0.709727
0.710066
0.710405
0.710744
0.711084
0.711424
0.711763
0.712103
0.712443
0.712784
0.713124
0.713465
0.713806
0.714147
0.714488
0.714829
0.71517
0.715512
0.715854
0.716196
0.716538
0.71688
0.717223
0.717565
0.717908
0.718251
0.718594
0.718937
0.71928
0.719624
0.719968
0.720312
0.720656
0.721
0.721344
0.721689
0.722034
0.722379
0.722724
0.723069
0.723414
0.72376
0.724105
0.724451
0.724797
0.725144
0.72549
0.725836
0.726183
0.72653
0.726877
0.727224
0.727572
0.727919
0.728267
0.728615
0.728963
0.729311
0.729659
0.730008
0.730356
0.730705
0.731054
0.731404
0.731753
0.732102
0.732452
0.732802
0.733152
0.733502
0.733853
0.734203
0.734554
0.734905
0.735256
0.735607
0.735958
0.73631
0.736661
0.737013
0.737365
0.737718
0.73807
0.738423
0.738775
0.739128
0.739481
0.739834
0.740188
0.740541
0.740895
0.741249
0.741603
0.741957
0.742312
0.742666
0.743021
0.743376
0.743731
0.744086
0.744442
0.744797
0.745153
0.745509
0.745865
0.746221
0.746578
0.746934
0.747291
0.747648
0.748005
0.748362
0.74872
0.749077
0.749435
0.749793
0.750151
0.75051
0.750868
0.751227
0.751586
0.751945
0.752304
0.752663
0.753023
0.753382
0.753742
0.754102
0.754463
0.754823
0.755183
0.755544
0.755905
0.756266
0.756627
0.756989
0.75735
0.757712
0.758074
0.758436
0.758798
0.759161
0.759523
0.759886
0.760249
0.760612
0.760976
0.761339
0.761703
0.762067
0.762431
0.762795
0.763159
0.763524
0.763888
0.764253
0.764618
0.764984
0.765349
0.765714
0.76608
0.766446
0.766812
0.767179
0.767545
0.767912
0.768278
0.768645
0.769013
0.76938
0.769747
0.770115
0.770483
0.770851
0.771219
0.771587
0.771956
0.772325
0.772694
0.773063
0.773432
0.773801
0.774171
0.774541
0.774911
0.775281
0.775651
0.776022
0.776392
0.776763
0.777134
0.777505
0.777877
0.778248
0.77862
0.778992
0.779364
0.779736
0.780109
0.780482
0.780854
0.781227
0.7816
0.781974
0.782347
0.782721
0.783095
0.783469
0.783843
0.784218
0.784592
0.784967
0.785342
0.785717
0.786092
0.786468
0.786843
0.787219
0.787595
0.787971
0.788348
0.788724
0.789101
0.789478
0.789855
0.790232
0.79061
0.790988
0.791365
0.791743
0.792122
0.7925
0.792878
0.793257
0.793636
0.794015
0.794394
0.794774
0.795154
0.795533
0.795913
0.796293
0.796674
0.797054
0.797435
0.797816
0.798197
0.798578
0.79896
0.799341
0.799723
0.800105
0.800487
0.80087
0.801252
0.801635
0.802018
0.802401
0.802784
0.803168
0.803551
0.803935
0.804319
0.804703
0.805088
0.805472
0.805857
0.806242
0.806627
0.807012
0.807398
0.807783
0.808169
0.808555
0.808942
0.809328
0.809715
0.810101
0.810488
0.810875
0.811263
0.81165
0.812038
0.812426
0.812814
0.813202
0.813591
0.813979
0.814368
0.814757
0.815146
0.815535
0.815925
0.816315
0.816705
0.817095
0.817485
0.817876
0.818266
0.818657
0.819048
0.819439
0.819831
0.820222
0.820614
0.821006
0.821398
0.821791
0.822183
0.822576
0.822969
0.823362
0.823755
0.824149
0.824542
0.824936
0.82533
0.825724
0.826119
0.826513
0.826908
0.827303
0.827698
0.828094
0.828489
0.828885
0.829281
0.829677
0.830073
0.83047
0.830866
0.831263
0.83166
0.832058
0.832455
0.832853
0.83325
0.833648
0.834047
0.834445
0.834844
0.835242
0.835641
0.836041
0.83644
0.836839
0.837239
0.837639
0.838039
0.838439
0.83884
0.839241
0.839641
0.840043
0.840444
0.840845
0.841247
0.841649
0.842051
0.842453
0.842855
0.843258
0.843661
0.844064
0.844467
0.84487
0.845274
0.845678
0.846081
0.846486
0.84689
0.847294
0.847699
0.848104
0.848509
0.848914
0.84932
0.849726
0.850131
0.850538
0.850944
0.85135
0.851757
0.852164
0.852571
0.852978
0.853385
0.853793
0.854201
0.854609
0.855017
0.855426
0.855834
0.856243
0.856652
0.857061
0.857471
0.85788
0.85829
0.8587
0.85911
0.85952
0.859931
0.860342
0.860753
0.861164
0.861575
0.861987
0.862398
0.86281
0.863222
0.863635
0.864047
0.86446
0.864873
0.865286
0.865699
0.866113
0.866527
0.86694
0.867355
0.867769
0.868183
0.868598
0.869013
0.869428
0.869843
0.870259
0.870674
0.87109
0.871506
0.871923
0.872339
0.872756
0.873173
0.87359
0.874007
0.874425
0.874842
0.87526
0.875678
0.876096
0.876515
0.876934
0.877352
0.877772
0.878191
0.87861
0.87903
0.87945
0.87987
0.88029
0.880711
0.881131
0.881552
0.881973
0.882395
0.882816
0.883238
0.88366
0.884082
0.884504
0.884926
0.885349
0.885772
0.886195
0.886618
0.887042
0.887466
0.88789
0.888314
0.888738
0.889162
0.889587
0.890012
0.890437
0.890863
0.891288
0.891714
0.89214
0.892566
0.892992
0.893419
0.893845
0.894272
0.8947
0.895127
0.895555
0.895982
0.89641
0.896838
0.897267
0.897695
0.898124
0.898553
0.898982
0.899412
0.899841
0.900271
0.900701
0.901131
0.901562
0.901993
0.902423
0.902854
0.903286
0.903717
0.904149
0.904581
0.905013
0.905445
0.905878
0.90631
0.906743
0.907176
0.90761
0.908043
0.908477
0.908911
0.909345
0.909779
0.910214
0.910649
0.911084
0.911519
0.911954
0.91239
0.912826
0.913262
0.913698
0.914134
0.914571
0.915008
0.915445
0.915882
0.91632
0.916757
0.917195
0.917633
0.918072
0.91851
0.918949
0.919388
0.919827
0.920266
0.920706
0.921146
0.921586
0.922026
0.922466
0.922907
0.923348
0.923789
0.92423
0.924671
0.925113
0.925555
0.925997
0.926439
0.926882
0.927325
0.927768
0.928211
0.928654
0.929098
0.929541
0.929985
0.93043
0.930874
0.931319
0.931764
0.932209
0.932654
0.933099
0.933545
0.933991
0.934437
0.934883
0.93533
0.935777
0.936224
0.936671
0.937118
0.937566
0.938014
0.938462
0.93891
0.939359
0.939807
0.940256
0.940705
0.941155
0.941604
0.942054
0.942504
0.942954
0.943405
0.943855
0.944306
0.944757
0.945208
0.94566
0.946111
0.946563
0.947016
0.947468
0.94792
0.948373
0.948826
0.949279
0.949733
0.950187
0.95064
0.951094
0.951549
0.952003
0.952458
0.952913
0.953368
0.953823
0.954279
0.954735
0.955191
0.955647
0.956104
0.95656
0.957017
0.957474
0.957932
0.958389
0.958847
0.959305
0.959763
0.960222
0.96068
0.961139
0.961598
0.962058
0.962517
0.962977
0.963437
0.963897
0.964358
0.964818
0.965279
0.96574
0.966201
0.966663
0.967125
0.967587
0.968049
0.968511
0.968974
0.969437
0.9699
0.970363
0.970826
0.97129
0.971754
0.972218
0.972683
0.973147
0.973612
0.974077
0.974542
0.975008
0.975474
0.97594
0.976406
0.976872
0.977339
0.977806
0.978273
0.97874
0.979207
0.979675
0.980143
0.980611
0.98108
0.981548
0.982017
0.982486
0.982955
0.983425
0.983895
0.984365
0.984835
0.985305
0.985776
0.986247
0.986718
0.987189
0.987661
0.988132
0.988604
0.989077
0.989549
0.990022
0.990495
0.990968
0.991441
0.991915
0.992388
0.992862
0.993337
0.993811
0.994286
0.994761
0.995236
0.995711
0.996187
0.996663
0.997139
0.997615
0.998092
0.998568
0.999045
0.999523
1
