1.00366
1.01601
1.01079
1.01138
1.01077
1.01167
1.0104
1.01093
1.01065
1.01069
1.01046
1.01132
1.01041
1.01082
1.0103
1.01053
1.0106
1.01086
1.01045
1.01092
1.01068
1.01039
1.01008
1.01002
1.0098
1.00931
1.0095
1.00989
1.00944
1.00991
1.00945
1.00945
1.00935
1.00995
1.01081
1.00998
1.00975
1.00976
1.01001
1.0101
1.00974
1.01004
1.00963
1.00938
1.00983
1.00926
1.00953
1.00907
1.00983
1.00924
1.00967
1.00915
1.0092
1.00945
1.00965
1.00939
1.00936
1.00978
1.00935
1.0146
1.01481
1.01441
1.01491
1.01459
1.01456
1.0061
1.00504
1.00613
1.00506
1.00582
1.00603
1.00512
1.01027
1.01052
1.00382
1.00381
1.00339
1.02989
1.01248
1.03911
1.01166
1.02275
1.01203
1.02972
1.04392
1.01102
1.03954
1.03266
1.02771
1.01129
1.02894
1.05
1.03195
1.00281
1.02766
1.08746
1.05847
1.00245
1.03692
1.06542
1.04395
1.00227
1.01125
1.08906
1.04224
1.00285
1.04951
1.10608
1.05747
1.00447
1.04857
1.1892
1.07368
1.00416
1.05715
1.27801
1.0648
1.03759
1.00499
1.03709
1.06604
1.0395
1.33225
1.03707
1.05297
1.02528
1.00541
1.02131
1.11494
1.35681
1.06225
1.00902
1.03978
1.37718
1.05982
1.0088
1.04752
1.37277
1.06259
1.00784
1.07346
1.36092
1.09254
1.00816
1.11428
1.33679
1.11577
1.0079
1.11014
1.42904
1.11796
1.00824
1.12001
1.51761
1.13605
1.00792
1.13264
1.58124
1.11057
1.00251
1.03104
1.10423
1.0223
1.65211
1.10329
1.10358
1.09062
1.00695
1.01857
1.08279
1.69962
1.11331
1.00634
1.06673
1.09681
1.03652
1.73666
1.03364
1.12167
1.04508
1.00653
1.06565
1.11356
1.02125
1.76325
1.03813
1.17001
1.03451
1.0065
1.20182
1.26676
1.05444
1.80539
1.11821
1.17952
1.02924
1.00509
1.0479
1.18091
1.01626
1.81545
1.03892
1.19839
1.015
1.00606
1.02863
1.19802
1.03549
1.82396
1.03728
1.19747
1.04529
1.00457
1.02702
1.1999
1.09274
1.81875
1.03989
1.21556
1.0504
1.00508
1.03453
1.24286
1.03233
1.80745
1.02987
1.26048
1.05067
1.00724
1.03815
1.18925
1.06734
1.7927
1.02558
1.23784
1.06103
1.00647
1.02941
1.26909
1.04445
1.78797
1.01527
1.3006
1.04149
1.00654
1.02789
1.29821
1.03739
1.76492
1.04612
1.25744
1.03819
1.01257
1.03566
1.27595
1.02449
1.75417
1.03514
1.28718
1.03567
1.01452
1.03367
1.28265
1.04318
1.75295
1.03846
1.24216
1.04366
1.01366
1.02392
1.2716
1.01885
1.72277
1.03552
1.26168
1.04008
1.02042
1.03379
1.27156
1.04212
1.71959
1.0354
1.22157
1.06278
1.02149
1.04697
1.20654
1.03264
1.68375
1.04166
1.20499
1.05303
1.0206
1.04633
1.19675
1.05607
1.66367
1.04894
1.20219
1.05588
1.0265
1.05737
1.19585
1.08766
1.64263
1.09443
1.22274
1.14615
1.02567
1.05975
1.19805
1.02933
1.61233
1.06409
1.19322
1.06988
1.02542
1.05349
1.17368
1.04608
1.58851
1.06424
1.17943
1.05305
1.027
1.05565
1.17587
1.05948
1.55013
1.07684
1.14577
1.03966
1.03155
1.05671
1.17174
1.07591
1.53651
1.08765
1.1739
1.04925
1.03273
1.11737
1.19481
1.05679
1.50178
1.0585
1.18819
1.0832
1.03267
1.05542
1.18096
1.08366
1.48204
1.0782
1.19746
1.08762
1.04088
1.0868
1.20175
1.09182
1.44623
1.08416
1.20951
1.10413
1.04037
1.10319
1.20927
1.11041
1.42418
1.10821
1.19664
1.13117
1.04112
1.11124
1.20296
1.11091
1.40061
1.13286
1.18643
1.12874
1.04047
1.10798
1.18921
1.13864
1.37668
1.10959
1.18366
1.14383
1.04509
1.1258
1.1771
1.14545
1.35209
1.14235
1.17244
1.10232
1.04581
1.1481
1.18087
1.16863
1.33652
1.18035
1.1726
1.19975
1.0463
1.18941
1.18116
1.22007
1.3086
1.1553
1.18289
1.24722
1.04636
1.14129
1.18063
1.27589
1.28719
1.27191
1.19281
1.25114
1.05109
1.23054
1.19729
1.25125
1.26317
1.27223
1.20516
1.27805
1.05032
1.20716
1.19901
1.24474
1.23741
1.24308
1.19106
1.25382
1.04976
1.25933
1.19319
1.25018
1.22078
1.2507
1.16013
1.17662
1.05598
1.16761
1.2062
1.24579
1.20875
1.25409
1.20148
1.25608
1.05476
1.25854
1.19827
1.27284
1.18501
1.2735
1.19287
1.25557
1.0549
1.26501
1.19652
1.24258
1.16846
1.06369
1.26958
1.19473
1.26714
1.05554
1.07173
1.26549
1.06042
1.19538
1.05729
1.2911
1.06201
1.15534
1.07437
1.27695
1.06176
1.19909
1.04807
1.24355
1.06086
1.054
1.06243
1.29119
1.0608
1.2016
1.04755
1.31349
1.01964
1.1373
1.05875
1.30578
1.19278
1.30921
1.05532
1.30669
1.19334
1.31847
1.13987
1.12365
1.06861
1.31987
1.06796
1.19791
1.05882
1.33804
1.06988
1.06113
1.06298
1.33195
1.05739
1.20368
1.06314
1.32646
1.06805
1.11128
1.08361
1.36395
1.05011
1.2027
1.06149
1.365
1.07091
1.05501
1.07356
1.35537
1.19764
1.06167
1.35836
1.06895
1.09981
1.06261
1.34154
1.07252
1.19908
1.06906
1.3768
1.06518
1.06067
1.05743
1.33951
1.05768
1.20884
1.06231
1.37647
1.06729
1.0941
1.41737
1.09309
1.20346
1.06498
1.38473
1.13888
1.06379
1.07567
1.37855
1.06781
1.20178
1.06841
1.30871
1.07536
1.07657
1.0761
1.37016
1.07234
1.20291
1.05897
1.32539
1.03064
1.06011
1.07114
1.35339
1.07531
1.2125
1.07811
1.37421
1.0702
1.07344
1.06863
1.36912
1.07364
1.21109
1.08044
1.36856
1.06413
1.35517
1.06745
1.20767
1.0697
1.35992
1.06514
1.06392
1.07576
1.35059
1.07182
1.21321
1.06486
1.37608
1.06922
1.06429
1.07033
1.38709
1.07974
1.21195
1.09122
1.38242
1.06393
1.05653
1.05486
1.36485
1.06823
1.21298
1.07159
1.37783
1.06017
1.06406
1.05676
1.365
1.02745
1.21689
1.06226
1.38836
1.06983
1.05896
1.07038
1.39053
1.06385
1.22475
1.05579
1.41069
1.0388
1.07178
1.05466
1.39968
1.05608
1.21772
1.04693
1.42526
1.05066
1.06035
1.04733
1.4125
1.06002
1.21378
1.04914
1.4174
1.05017
1.06465
1.05504
1.41499
1.04713
1.21206
1.05022
1.42465
1.04579
1.06321
1.04333
1.40644
1.05158
1.21418
1.04747
1.42066
1.0732
1.07263
1.14765
1.40241
1.11602
1.21449
1.12453
1.41085
1.13408
1.05891
1.13405
1.39288
1.15365
1.21821
1.15439
1.4006
1.14591
1.07071
1.1361
1.40846
1.1405
1.22279
1.1189
1.40626
1.15323
1.06144
1.16625
1.3992
1.15737
1.21456
1.15996
1.40915
1.1411
1.07916
1.12482
1.38684
1.13471
1.20722
1.15968
1.4037
1.16811
1.06539
1.14959
1.38893
1.31985
1.20303
1.15484
1.39599
1.1562
1.07113
1.11428
1.39313
1.12167
1.20519
1.16248
1.40932
1.15972
1.06755
1.149
1.40681
1.15478
1.20962
1.17752
1.42171
1.18259
1.07572
1.13017
1.40373
1.12682
1.20975
1.14065
1.40354
1.13561
1.06965
1.10292
1.39065
1.10297
1.21159
1.08156
1.41201
1.0576
1.07728
1.07058
1.4256
1.08123
1.21905
1.06622
1.4215
1.05416
1.06961
1.05824
1.40941
1.05753
1.21996
1.07399
1.41808
1.0507
1.07918
1.04927
1.42743
1.11333
1.21927
1.08663
1.41805
1.08461
1.06246
1.08486
1.43521
1.11053
1.22286
1.12922
1.42418
1.13412
1.08382
1.07304
1.44846
1.20107
1.221
1.22524
1.43455
1.21338
1.06433
1.23224
1.4314
1.25596
1.2185
1.28362
1.4391
1.33983
1.08291
1.30616
1.43491
1.30471
1.21896
1.31669
1.42332
1.31177
1.06736
1.27594
1.43327
1.32756
1.22154
1.32318
1.4266
1.31406
1.08379
1.23625
1.42319
1.19652
1.22188
1.29963
1.41971
1.28139
1.06038
1.28351
1.40302
1.28883
1.21557
1.2471
1.41767
1.22831
1.08127
1.19767
1.40644
1.18879
1.21842
1.19197
1.4111
1.22757
1.06231
1.20596
1.41151
1.26093
1.2211
1.22189
1.42058
1.26774
1.07814
1.21935
1.39709
1.27367
1.21321
1.25431
1.40474
1.32447
1.06924
1.26372
1.3981
1.31483
1.21398
1.26049
1.40701
1.33469
1.07288
1.34494
1.39707
1.36388
1.20612
1.38769
1.40343
1.41827
1.06881
1.4241
1.39317
1.43734
1.21137
1.44401
1.3997
1.44413
1.08007
1.42313
1.38855
1.43868
1.20929
1.43512
1.40749
1.46131
1.06669
1.48363
1.40709
1.51024
1.19808
1.52396
1.4033
1.55353
1.08975
1.56456
1.40588
1.59221
1.20319
1.60518
1.41143
1.62965
1.05848
1.63091
1.4161
1.63482
1.19988
1.5757
1.41978
1.69119
1.09469
1.63029
1.41558
1.67281
1.20025
1.65736
1.41623
1.68372
1.05829
1.65714
1.41327
1.70113
1.196
1.68146
1.41989
1.71017
1.08695
1.67141
1.41702
1.70207
1.20618
1.67972
1.41958
1.71972
1.05631
1.68773
1.42408
1.72316
1.19847
1.68592
1.42274
1.71896
1.08659
1.65606
1.41248
1.67861
1.19994
1.65506
1.41035
1.6573
1.05753
1.63894
1.41896
1.68262
1.19833
1.64308
1.41353
1.67586
1.08752
1.6574
1.41185
1.68239
1.20301
1.67416
1.4163
1.72579
1.05807
1.71264
1.42511
1.73681
1.15722
1.61122
1.37708
1.66574
1.0634
1.74869
1.40783
1.8088
1.1564
1.6773
1.35879
1.76504
1.07981
1.73652
1.35924
1.82101
1.1511
1.78044
1.3545
1.82119
1.09619
1.75688
1.35175
1.82326
1.15074
1.80634
1.35655
1.85549
1.06297
1.80652
1.35281
1.86298
1.15404
1.82968
1.35261
1.90391
1.09701
1.85499
1.35076
1.9008
1.14961
1.88095
1.3488
1.93418
1.06135
1.89642
1.35451
1.93427
1.1499
1.90272
1.3423
1.93334
1.09905
1.90965
1.33862
1.94314
1.14858
1.9283
1.34412
1.94009
1.0599
1.89455
1.34418
1.91155
1.14564
1.86658
1.34018
1.87507
1.09522
1.83456
1.32976
1.8223
1.15016
1.80503
1.34459
1.80025
1.0583
1.77499
1.34467
1.751
1.14676
1.7705
1.34715
1.78651
1.09592
1.72922
1.33483
1.7542
1.14925
1.73142
1.34586
1.76372
1.05937
1.73348
1.34302
1.76298
1.15449
1.75543
1.34552
1.74877
1.0938
1.68152
1.32475
1.71934
1.1437
1.71128
1.33731
1.76636
1.06039
1.74032
1.33387
1.77535
1.13885
1.7382
1.33297
1.78514
1.09409
1.09443
1.72842
1.14246
1.32714
1.1342
1.77158
1.10103
1.13836
1.08844
1.76359
1.11608
1.32793
1.10112
1.81076
1.09799
1.05972
1.77363
1.32846
1.80981
1.13376
1.78959
1.32615
1.8377
1.06025
1.80654
1.31461
1.85401
1.1443
1.84186
1.32263
1.90602
1.08697
1.76007
1.2487
1.79894
1.08422
1.7368
1.24868
1.82314
1.05944
1.88954
1.30959
1.93127
1.0869
1.78635
1.24911
1.81304
1.08616
1.73432
1.25269
1.80912
1.08561
1.76236
1.25319
1.79486
1.05866
1.88436
1.31387
1.90301
1.08494
1.74942
1.25701
1.76861
1.05538
1.08623
1.72614
1.25868
1.74325
1.08397
1.67549
1.25968
1.7024
1.05463
1.6497
1.26054
1.67743
1.09222
1.65875
1.27378
1.68383
1.08268
1.63997
1.27359
1.65669
1.08898
1.62962
1.28417
1.64968
1.05498
1.60275
1.26941
1.62575
1.09143
1.58552
1.28288
1.62782
1.0917
1.58867
1.28356
1.63235
1.08946
1.59303
1.2857
1.63126
1.0543
1.56164
1.26073
1.61824
1.08645
1.5916
1.27826
1.66158
1.09243
1.04943
1.62286
1.05539
1.26931
1.67689
1.08218
1.624
1.26458
1.70785
1.05402
1.60569
1.26084
1.69877
1.08373
1.65152
1.27201
1.72838
1.0817
1.65831
1.26956
1.69634
1.06085
1.08032
1.06167
1.66698
1.01538
1.27333
1.13182
1.75066
1.34456
1.05394
1.31625
1.65627
1.42248
1.26032
1.61537
1.73995
1.74654
1.07931
1.50487
1.68581
1.72128
1.26546
1.82943
1.78354
1.9275
1.1197
1.61998
1.51232
1.78909
1.17181
1.88587
1.64751
1.90061
1.01599
1.49395
1.54337
1.67894
1.1624
1.7266
1.62458
1.77733
1.07976
1.47059
1.70064
1.50563
1.25085
1.56352
1.77743
1.58079
1.07501
1.34911
1.72281
1.24777
1.25162
1.45619
1.78525
1.52698
1.13268
1.27167
1.48236
1.31276
1.15057
1.36996
1.5596
1.33972
1.07332
1.16076
1.73796
1.1019
1.2531
1.0915
1.77197
1.19068
1.05244
1.03413
1.70415
1.11236
1.23847
1.10273
1.69361
1.09953
1.07199
1.05176
1.72156
1.01515
1.24288
1.02315
1.70236
1.0713
1.09155
1.05038
1.72324
1.09368
1.24617
1.06445
1.70155
1.08815
1.06917
1.05625
1.725
1.15213
1.23768
1.30422
1.70101
1.16526
1.0498
1.14784
1.72597
1.14376
1.23924
1.11055
1.71775
1.10061
1.06977
1.05277
1.7477
1.06438
1.24919
1.69465
1.05187
1.07983
1.74794
1.24727
1.14731
1.7313
1.06427
1.0702
1.77698
1.24922
1.73268
1.05108
1.7233
1.2159
1.72889
1.06294
1.7472
1.06947
1.20371
1.74678
1.08244
1.73785
1.20082
1.7246
1.06123
1.71581
1.19589
1.11241
1.73895
1.06105
1.05172
1.04417
1.72114
1.04905
1.20261
1.04101
1.71689
1.03694
1.06331
1.04888
1.70041
1.04033
1.20024
1.03922
1.70295
1.04014
1.07839
1.03621
1.71028
1.04327
1.20106
1.04079
1.69985
1.02799
1.06198
1.03546
1.70844
1.29894
1.20077
1.21662
1.70324
1.08484
1.06411
1.05713
1.66865
1.15863
1.18389
1.16807
1.68219
1.22061
1.05561
1.19763
1.66038
1.26106
1.18571
1.21294
1.65231
1.27825
1.07891
1.17406
1.64572
1.2724
1.18319
1.23498
1.63068
1.30232
1.05562
1.2147
1.63535
1.17977
1.19258
1.19053
1.62687
1.26016
1.06088
1.07136
1.59635
1.0493
1.1806
1.03658
1.61234
1.04984
1.05528
1.04731
1.59982
1.04891
1.18242
1.05883
1.58815
1.05396
1.08374
1.05095
1.59681
1.17903
1.03347
1.5933
1.07636
1.05473
1.04303
1.60015
1.2136
1.17688
1.065
1.5836
1.0631
1.5455
1.17435
1.04565
1.56951
1.04856
1.0494
1.57144
1.17312
1.56073
1.08366
1.54114
1.17044
1.55303
1.05314
1.55391
1.17052
1.54763
1.03985
1.06208
1.04254
1.53312
1.08942
1.17197
1.20702
1.53193
1.08877
1.04445
1.04764
1.52634
1.04557
1.16883
1.03999
1.51624
1.05027
1.08689
1.04323
1.50261
1.0343
1.16875
1.0677
1.49179
1.27151
1.047
1.04428
1.4836
1.04466
1.16859
1.03424
1.47252
1.04819
1.065
1.03177
1.47105
1.02377
1.1645
1.03056
1.46989
1.084
1.04038
1.03297
1.45807
1.12339
1.1644
1.15723
1.45556
1.28328
1.093
1.2853
1.43146
1.3989
1.15925
1.32466
1.42436
1.41996
1.03729
1.3243
1.42597
1.38664
1.14949
1.29917
1.42721
1.36818
1.06069
1.24254
1.41309
1.29078
1.15526
1.26276
1.41055
1.30137
1.03816
1.22945
1.40492
1.31579
1.15268
1.24031
1.39859
1.29051
1.10203
1.22828
1.39535
1.29497
1.15335
1.22528
1.3922
1.29469
1.03493
1.26456
1.3846
1.30473
1.14726
1.30478
1.38595
1.32459
1.07688
1.29276
1.37078
1.31827
1.1397
1.31097
1.38487
1.3645
1.03619
1.33968
1.38728
1.37716
1.14718
1.32715
1.39453
1.37148
1.10266
1.32536
1.37984
1.39015
1.14694
1.33605
1.38201
1.36911
1.03876
1.3052
1.37803
1.36378
1.13568
1.3227
1.38107
1.37251
1.0669
1.33792
1.3793
1.37137
1.13955
1.33798
1.37223
1.36136
1.04716
1.28107
1.37804
1.36822
1.12824
1.25146
1.35976
1.29657
1.10584
1.27521
1.38011
1.30011
1.14941
1.25706
1.38408
1.37713
1.04362
1.30118
1.38468
1.38651
1.14164
1.33033
1.37498
1.38409
1.07866
1.2887
1.36469
1.37049
1.12893
1.30187
1.36818
1.25158
1.05512
1.12395
1.3591
1.11792
1.13943
1.08022
1.35667
1.08525
1.11283
1.09537
1.36679
1.11257
1.1363
1.0843
1.36988
1.12772
1.04176
1.12917
1.36509
1.16052
1.14129
1.13777
1.36251
1.17642
1.07681
1.1792
1.3555
1.20141
1.13764
1.21911
1.34893
1.33562
1.04693
1.36174
1.34997
1.52092
1.13778
1.46619
1.34733
1.67426
1.10462
1.64203
1.34039
1.84818
1.13561
1.79674
1.33003
1.96079
1.03726
1.81956
1.33042
2.03553
1.13922
1.94048
1.31968
2.10338
1.08953
1.9621
1.31972
2.14915
1.13336
2.18267
1.31871
2.34216
1.04666
2.17387
1.31198
2.36127
1.1351
2.20309
1.31229
2.39903
1.10468
2.23968
1.31402
2.38475
1.14314
2.15682
1.29201
2.33054
1.04601
2.17131
1.28969
2.31406
1.14171
2.13333
1.30093
2.25518
1.08458
2.04717
1.29097
2.17917
1.13391
2.07846
1.30042
2.10398
1.04003
1.86927
1.29971
1.91503
1.13973
1.76743
1.28835
1.82886
1.10807
1.7346
1.28678
1.83079
1.13765
1.79056
1.29313
1.83978
1.04014
1.79069
1.29747
1.86632
1.13814
1.78715
1.29122
1.88304
1.08112
1.78185
1.29196
1.87937
1.14097
1.84218
1.29564
1.95239
1.03875
1.83119
1.28456
1.89283
1.13491
1.86662
1.29796
1.94419
1.08333
1.87987
1.28863
1.98912
1.14069
1.84193
1.29758
1.91912
1.0336
1.78775
1.29738
1.87869
1.13638
1.75536
1.29755
1.84556
1.07556
1.67818
1.29395
1.80346
1.13388
1.74373
1.30557
1.92777
1.0342
1.74151
1.31599
1.85042
1.13576
1.72356
1.31814
1.81762
1.07642
1.71083
1.31898
1.79406
1.13702
1.67531
1.32777
1.78228
1.02526
1.68902
1.33411
1.77649
1.13736
1.62939
1.3438
1.75275
1.08259
1.58917
1.34371
1.6562
1.13476
1.57389
1.35963
1.67586
1.02691
1.60263
1.36563
1.71075
1.12552
1.59005
1.36793
1.64221
1.07653
1.5661
1.37619
1.62401
1.13131
1.53313
1.38578
1.61889
1.02631
1.52043
1.38988
1.5587
1.13161
1.47561
1.41466
1.5254
1.04947
1.45788
1.42346
1.51699
1.17481
1.50952
1.47219
1.58959
1.04789
1.55314
1.45449
1.62333
1.15401
1.5769
1.46497
1.63234
1.0447
1.58469
1.50101
1.65683
1.17137
1.64371
1.48675
1.75288
1.01894
1.76549
1.28304
1.9409
1.058
2.04174
1.31416
2.21068
1.09027
2.20088
1.50838
2.34179
1.05655
2.26437
1.29901
2.40199
1.02654
2.31905
1.312
2.40655
1.05376
2.274
1.30595
2.36639
1.09159
2.26371
1.33945
2.37606
1.05789
2.31398
1.34187
2.35911
1.02378
2.23187
1.34197
2.28738
1.05006
2.17341
1.3449
2.23914
1.09285
2.10639
1.34392
2.14581
1.05323
2.0563
1.36177
2.09651
1.03283
1.94698
1.38845
1.94722
1.04265
1.86549
1.38073
1.91293
1.09154
1.82363
1.38668
1.93259
1.05215
1.83353
1.38413
1.92948
1.02733
1.86682
1.39415
1.95066
1.05361
1.90418
1.39756
2.06479
1.09405
1.95229
1.38723
2.10833
1.04089
2.17249
1.40536
2.38323
1.04395
2.28407
1.40111
2.40695
1.0594
2.31529
1.37757
2.40936
1.09678
2.31458
1.38647
2.35527
1.0657
2.27194
1.38445
2.32362
1.08572
2.24079
1.39008
2.3179
1.035
2.25761
1.40483
2.32357
1.11117
2.27133
1.37762
2.3428
1.08481
2.3263
1.40401
2.39342
1.08067
2.35394
1.36582
2.42805
1.03297
2.39986
1.36443
2.50224
1.14078
2.48623
1.3869
2.59267
1.03599
2.63137
1.37449
2.76612
1.10089
2.78061
1.38284
2.90886
1.04793
2.8926
1.35827
3.04984
1.11233
2.94319
1.34255
3.13566
1.06227
3.13917
1.37232
3.29251
1.09716
3.26394
1.37518
3.42268
1.08332
3.368
1.32535
3.50041
1.15014
3.4507
1.32002
3.56037
1.10588
3.51035
1.32491
3.60507
1.1002
3.51774
1.32102
3.62597
1.09535
3.54472
1.32652
3.63555
1.1237
3.50095
1.33324
3.59595
1.06182
3.55886
1.38205
3.65064
1.09503
3.56653
1.3329
3.6587
1.08802
3.55682
1.3266
3.64921
1.14082
3.56444
1.33561
3.63055
1.05104
3.53265
1.37247
3.61968
1.10318
3.44975
1.36236
3.53439
1.04446
3.40414
1.37633
3.43147
1.1174
3.23667
1.35132
3.30544
1.06729
3.20485
1.38483
3.23408
1.08105
3.10723
1.37661
3.12893
1.04077
2.95699
1.35987
3.03608
1.14525
2.87032
1.36188
2.93066
1.04219
2.77782
1.38145
2.88237
1.07941
2.72892
1.38952
2.86161
1.04628
2.64147
1.39944
2.71082
1.10087
2.4975
1.3745
2.5291
1.05441
2.38918
1.3998
2.46397
1.04562
2.29679
1.40264
2.35174
1.04207
2.20482
1.40392
2.26283
1.10781
2.10669
1.39742
2.20715
1.04789
2.13634
1.40266
2.24353
1.04483
2.1395
1.40322
2.27476
1.04694
2.1804
1.43717
2.40527
1.10957
2.19909
1.38501
2.3875
1.04661
2.35777
1.40824
2.5426
1.07386
2.46882
1.42611
2.61248
1.07607
2.44617
1.41279
2.6348
1.10447
2.53849
1.45158
2.65895
1.06775
2.56049
1.46144
2.64418
1.0553
2.47816
1.41278
2.60493
1.04745
2.48446
1.4167
2.63329
1.08823
2.39854
1.42527
2.54519
1.08675
2.46672
1.44494
2.62077
1.08266
2.41319
1.43651
2.44964
1.07764
2.30079
1.4441
2.39126
1.10516
2.26058
1.4378
2.27787
1.07244
2.12922
1.43652
2.15763
1.04911
2.01305
1.42092
2.0271
1.05106
1.87934
1.42632
1.85267
1.10241
1.7472
1.39909
1.76379
1.02525
1.70923
1.41254
1.75041
1.053
1.69148
1.40039
1.75025
1.06842
1.71595
1.41566
1.78009
1.1098
1.72268
1.4182
1.79705
1.07305
1.75528
1.41618
1.83324
1.06344
1.80543
1.40686
1.87173
1.04915
1.84374
1.39838
1.92422
1.10578
1.92576
1.36274
2.02798
1.03383
2.02149
1.38569
2.14165
1.06297
2.08061
1.38049
2.23303
1.03978
2.25021
1.36731
2.43084
1.09956
2.42678
1.37403
2.60103
1.05957
2.57535
1.37499
2.75163
1.05149
2.74413
1.37876
2.90478
1.06773
2.8979
1.36325
3.05825
1.10721
2.93819
1.34777
3.07544
1.04778
3.05428
1.34316
3.19245
1.06593
3.10994
1.32795
3.25618
1.06372
3.15799
1.31905
3.27796
1.10998
3.17121
1.30881
3.28627
1.06225
3.16841
1.31409
3.25307
1.06604
3.1114
1.30302
3.18731
1.06187
3.06052
1.31297
3.11244
1.10571
2.91733
1.29452
2.97787
1.04379
2.92533
1.31068
3.04444
1.06493
2.93464
1.29675
3.03065
1.07937
2.92435
1.2848
3.01102
1.09809
2.9263
1.27898
3.01375
1.05969
2.9343
1.28013
3.02668
1.08465
2.94811
1.25691
3.03985
1.05892
2.96171
1.25111
3.02693
1.10453
2.87777
1.24322
2.96344
1.03969
2.90204
1.25084
2.99454
1.08261
2.88689
1.2612
2.96164
1.0494
2.88816
1.25222
2.96954
1.10434
2.86424
1.23772
2.942
1.0523
2.84827
1.23592
2.93089
1.06969
2.82104
1.21624
2.89207
1.05506
2.81985
1.22651
2.89191
1.09523
2.77009
1.22765
2.86172
1.05882
2.79939
1.22309
2.88359
1.07844
2.7846
1.21119
2.92056
1.04975
2.7619
1.20496
2.82565
1.09812
2.70519
1.2203
2.76231
1.04733
2.66431
1.21067
2.70728
1.0646
2.59933
1.20401
2.67896
1.03927
2.56122
1.19615
2.63345
1.09086
2.48743
1.20474
2.52494
1.03555
2.44888
1.21797
2.5245
1.05312
2.43177
1.18107
2.52098
1.04183
2.50486
1.20441
2.49485
1.09172
2.41773
1.20049
2.48689
1.04819
2.40129
1.19645
2.4604
1.0628
2.37108
1.18868
2.4516
1.04285
2.34126
1.18862
2.44091
1.09084
2.32253
1.19531
2.397
1.05306
2.33673
1.18862
2.40447
1.05333
2.31845
1.19016
2.37541
1.04335
2.27564
1.19263
2.31722
1.10423
2.21735
1.18857
2.26297
1.04365
2.19931
1.18586
2.24918
1.05513
2.23
1.20601
2.33307
1.0325
2.22286
1.18437
2.30461
1.09103
2.2166
1.17388
2.29112
1.03403
2.28825
1.17973
2.38695
1.05731
2.36389
1.17735
2.43193
1.05068
2.36655
1.18943
2.45304
1.09161
2.37672
1.17711
2.44885
1.0446
2.37634
1.17025
2.47896
1.05158
2.39129
1.17678
2.47094
1.03445
2.42009
1.18233
2.50023
1.0844
2.40177
1.15622
2.4939
1.03451
2.45306
1.15714
2.54197
1.06564
2.48111
1.14895
2.55927
1.02219
2.50124
1.16482
2.59362
1.10043
2.51308
1.1493
2.59776
1.04542
2.54176
1.17464
2.59702
1.05385
2.48505
1.1584
2.55806
1.02837
2.45898
1.15497
2.51673
1.07499
2.39038
1.18618
2.38155
1.01717
2.33419
1.16073
2.34592
1.05595
2.21366
1.16814
2.25415
1.02013
2.14551
1.16895
2.17518
1.09384
2.06789
1.16027
2.10155
1.02644
2.03663
1.15982
2.06334
1.05414
2.0158
1.16604
2.03368
1.0148
1.97864
1.17144
2.02579
1.08291
1.96214
1.16413
2.01164
1.03319
1.96293
1.19418
2.01923
1.05074
1.97298
1.16596
2.02988
1.04675
1.99057
1.16996
2.03805
1.09889
1.98985
1.17236
2.06916
1.01644
2.02871
1.16984
2.10737
1.05121
2.05571
1.17487
2.13389
1.02849
2.11019
1.20396
2.18142
1.07887
2.14432
1.17415
2.18938
1.02022
2.16667
1.17517
2.2489
1.05332
2.19451
1.17798
2.28852
1.02254
2.24625
1.19983
2.3211
1.11168
2.26073
1.16972
2.33808
1.0251
2.26723
1.16797
2.35905
1.05449
2.30722
1.16516
2.40463
1.02535
2.34265
1.16807
2.40747
1.09389
2.33094
1.18381
2.32705
1.0439
2.25969
1.18702
2.29468
1.04276
2.20403
1.17255
2.24679
1.02298
2.19871
1.1899
2.28474
1.14051
2.26224
1.17989
2.35639
1.06585
2.30965
1.15515
2.41892
1.06539
2.36715
1.17023
2.46111
1.02564
2.38729
1.16985
2.49368
1.08962
2.41189
1.15655
2.50176
1.02141
2.44254
1.16761
2.53458
1.05528
2.45835
1.17164
2.5216
1.02945
2.44964
1.16502
2.55438
1.10939
2.53397
1.1647
2.57229
1.02805
2.50151
1.18507
2.58106
1.06408
2.47596
1.169
2.5742
1.0305
2.50546
1.15902
2.6334
1.08915
2.52659
1.1568
2.65436
1.04541
2.62389
1.1775
2.73738
1.06453
2.62638
1.19169
2.7399
1.05138
2.67083
1.16937
2.80221
1.09731
2.70142
1.17255
2.78182
1.04051
2.75641
1.19318
2.80708
1.07533
2.70886
1.17406
2.82051
1.05198
2.69679
1.17048
2.74389
1.08897
2.58077
1.1839
2.66194
1.02238
2.59998
1.20783
2.69055
1.08129
2.5594
1.17967
2.63761
1.04579
2.5474
1.22099
2.56513
1.116
2.42145
1.18621
2.4846
1.052
2.38164
1.15229
2.43679
1.14248
2.33018
1.16329
2.38498
1.03459
2.26724
1.1629
2.35924
1.14371
2.2157
1.2071
2.32479
1.02739
2.27547
1.22332
2.35474
1.15892
2.27144
1.17736
2.36332
1.04604
2.2844
1.18395
2.38256
1.18218
2.29993
1.18823
2.41576
1.06017
2.33725
1.18991
2.45202
1.15964
2.39452
1.19631
2.49377
1.05073
2.4241
1.20333
2.5223
1.15617
2.39208
1.23455
2.49699
1.06417
2.46352
1.25593
2.5839
1.16883
2.44025
1.18961
2.56474
1.05287
2.48144
1.1979
2.5589
1.1854
2.46509
1.20876
2.58832
1.05757
2.47733
1.18559
2.60836
1.16178
2.53819
1.19161
2.66944
1.0612
2.58327
1.20136
2.74868
1.16062
2.62092
1.24659
2.72475
1.07011
2.66198
1.26078
2.74583
1.16957
2.637
1.19278
2.65362
1.06252
2.5763
1.22822
2.66166
1.19022
2.54867
1.2148
2.69989
1.04667
2.57159
1.20642
2.70851
1.16289
2.57507
1.20977
2.68098
1.04542
2.58248
1.21872
2.68544
1.16026
2.55959
1.26835
2.62678
1.06725
2.54805
1.26292
2.61691
1.16007
2.51122
1.21696
2.60099
1.0596
2.47395
1.21868
2.59431
1.19127
2.47959
1.21846
2.554
1.04358
2.47802
1.21197
2.53561
1.17345
2.43449
1.21285
2.49214
1.06239
2.3981
1.20768
2.48919
1.16062
2.32898
1.26086
2.41106
1.06538
2.38411
1.2781
2.4924
1.14807
2.41928
1.25065
2.49339
1.03612
2.34536
1.23798
2.45176
1.17424
2.36047
1.22408
2.46904
1.0386
2.37046
1.23388
2.4666
1.16686
2.37664
1.215
2.48076
1.03775
2.39835
1.2155
2.50093
1.15803
2.3412
1.28531
2.41418
1.06015
2.34822
1.28115
2.47194
1.08398
2.31228
1.28196
2.37755
1.09995
2.28781
1.26089
2.36657
1.11288
2.28404
1.26521
2.38339
1.08554
2.26789
1.25711
2.35874
1.08879
2.33313
1.24593
2.40226
1.07278
2.32117
1.24739
2.41573
1.16764
2.2797
1.25486
2.3686
1.06058
2.33845
1.27261
2.44098
1.15444
2.33478
1.19705
2.41971
1.04839
2.32101
1.20558
2.38874
1.19223
2.28248
1.21104
2.35235
1.03121
2.26452
1.20439
2.29434
1.16133
2.22421
1.20175
2.26364
1.05866
2.19371
1.19161
2.23856
1.15271
2.17052
1.22343
2.20092
1.05026
2.15767
1.22242
2.19804
1.17301
2.19284
1.18348
2.21207
1.05956
2.1615
1.17791
2.19788
1.19641
2.13191
1.19127
2.17988
1.0401
2.1423
1.18957
2.22247
1.15739
2.15776
1.16648
2.22306
1.03789
2.16228
1.17352
2.22276
1.14363
2.14182
1.19394
2.1867
1.06337
2.18056
1.21551
2.22532
1.06193
2.1377
1.20485
2.19653
1.02563
2.14237
1.18563
2.19136
1.16577
2.10857
1.16071
2.15265
1.01906
2.06877
1.16531
2.11047
1.14639
2.01738
1.15998
2.08659
1.03122
1.99395
1.15585
2.06722
1.08097
1.94458
1.19083
2.04836
1.05086
1.98506
1.19555
2.04467
1.06644
1.92225
1.18539
1.95378
1.06613
1.86256
1.14945
1.92286
1.15938
1.86096
1.13789
1.89298
1.04018
1.87194
1.16442
1.90357
1.05201
1.88381
1.20743
1.91499
1.0615
1.85913
1.20747
1.92036
1.13902
1.8535
1.19791
1.90632
1.06887
1.89127
1.2353
1.97338
1.1281
1.95817
1.18864
2.03559
1.04059
2.00695
1.15755
2.13517
1.11772
2.04433
1.20536
2.13176
1.05503
2.09134
1.21253
2.1762
1.07988
2.14092
1.20686
2.2143
1.07145
2.15674
1.21255
2.21899
1.0834
2.11776
1.22637
2.21688
1.07178
2.19102
1.21989
2.25059
1.14728
2.20581
1.17191
2.27394
1.02876
2.21086
1.16903
2.29484
1.18749
2.23795
1.20553
2.31864
1.02732
2.25283
1.17626
2.33998
1.14153
2.29592
1.18774
2.3778
1.03224
2.29619
1.1863
2.38207
1.15727
2.23205
1.21471
2.30831
1.04478
2.26406
1.24235
2.34866
1.15821
2.26982
1.20678
2.33826
1.05829
2.23894
1.2145
2.35842
1.19968
2.22989
1.19796
2.31393
1.04486
2.20887
1.21136
2.29723
1.15498
2.22824
1.2412
2.33512
1.05569
2.24395
1.21415
2.33452
1.15848
2.22735
1.26021
2.35533
1.02522
2.313
1.26966
2.43535
1.17185
2.34636
1.23748
2.44546
1.05273
2.3688
1.24141
2.46151
1.21461
2.40709
1.24745
2.48619
1.05588
2.36954
1.24897
2.45209
1.15822
2.35567
1.25781
2.43093
1.05373
2.28453
1.25996
2.39335
1.14581
2.2078
1.29172
2.30798
1.02619
2.26626
1.29203
2.35137
1.1588
2.25077
1.27963
2.41287
1.03084
2.28285
1.28616
2.40011
1.16701
2.3181
1.28547
2.4429
1.06239
2.37563
1.2876
2.51833
1.14822
2.42834
1.31349
2.5378
1.05041
2.45733
1.30528
2.55885
1.15709
2.40306
1.29439
2.52663
1.0315
2.41842
1.30206
2.34038
1.13598
2.37688
1.31669
2.31448
1.03031
2.34164
1.31793
2.30319
1.17021
2.36143
1.30405
2.3291
1.07253
2.42244
1.3001
2.40764
1.18084
2.52174
1.29717
2.50958
1.07656
2.58874
1.29976
2.58154
1.17342
2.59496
1.27505
2.71539
1.09614
2.65923
1.30461
2.58567
1.16143
2.66766
1.34924
2.59746
1.04768
2.67693
1.34715
2.63175
1.18408
2.73646
1.34549
2.65411
1.05561
2.74869
1.33717
2.28196
1.15066
2.80397
1.3474
2.34808
1.04413
2.85818
1.35864
2.37819
1.17789
2.81855
1.29818
2.95611
1.09575
2.52017
1.1673
2.42913
1.09749
2.9371
1.3529
2.44626
1.04033
2.94831
1.34644
2.44202
1.13831
3.00319
1.33904
2.4449
1.03538
2.99046
1.34999
2.40063
1.0909
2.96773
1.35572
2.92979
1.03749
3.008
1.35191
2.90861
1.15828
2.92999
1.31037
3.05417
1.03177
2.99014
1.35114
2.93761
1.09627
2.98509
1.34383
2.90998
1.03719
2.94585
1.35271
2.88193
1.1369
2.9043
1.35697
2.8097
1.03822
2.83017
1.3715
2.72219
1.09821
2.79115
1.37962
2.65403
1.02809
2.63391
1.3781
2.54482
1.14762
2.4951
1.31407
2.56569
1.02883
2.46051
1.35328
2.37231
1.09969
2.40823
1.35508
2.31424
1.03943
2.36246
1.37438
2.30699
1.14374
2.33939
1.367
2.28165
1.03202
2.33163
1.36268
2.2874
1.09043
2.33154
1.35562
2.23116
1.03351
2.27897
1.36041
2.21906
1.16389
2.27099
1.38135
2.39657
1.03055
2.33413
1.37176
2.26236
1.10445
2.36919
1.40142
2.33754
1.03137
2.37388
1.38042
2.29619
1.13705
2.37009
1.39357
2.32951
1.03765
2.39613
1.37126
2.34802
1.10127
2.40219
1.37032
2.34969
1.05284
2.44145
1.35765
2.40146
1.14573
2.43845
1.38377
2.55087
1.04192
2.51222
1.39324
2.48987
1.10955
2.50352
1.39372
2.42035
1.05145
2.50132
1.38797
2.45027
1.14527
2.51399
1.39116
2.42765
1.0642
2.53278
1.38728
2.399
1.10202
2.49697
1.40987
2.40367
1.04905
2.46125
1.4134
2.38487
1.16082
2.3853
1.42836
2.48957
1.04289
2.43451
1.45537
2.34203
1.1096
2.38212
1.43366
2.33332
1.0489
2.36599
1.4257
2.30079
1.14768
2.37067
1.45906
2.2462
1.07762
2.31236
1.44919
2.22453
1.11542
2.3142
1.43593
2.25443
1.04313
2.33172
1.47878
2.29907
1.15748
2.30499
1.43702
2.43651
1.04153
2.39825
1.44876
2.27324
1.11386
2.41004
1.46893
2.27811
1.09483
2.30826
1.45648
2.25528
1.15029
2.29734
1.46146
2.1987
1.09739
2.3231
1.46173
1.81326
1.09248
2.36517
1.44174
1.83257
1.05707
2.43629
1.44637
1.88111
1.16271
2.40224
1.39837
2.59454
1.14928
1.97175
1.18852
1.94041
1.0934
2.56708
1.46041
1.95729
1.058
2.56886
1.46402
1.97035
1.14386
2.58526
1.4663
2.52118
1.03723
2.60237
1.46594
2.49881
1.09777
2.57016
1.46881
2.49022
1.03415
2.58992
1.46987
2.54209
1.15352
