0.09
0.25
0.38
0.50
0.63
0.76
0.88
1.01
1.14
1.27
1.40
1.52
1.65
1.78
1.91
2.03
2.16
2.29
2.42
2.54
2.67
2.80
2.93
3.06
3.18
3.31
3.44
3.57
3.69
3.82
3.95
4.07
4.20
4.33
4.46
4.58
4.71
4.84
4.97
5.10
5.22
5.35
5.48
5.60
5.73
5.86
5.98
6.11
6.23
6.36
6.48
6.61
6.74
6.86
6.99
7.11
7.24
7.36
7.49
7.62
7.74
7.87
7.99
8.12
8.24
8.37
8.50
8.62
8.75
8.87
8.99
9.12
9.24
9.37
9.50
9.62
9.75
9.87
10.00
10.13
10.25
10.38
10.50
10.63
10.75
10.87
11.00
11.12
11.25
11.38
11.50
11.63
11.76
11.88
12.01
12.13
12.26
12.38
12.51
12.64
12.76
12.89
13.01
13.14
13.27
13.39
13.52
13.64
13.77
13.90
14.02
14.04
14.17
14.19
14.31
14.33
14.45
14.47
14.48
14.48
14.61
14.63
14.63
14.63
14.76
14.78
14.78
14.79
14.91
14.93
14.94
14.94
15.06
15.08
15.09
15.09
15.22
15.24
15.36
15.38
15.51
15.53
15.66
15.68
15.68
15.81
15.83
15.83
15.83
15.96
15.98
15.98
15.99
16.11
16.13
16.14
16.14
16.26
16.28
16.29
16.29
16.42
16.44
16.44
16.45
16.57
16.59
16.60
16.60
16.73
16.75
16.75
16.76
16.88
16.90
16.91
16.91
17.04
17.06
17.06
17.07
17.19
17.21
17.22
17.22
17.35
17.37
17.37
17.38
17.50
17.52
17.53
17.53
17.66
17.68
17.68
17.69
17.81
17.83
17.84
17.84
17.97
17.99
17.99
18.00
18.12
18.14
18.15
18.15
18.28
18.30
18.31
18.31
18.44
18.46
18.46
18.47
18.59
18.61
18.62
18.62
18.75
18.77
18.78
18.79
18.91
18.93
18.94
18.94
19.07
19.09
19.10
19.11
19.23
19.25
19.26
19.27
19.40
19.42
19.42
19.43
19.56
19.58
19.58
19.59
19.72
19.74
19.74
19.75
19.89
19.91
19.92
19.92
20.05
20.07
20.08
20.08
20.21
20.23
20.23
20.24
20.24
20.25
20.37
20.39
20.40
20.40
20.41
20.41
20.44
20.45
20.57
20.59
20.60
20.60
20.61
20.61
20.62
20.62
20.75
20.77
20.77
20.78
20.79
20.79
20.80
20.92
20.94
20.95
20.95
20.96
20.96
20.97
20.98
21.10
21.12
21.13
21.13
21.14
21.14
21.15
21.15
21.28
21.30
21.31
21.31
21.32
21.32
21.33
21.33
21.46
21.48
21.48
21.49
21.50
21.50
21.51
21.51
21.64
21.66
21.66
21.67
21.68
21.68
21.69
21.69
21.82
21.84
21.84
21.85
21.86
21.86
21.87
21.87
22.00
22.02
22.02
22.03
22.04
22.04
22.05
22.05
22.18
22.20
22.21
22.21
22.22
22.22
22.23
22.23
22.36
22.38
22.39
22.39
22.40
22.40
22.41
22.42
22.54
22.56
22.57
22.57
22.58
22.59
22.59
22.60
22.73
22.75
22.75
22.76
22.77
22.77
22.78
22.78
22.91
22.93
22.94
22.94
22.95
22.96
22.96
22.97
23.10
23.12
23.12
23.13
23.14
23.14
23.15
23.15
23.28
23.30
23.31
23.31
23.32
23.33
23.33
23.34
23.46
23.48
23.49
23.49
23.51
23.51
23.52
23.52
23.65
23.67
23.67
23.68
23.69
23.70
23.72
23.72
23.85
23.87
23.88
23.88
23.89
23.90
23.92
23.93
24.05
24.07
24.08
24.09
24.10
24.10
24.12
24.13
24.25
24.28
24.28
24.29
24.31
24.32
24.33
24.33
24.46
24.48
24.48
24.49
24.52
24.52
24.53
24.53
24.66
24.68
24.69
24.69
24.72
24.72
24.73
24.73
24.86
24.88
24.89
24.89
24.92
24.93
24.93
24.94
25.07
25.09
25.09
25.10
25.13
25.13
25.14
25.14
25.28
25.30
25.31
25.31
25.34
25.34
25.35
25.36
25.49
25.51
25.52
25.52
25.55
25.55
25.56
25.57
25.70
25.72
25.73
25.74
25.76
25.77
25.78
25.78
25.92
25.94
25.94
25.95
25.98
25.98
25.99
26.00
26.13
26.16
26.16
26.17
26.20
26.20
26.21
26.22
26.36
26.38
26.39
26.39
26.42
26.43
26.43
26.44
26.58
26.60
26.61
26.61
26.64
26.65
26.66
26.66
26.80
26.82
26.83
26.83
26.86
26.87
26.87
26.88
27.02
27.04
27.05
27.06
27.09
27.09
27.10
27.10
27.24
27.27
27.27
27.28
27.31
27.32
27.32
27.33
27.47
27.49
27.50
27.51
27.54
27.54
27.55
27.56
27.70
27.72
27.73
27.74
27.77
27.77
27.78
27.79
27.93
27.96
27.96
27.97
28.00
28.00
28.01
28.02
28.18
28.20
28.21
28.22
28.25
28.25
28.26
28.27
28.41
28.43
28.44
28.45
28.48
28.48
28.49
28.50
28.64
28.66
28.67
28.68
28.71
28.71
28.72
28.73
28.88
28.91
28.92
28.92
28.96
28.96
28.97
28.98
29.13
29.16
29.17
29.17
29.20
29.21
29.22
29.22
29.37
29.39
29.40
29.41
29.44
29.45
29.46
29.48
29.62
29.64
29.65
29.66
29.69
29.70
29.71
29.73
29.87
29.92
29.93
29.93
29.96
29.97
30.00
30.00
30.15
30.18
30.18
30.21
30.24
30.25
30.28
30.29
30.43
30.46
30.47
30.49
30.53
30.53
30.56
30.57
30.71
30.74
30.75
30.77
30.81
30.81
30.85
30.85
31.01
31.03
31.06
31.07
31.10
31.11
31.14
31.15
31.30
31.32
31.35
31.36
31.40
31.40
31.41
31.44
31.44
31.45
31.60
31.63
31.63
31.64
31.67
31.67
31.68
31.68
31.72
31.72
31.73
31.76
31.77
31.92
31.94
31.97
31.98
32.02
32.02
32.05
32.06
32.20
32.23
32.26
32.27
32.30
32.31
32.34
32.35
32.49
32.52
32.52
32.55
32.56
32.57
32.57
32.61
32.61
32.65
32.65
32.66
32.80
32.83
32.83
32.87
32.87
32.91
32.92
32.95
32.96
33.10
33.13
33.13
33.17
33.17
33.21
33.22
33.22
33.25
33.26
33.27
33.27
33.42
33.45
33.46
33.46
33.49
33.50
33.51
33.51
33.55
33.55
33.56
33.57
33.60
33.60
33.61
33.62
33.77
33.79
33.80
33.81
33.84
33.84
33.85
33.85
33.89
33.90
33.91
33.91
33.94
33.95
33.96
33.96
34.12
34.14
34.15
34.16
34.19
34.19
34.20
34.21
34.25
34.25
34.26
34.26
34.30
34.30
34.31
34.32
34.47
34.50
34.51
34.51
34.55
34.55
34.56
34.56
34.60
34.61
34.62
34.62
34.65
34.66
34.67
34.67
34.83
34.85
34.86
34.87
34.90
34.91
34.95
34.95
34.99
35.00
35.15
35.18
35.22
35.23
35.27
35.28
35.31
35.31
35.32
35.33
35.49
35.51
35.52
35.53
35.56
35.56
35.57
35.58
35.62
35.62
35.63
35.64
35.67
35.67
35.68
35.69
35.84
35.87
35.88
35.88
35.92
35.92
35.93
35.93
35.97
35.98
35.99
36.00
36.03
36.03
36.04
36.05
36.20
36.22
36.23
36.23
36.27
36.27
36.28
36.29
36.33
36.34
36.34
36.35
36.38
36.39
36.40
36.40
36.55
36.58
36.58
36.59
36.62
36.63
36.64
36.64
36.68
36.69
36.70
36.70
36.74
36.74
36.75
36.75
36.91
36.94
36.95
36.95
36.99
36.99
37.00
37.01
37.05
37.05
37.06
37.07
37.10
37.11
37.12
37.12
37.27
37.29
37.30
37.31
37.34
37.35
37.36
37.36
37.40
37.41
37.42
37.42
37.46
37.46
37.47
37.47
37.62
37.65
37.66
37.66
37.70
37.71
37.71
37.72
37.76
37.77
37.78
37.78
37.82
37.82
37.83
37.84
37.99
38.01
38.02
38.03
38.06
38.06
38.07
38.08
38.12
38.13
38.13
38.14
38.17
38.18
38.19
38.19
38.34
38.36
38.37
38.38
38.41
38.42
38.43
38.43
38.48
38.48
38.51
38.52
38.55
38.56
38.56
38.57
38.72
38.74
38.75
38.76
38.79
38.80
38.81
38.81
38.86
38.86
38.87
38.88
38.91
38.92
38.92
38.93
39.08
39.10
39.11
39.12
39.15
39.16
39.17
39.17
39.22
39.22
39.23
39.24
39.27
39.28
39.29
39.29
39.44
39.47
39.48
39.48
39.52
39.52
39.53
39.54
39.58
39.59
39.59
39.60
39.64
39.64
39.65
39.66
39.80
39.83
39.83
39.84
39.88
39.88
39.89
39.93
39.94
39.95
39.95
39.99
40.00
40.15
40.18
40.21
40.22
40.23
40.27
40.28
40.28
40.29
40.33
40.33
40.34
40.34
40.50
40.53
40.54
40.54
40.58
40.59
40.59
40.60
40.64
40.65
40.66
40.66
40.70
40.71
40.71
40.72
40.87
40.90
40.91
40.91
40.95
40.96
40.97
40.97
41.02
41.02
41.03
41.04
41.07
41.08
41.09
41.10
41.25
41.27
41.28
41.29
41.32
41.33
41.34
41.34
41.39
41.40
41.41
41.41
41.45
41.45
41.46
41.47
41.62
41.65
41.65
41.66
41.70
41.70
41.71
41.72
41.76
41.77
41.78
41.78
41.82
41.83
41.84
41.84
41.99
42.02
42.03
42.03
42.07
42.08
42.08
42.09
42.13
42.14
42.15
42.15
42.19
42.20
42.21
42.21
42.37
42.39
42.40
42.41
42.45
42.45
42.46
42.47
42.51
42.52
42.53
42.53
42.57
42.58
42.59
42.59
42.75
42.77
42.78
42.79
42.83
42.83
42.84
42.85
42.90
42.90
42.91
42.92
42.96
42.96
42.97
42.98
43.13
43.16
43.17
43.17
43.21
43.22
43.23
43.23
43.28
43.28
43.29
43.30
43.34
43.34
43.35
43.36
43.52
43.55
43.56
43.56
43.60
43.61
43.62
43.62
43.67
43.67
43.68
43.69
43.73
43.73
43.74
43.75
43.91
43.94
43.95
43.95
43.99
44.00
44.01
44.01
44.06
44.07
44.08
44.08
44.12
44.13
44.14
44.14
44.30
44.33
44.34
44.35
44.38
44.39
44.40
44.40
44.45
44.46
44.47
44.47
44.51
44.52
44.53
44.53
44.69
44.72
44.73
44.73
44.77
44.78
44.79
44.79
44.84
44.85
44.86
44.86
44.90
44.91
44.92
44.92
45.08
45.10
45.11
45.12
45.16
45.16
45.17
45.18
45.23
45.24
45.27
45.29
45.29
45.45
45.48
45.52
45.53
45.54
45.56
45.61
45.62
45.63
45.63
45.67
45.68
45.69
45.69
45.86
45.89
45.90
45.90
45.94
45.95
45.96
45.96
46.01
46.02
46.03
46.03
46.07
46.07
46.08
46.09
46.25
46.27
46.28
46.29
46.33
46.33
46.34
46.35
46.40
46.40
46.41
46.42
46.46
46.46
46.47
46.48
46.64
46.67
46.68
46.68
46.72
46.73
46.74
46.74
46.79
46.80
46.81
46.81
46.85
46.86
46.87
47.03
47.06
47.10
47.11
47.16
47.17
47.18
47.18
47.22
47.23
47.24
47.40
47.43
47.44
47.44
47.48
47.49
47.50
47.50
47.55
47.56
47.57
47.58
47.62
47.62
47.63
47.64
47.81
47.83
47.84
47.85
47.89
47.90
47.91
47.92
47.97
47.97
47.99
47.99
48.03
48.04
48.05
48.06
48.22
48.25
48.26
48.26
48.30
48.31
48.32
48.33
48.38
48.38
48.39
48.40
48.44
48.45
48.46
48.47
48.63
48.66
48.67
48.68
48.72
48.73
48.74
48.75
48.80
48.81
48.82
48.83
48.87
48.88
48.89
48.90
49.07
49.10
49.11
49.11
49.15
49.16
49.17
49.18
49.23
49.24
49.25
49.25
49.30
49.30
49.31
49.32
49.48
49.51
49.52
49.53
49.57
49.58
49.59
49.59
49.65
49.65
49.67
49.67
49.71
49.72
49.73
49.74
49.91
49.94
49.95
49.96
50.00
50.00
50.02
50.02
50.07
50.07
50.09
50.09
50.13
50.14
50.15
50.16
50.33
50.36
50.38
50.38
50.42
50.43
50.44
50.49
50.50
50.51
50.52
50.56
50.57
50.58
50.59
50.76
50.79
50.80
50.81
50.85
50.86
50.87
50.87
50.93
50.94
50.95
50.95
51.00
51.00
51.02
51.02
51.20
51.23
51.24
51.25
51.29
51.30
51.31
51.32
51.37
51.38
51.39
51.40
51.45
51.45
51.47
51.47
51.47
