0000032768
0000032768
0000032768
0000032768
0000032768
0000032768
0000032768
0000032768
0000032768
0000032768
0000032768
0000032768
0000032768
0000032768
0000032768
0000032768
0000032768
0000032768
0000032768
0000032768
0000032768
0000032768
0000032768
0000032768
0000032768
0000032768
0000032768
0000032768
0000032768
0000032768
0000032768
0000032768
0000032768
0000032768
0000032768
0000032768
0000032768
0000032768
0000032768
0000032768
0000032768
0000032768
0000032768
0000032768
0000032768
0000032768
0000032768
0000032768
0000032768
0000032768
0000032768
0000032768
0000032768
0000032768
0000032768
0000032768
0000032768
0000032768
0000032768
0000032768
0000032768
0000032768
0000032768
0000032768
0000032768
0000032768
0000032768
0000032768
0000032768
0000032768
0000032768
0000032768
0000032768
0000032768
0000032768
0000032768
0000032768
0000032768
0000032768
0000032768
0000032768
0000032768
0000032768
0000032768
0000032768
0000032768
0000032768
0000032768
0000032768
0000032768
0000032768
0000032768
0000032768
0000032768
0000032768
0000032768
0000032768
0000032768
0000032768
0000032768
0000032768
0000032768
0000032768
0000032768
0000032768
0000032768
0000032768
0000032768
0000032768
0000032768
0000032768
0000000001
0000032768
0000000002
0000032768
0000000003
0000032768
0000000002
0000000004
0000000002
0000032768
0000000002
0000000004
0000000002
0000032768
0000000004
0000000004
0000000004
0000032768
0000000002
0000000004
0000000002
0000032768
0000000002
0000000004
0000000002
0000032768
0000000004
0000032768
0000000005
0000032768
0000000004
0000032768
0000000004
0000000002
0000032768
0000000002
0000000005
0000000002
0000032768
0000000002
0000000006
0000000002
0000032768
0000000003
0000000008
0000000004
0000032768
0000000002
0000000012
0000000001
0000032768
0000000004
0000000014
0000000004
0000032768
0000000005
0000000017
0000000006
0000032768
0000000006
0000000015
0000000006
0000032768
0000000009
0000000015
0000000010
0000032768
0000000008
0000000018
0000000008
0000032768
0000000007
0000000025
0000000006
0000032768
0000000005
0000000031
0000000005
0000032768
0000000006
0000000038
0000000006
0000032768
0000000009
0000000051
0000000016
0000032768
0000000016
0000000056
0000000014
0000032768
0000000020
0000000066
0000000024
0000032768
0000000028
0000000075
0000000025
0000032768
0000000031
0000000083
0000000036
0000032768
0000000038
0000000100
0000000038
0000032768
0000000027
0000000114
0000000029
0000032768
0000000031
0000000132
0000000037
0000032768
0000000035
0000000156
0000000033
0000032768
0000000045
0000000176
0000000054
0000032768
0000000059
0000000195
0000000055
0000032768
0000000055
0000000213
0000000066
0000032768
0000000067
0000000237
0000000064
0000032768
0000000074
0000000277
0000000077
0000032768
0000000085
0000000316
0000000086
0000032768
0000000086
0000000349
0000000098
0000032768
0000000102
0000000390
0000000001
0000000116
0000000003
0000032768
0000000005
0000000129
0000000006
0000000437
0000000006
0000000133
0000000005
0000032768
0000000006
0000000145
0000000005
0000000481
0000000003
0000000147
0000000001
0000032768
0000000144
0000000001
0000000544
0000000001
0000000160
0000000003
0000032768
0000000003
0000000171
0000000003
0000000598
0000000002
0000000189
0000000003
0000032768
0000000004
0000000197
0000000008
0000000664
0000000009
0000000206
0000000007
0000032768
0000000008
0000000211
0000000008
0000000718
0000000009
0000000223
0000000011
0000032768
0000000009
0000000233
0000000009
0000000776
0000000006
0000000229
0000000009
0000032768
0000000009
0000000241
0000000009
0000000851
0000000010
0000000244
0000000010
0000032768
0000000010
0000000268
0000000013
0000000948
0000000017
0000000277
0000000013
0000032768
0000000014
0000000279
0000000015
0000001043
0000000012
0000000301
0000000013
0000032768
0000000012
0000000313
0000000012
0000001141
0000000013
0000000351
0000000013
0000032768
0000000011
0000000383
0000000007
0000001239
0000000004
0000000379
0000000003
0000032768
0000000003
0000000389
0000000003
0000001372
0000000006
0000000414
0000000008
0000032768
0000000010
0000000434
0000000014
0000001498
0000000014
0000000436
0000000014
0000032768
0000000016
0000000426
0000000015
0000001602
0000000012
0000000438
0000000014
0000032768
0000000014
0000000462
0000000017
0000001724
0000000016
0000000502
0000000017
0000032768
0000000017
0000000520
0000000021
0000001863
0000000019
0000000551
0000000023
0000032768
0000000025
0000000579
0000000026
0000001991
0000000028
0000000598
0000000034
0000032768
0000000038
0000000625
0000000039
0000002102
0000000042
0000000641
0000000038
0000032768
0000000048
0000000670
0000000052
0000002244
0000000058
0000000709
0000000052
0000032768
0000000049
0000000743
0000000060
0000002396
0000000064
0000000768
0000000068
0000032768
0000000071
0000000796
0000000059
0000002585
0000000055
0000000809
0000000052
0000032768
0000000045
0000000841
0000000039
0000002774
0000000037
0000000854
0000000040
0000032768
0000000042
0000000869
0000000043
0000002962
0000000042
0000000875
0000000043
0000032768
0000000039
0000000901
0000000040
0000003166
0000000048
0000000931
0000000041
0000032768
0000000046
0000000952
0000000059
0000003353
0000000051
0000000966
0000000052
0000032768
0000000055
0000001040
0000000047
0000003526
0000000050
0000001089
0000000047
0000032768
0000000041
0000001152
0000000045
0000003731
0000000044
0000001208
0000000041
0000032768
0000000048
0000001222
0000000056
0000003932
0000000060
0000001252
0000000058
0000032768
0000000053
0000001288
0000000049
0000004145
0000000051
0000001319
0000000054
0000032768
0000000063
0000001333
0000000062
0000004375
0000000073
0000001342
0000000080
0000032768
0000000078
0000001355
0000000084
0000004584
0000000080
0000001405
0000000083
0000032768
0000000092
0000001466
0000000089
0000004825
0000000096
0000001526
0000000096
0000032768
0000000093
0000001601
0000000106
0000005038
0000000111
0000001651
0000000119
0000032768
0000000130
0000001682
0000000133
0000005247
0000000144
0000001751
0000000157
0000032768
0000000155
0000001816
0000000170
0000005485
0000000172
0000001879
0000000160
0000032768
0000000158
0000001908
0000000169
0000005717
0000000157
0000001938
0000000166
0000032768
0000000168
0000001975
0000000159
0000005949
0000000164
0000002061
0000000162
0000032768
0000000155
0000002119
0000000165
0000006182
0000000189
0000002135
0000000189
0000032768
0000000188
0000002156
0000000179
0000006367
0000000186
0000002193
0000000184
0000032768
0000000190
0000002240
0000000196
0000006558
0000000211
0000002255
0000000217
0000032768
0000000226
0000002308
0000000225
0000006779
0000000231
0000002326
0000000234
0000032768
0000000239
0000002411
0000000253
0000006997
0000000248
0000002504
0000000246
0000032768
0000000237
0000002594
0000000250
0000007213
0000000246
0000002627
0000000244
0000032768
0000000271
0000002680
0000000300
0000007425
0000000301
0000002712
0000000297
0000032768
0000000318
0000002797
0000000318
0000007631
0000000313
0000002861
0000000331
0000032768
0000000337
0000002928
0000000328
0000007890
0000000319
0000002976
0000000346
0000032768
0000000338
0000003016
0000000347
0000008138
0000000354
0000003046
0000000350
0000032768
0000000346
0000003091
0000000361
0000008376
0000000340
0000003172
0000000324
0000032768
0000000340
0000003232
0000000336
0000008625
0000000367
0000003268
0000000370
0000032768
0000000396
0000003368
0000000410
0000008857
0000000424
0000003414
0000000421
0000032768
0000000442
0000003483
0000000463
0000009077
0000000471
0000000002
0000003535
0000000501
0000000003
0000032768
0000000003
0000000526
0000000001
0000003595
0000000001
0000000537
0000000002
0000009300
0000000002
0000000550
0000003675
0000000557
0000032768
0000000574
0000003762
0000000582
0000009499
0000000593
0000003831
0000000590
0000032768
0000000592
0000003887
0000000601
0000009682
0000000600
0000003970
0000000617
0000032768
0000000651
0000000001
0000004020
0000000001
0000000663
0000000002
0000009907
0000000680
0000004083
0000000716
0000000001
0000032768
0000000001
0000000741
0000004128
0000000764
0000010135
0000000756
0000004148
0000000761
0000032768
0000000761
0000000001
0000004188
0000000761
0000010358
0000000800
0000000004
0000004243
0000000010
0000000819
0000000012
0000032768
0000000012
0000000830
0000000015
0000004317
0000000016
0000000856
0000000018
0000010540
0000000017
0000000851
0000000017
0000004377
0000000019
0000000857
0000000017
0000032768
0000000014
0000000876
0000000011
0000004420
0000000011
0000000870
0000000008
0000010733
0000000001
0000000872
0000000002
0000004459
0000000002
0000000883
0000000003
0000032768
0000000005
0000000908
0000000005
0000004547
0000000003
0000000916
0000000004
0000010964
0000000002
0000000917
0000000004
0000004621
0000000002
0000000947
0000000002
0000032768
0000000002
0000000966
0000000004
0000004675
0000000002
0000000981
0000000004
0000011170
0000000003
0000000987
0000000003
0000004646
0000000004
0000000998
0000000005
0000032768
0000000002
0000001000
0000000003
0000004732
0000000981
0000011343
0000000993
0000004765
0000000999
0000032768
0000001001
0000004833
0000000988
0000011537
0000000974
0000004897
0000000002
0000000975
0000000004
0000032768
0000000004
0000000987
0000000004
0000004991
0000000003
0000000957
0000000002
0000011726
0000000002
0000000952
0000000004
0000005036
0000000004
0000000955
0000000002
0000032768
0000000001
0000000979
0000000001
0000005125
0000000002
0000000966
0000000007
0000011899
0000000008
0000000941
0000000006
0000005181
0000000011
0000000944
0000000013
0000032768
0000000012
0000000942
0000000010
0000005301
0000000011
0000000944
0000000008
0000012108
0000000011
0000000960
0000000009
0000005287
0000000009
0000000962
0000000010
0000032768
0000000012
0000000964
0000000014
0000005343
0000000013
0000000972
0000000009
0000012261
0000000008
0000000981
0000000008
0000005327
0000000009
0000000982
0000000008
0000032768
0000000011
0000000991
0000000014
0000005361
0000000013
0000000999
0000000010
0000012405
0000000006
0000000988
0000000004
0000005411
0000000004
0000000988
0000000003
0000032768
0000000004
0000000996
0000000008
0000005488
0000000012
0000001000
0000000011
0000012565
0000000009
0000001002
0000000009
0000005518
0000000006
0000001003
0000000006
0000032768
0000000006
0000001027
0000000008
0000005592
0000000010
0000001011
0000000013
0000012667
0000000015
0000001012
0000000015
0000005622
0000000016
0000001018
0000000017
0000032768
0000000017
0000001013
0000000012
0000005712
0000000009
0000001005
0000000006
0000012805
0000000003
0000001014
0000000003
0000005740
0000000004
0000001043
0000000003
0000032768
0000000004
0000001037
0000000004
0000005806
0000000005
0000001041
0000000006
0000012973
0000000008
0000001067
0000000008
0000005873
0000000007
0000001086
0000000007
0000032768
0000000009
0000001120
0000000004
0000005916
0000000007
0000001154
0000000011
0000013121
0000000015
0000001184
0000000022
0000005978
0000000028
0000001225
0000000025
0000032768
0000000022
0000001252
0000000019
0000006002
0000000015
0000001274
0000000014
0000013261
0000000013
0000001276
0000000014
0000006038
0000000017
0000001305
0000000016
0000032768
0000000021
0000001306
0000000017
0000006093
0000000010
0000001303
0000000010
0000013370
0000000004
0000001316
0000000006
0000006171
0000000006
0000001341
0000000004
0000032768
0000000004
0000001359
0000000004
0000006227
0000000003
0000001375
0000013494
0000000001
0000001388
0000000001
0000006271
0000001398
0000032768
0000001433
0000006368
0000001433
0000000002
0000013615
0000000001
0000001448
0000000002
0000006396
0000000001
0000001442
0000000001
0000032768
0000000001
0000001458
0000000002
0000006480
0000000004
0000001474
0000000008
0000013721
0000000010
0000001484
0000000011
0000006502
0000000012
0000001470
0000000010
0000032768
0000000008
0000001462
0000000008
0000006575
0000000011
0000001481
0000000015
0000013821
0000000015
0000001508
0000000017
0000006609
0000000022
0000001509
0000000030
0000032768
0000000031
0000001500
0000000034
0000006667
0000000035
0000001520
0000000035
0000013899
0000000024
0000001540
0000000020
0000006680
0000000017
0000001578
0000000023
0000032768
0000000028
0000001581
0000000031
0000006717
0000000033
0000001580
0000000040
0000013964
0000000037
0000001596
0000000036
0000006801
0000000037
0000001596
0000000039
0000032768
0000000034
0000001612
0000000035
0000006852
0000000037
0000001591
0000000025
0000014035
0000000019
0000001621
0000000014
0000006890
0000000007
0000001661
0000000007
0000032768
0000000004
0000001663
0000000002
0000006939
0000000003
0000001671
0000000004
0000014097
0000000013
0000001655
0000000018
0000006947
0000000028
0000001639
0000000027
0000032768
0000000021
0000001659
0000000025
0000006992
0000000029
0000001695
0000000032
0000014165
0000000036
0000001697
0000000040
0000007046
0000000036
0000001668
0000000028
0000032768
0000000024
0000001685
0000000026
0000007087
0000000027
0000001702
0000000034
0000014186
0000000031
0000001661
0000000021
0000007137
0000000021
0000001672
0000000017
0000032768
0000000018
0000001695
0000000018
0000007258
0000000010
0000001693
0000000006
0000014281
0000000006
0000001688
0000000008
0000007280
0000000007
0000001690
0000000008
0000032768
0000000010
0000001669
0000000013
0000007293
0000000013
0000001640
0000000007
0000014320
0000000004
0000001637
0000000007
0000007307
0000000010
0000001612
0000000014
0000032768
0000000024
0000001596
0000000033
0000007336
0000000039
0000001572
0000000043
0000014377
0000000040
0000001571
0000000046
0000007321
0000000043
0000001567
0000000039
0000032768
0000000036
0000001565
0000000031
0000007305
0000000029
0000001577
0000000032
0000014384
0000000030
0000001588
0000000019
0000007314
0000000016
0000001555
0000000009
0000032768
0000000005
0000001564
0000000001
0000007325
0000000001
0000001536
0000000001
0000014417
0000001520
0000007360
0000001504
0000000001
0000032768
0000001507
0000007359
0000000001
0000001496
0000000002
0000014452
0000000004
0000001495
0000000010
0000007362
0000000009
0000001495
0000000007
0000032768
0000000006
0000001507
0000000002
0000007394
0000000003
0000001526
0000000004
0000014462
0000000004
0000001510
0000000001
0000007439
0000000002
0000001519
0000000002
0000032768
0000000004
0000001531
0000000007
0000007430
0000000011
0000001537
0000000015
0000014434
0000000026
0000001535
0000000030
0000007483
0000000028
0000001530
0000000029
0000032768
0000000033
0000001540
0000000030
0000007498
0000000029
0000001577
0000000019
0000014445
0000000016
0000001619
0000000008
0000007484
0000000006
0000001629
0000032768
0000001647
0000007521
0000001681
0000014393
0000000001
0000001675
0000000001
0000007481
0000001682
0000000001
0000032768
0000000001
0000001698
0000000002
0000007489
0000000003
0000001697
0000000010
0000014401
0000000018
0000001725
0000000018
0000007451
0000000027
0000001720
0000000035
0000032768
0000000041
0000001726
0000000047
0000007439
0000000058
0000001718
0000000058
0000014422
0000000060
0000001727
0000000066
0000007403
0000000068
0000001723
0000000072
0000032768
0000000082
0000001711
0000000093
0000007417
0000000100
0000001742
0000000121
0000014401
0000000143
0000001751
0000000158
0000007406
0000000174
0000001745
0000000192
0000032768
0000000204
0000001764
0000000204
0000007421
0000000195
0000001753
0000000197
0000014397
0000000195
0000001765
0000000188
0000007413
0000000173
0000001773
0000000155
0000032768
0000000138
0000001768
0000000118
0000007405
0000000098
0000001779
0000000077
0000014423
0000000062
0000001778
0000000053
0000007375
0000000050
0000001770
0000000047
0000032768
0000000045
0000001815
0000000039
0000007346
0000000033
0000001836
0000000025
0000014424
0000000020
0000001827
0000000014
0000007300
0000000012
0000001862
0000000010
0000032768
0000000011
0000001910
0000000018
0000007313
0000000018
0000001929
0000000018
0000014394
0000000018
0000001938
0000000020
0000007219
0000000014
0000001949
0000000004
0000032768
0000000002
0000001957
0000000002
0000007243
0000000001
0000001945
0000014361
0000000002
0000001950
0000000003
0000007200
0000000005
0000001964
0000000004
0000032768
0000000009
0000002003
0000000014
0000007190
0000000018
0000001981
0000000018
0000014362
0000000024
0000002002
0000000033
0000007157
0000000046
0000002022
0000000060
0000032768
0000000077
0000002034
0000000091
0000007150
0000000114
0000002051
0000000133
0000014334
0000000155
0000002052
0000000184
0000007123
0000000201
0000002059
0000000227
0000032768
