1.01904
1.01904
1.01807
1.01855
1.01855
1.01855
1.01855
1.01953
1.01953
1.01904
1.01904
1.01904
1.01904
1.01904
1.01904
1.01904
1.01904
1.01904
1.01904
1.01904
1.01904
1.01904
1.01904
1.01904
1.01904
1.01904
1.01904
1.01904
1.01904
1.01904
1.01904
1.01904
1.01904
1.01904
1.01904
1.02051
1.02002
1.02002
1.02002
1.02002
1.02051
1.02002
1.02002
1.02148
1.02002
1.02002
1.02002
1.01953
1.01953
1.01953
1.01953
1.02539
1.02148
1.02002
1.02002
1.02002
1.02002
1.021
1.02539
1.02539
1.02539
1.02637
1.02441
1.0249
1.0249
1.0249
1.0249
1.0376
1.02539
1.02539
1.02539
1.03857
1.03857
1.05078
1.05078
1.03906
1.03857
1.03857
1.03857
1.0498
1.03857
1.03857
1.03906
1.03857
1.03857
1.04346
1.04346
1.03857
1.04932
1.04932
1.04932
1.04932
1.04932
1.04932
1.04932
1.03809
1.04834
1.04834
1.04785
1.04785
1.04834
1.04834
1.04834
1.04834
1.04834
1.04834
1.04834
1.04883
1.04883
1.04883
1.0791
1.0791
1.0791
1.04297
1.04297
1.04297
1.04297
1.04297
1.04297
1.04297
1.04297
1.04297
1.04297
1.04297
1.04297
1.04297
1.04297
1.04297
1.04297
1.04297
1.04297
1.04297
1.04297
1.06006
1.06006
1.06006
1.04248
1.06006
1.07617
1.07568
1.0752
1.0752
1.0752
1.0752
1.0752
1.0752
1.0752
1.0752
1.0752
1.0752
1.06689
1.06689
1.06689
1.06641
1.06592
1.06592
1.06592
1.07129
1.07129
1.07129
1.07129
1.09814
1.09766
1.09766
1.09766
1.09717
1.09668
1.09668
1.09668
1.09326
1.09326
1.09326
1.09326
1.09375
1.09033
1.09033
1.09033
1.09326
1.09326
1.09326
1.09326
1.0918
1.08838
1.08838
1.08838
1.09033
1.08936
1.08936
1.08936
1.08936
1.10352
1.10352
1.10352
1.10156
1.10107
1.10107
1.10107
1.10059
1.10596
1.10596
1.10596
1.09863
1.104
1.104
1.104
1.104
1.10303
1.10303
1.10303
1.10156
1.12207
1.12207
1.12207
1.12158
1.12109
1.12109
1.12109
1.12451
1.12305
1.12305
1.12305
1.11523
1.10938
1.10938
1.10938
1.13623
1.13623
1.13623
1.13623
1.13525
1.14355
1.14355
1.14355
1.15479
1.12939
1.12939
1.12939
1.12988
1.13281
1.13281
1.13281
1.17139
1.15381
1.15381
1.15381
1.15186
1.17822
1.17822
1.17822
1.15625
1.17188
1.17188
1.17188
1.17822
1.17578
1.17578
1.17578
1.17285
1.17285
1.17285
1.17285
1.17285
1.17285
1.16602
1.17236
1.17236
1.17236
1.17236
1.17236
1.17236
1.17236
1.16943
1.19141
1.19141
1.19141
1.19141
1.19141
1.19141
1.19141
1.18994
1.19922
1.19922
1.19922
1.19922
1.19922
1.19922
1.19873
1.19873
1.19873
1.19873
1.19873
1.19873
1.19873
1.19873
1.19629
1.19629
1.19629
1.19629
1.19629
1.19629
1.19629
1.19629
1.22314
1.17969
1.17969
1.17969
1.17969
1.17969
1.17969
1.17969
1.17676
1.23242
1.23242
1.23242
1.23242
1.23242
1.23242
1.23242
1.21924
1.23145
1.23145
1.23145
1.23145
1.23145
1.23145
1.23145
1.229
1.23828
1.23828
1.23828
1.23828
1.23828
1.23828
1.23828
1.23926
1.18701
1.18701
1.18701
1.18701
1.18701
1.18701
1.18701
1.20117
1.22412
1.22412
1.22412
1.22412
1.22412
1.22412
1.22412
1.22412
1.22314
1.22314
1.22314
1.22314
1.22314
1.22314
1.22314
1.229
1.24414
1.24414
1.24414
1.24414
1.24414
1.24414
1.24414
1.24951
1.24902
1.24902
1.24902
1.24902
1.24902
1.24902
1.24902
1.27393
1.22607
1.22607
1.22607
1.22607
1.22607
1.22607
1.22607
1.22949
1.2749
1.2749
1.2749
1.2749
1.2749
1.2749
1.2749
1.27393
1.2749
1.2749
1.2749
1.2749
1.2749
1.2749
1.2749
1.28467
1.28467
1.28467
1.28467
1.28467
1.28467
1.28467
1.28467
1.29053
1.28955
1.28955
1.28955
1.28955
1.28955
1.2876
1.2876
1.28662
1.28662
1.28662
1.28662
1.28662
1.28662
1.29053
1.29053
1.29102
1.21289
1.21289
1.21289
1.21289
1.21289
1.23145
1.23145
1.23193
1.23193
1.23193
1.23193
1.23242
1.23242
1.23242
1.23242
1.23438
1.23486
1.23486
1.23486
1.2373
1.2373
1.2373
1.2373
1.23633
1.25391
1.25391
1.25391
1.28271
1.28271
1.28271
1.28271
1.23828
1.28271
1.28271
1.28271
1.28223
1.28223
1.28223
1.28223
1.2583
1.3457
1.3457
1.3457
1.34619
1.34619
1.34619
1.34619
1.28076
1.28076
1.28076
1.28076
1.29004
1.29004
1.29004
1.29004
1.34863
1.34717
1.34717
1.34717
1.2998
1.2998
1.2998
1.2998
1.30078
1.30176
1.30176
1.30176
1.30566
1.30566
1.30566
1.30566
1.30713
1.38672
1.38672
1.38672
1.38525
1.38525
1.38525
1.38525
1.40771
1.40918
1.40918
1.40918
1.40625
1.40625
1.40625
1.40625
1.32764
1.35352
1.35352
1.35352
1.3335
1.3335
1.3335
1.3335
1.44629
1.32129
1.32129
1.32129
1.43506
1.43506
1.43506
1.43506
1.38574
1.33887
1.33887
1.33887
1.47656
1.47656
1.47656
1.47656
1.47607
1.47559
1.47559
1.47559
1.51074
1.51074
1.51074
1.51074
1.50977
1.55615
1.55615
1.55615
1.44043
1.44043
1.44043
1.44043
1.39502
1.61426
1.61426
1.61426
1.41064
1.41064
1.41064
1.41064
1.3623
1.35986
1.35986
1.35986
1.3667
1.3667
1.3667
1.3667
1.74023
1.34668
1.34668
1.34668
1.64893
1.64893
1.64893
1.64893
1.85645
1.65723
1.65723
1.65723
1.66553
1.66553
1.66553
1.66553
1.68604
1.36328
1.36328
1.36328
1.36279
1.36279
1.36279
1.36279
1.70312
1.71045
1.71045
1.71045
1.70166
1.70166
1.70166
1.70166
1.88477
1.83643
1.83643
1.83643
1.88232
1.88232
1.88232
1.88232
1.90088
1.51367
1.51367
1.51367
1.89844
1.89844
1.89844
1.89844
1.55322
1.51025
1.51025
1.51025
1.84961
1.84961
1.84961
1.94043
1.55225
1.55273
1.55273
1.55273
1.93652
1.93652
1.93652
1.93408
1.57617
1.54932
1.54932
1.54932
1.55029
1.55029
1.55078
1.55078
1.89014
1.9082
1.9082
1.87549
1.95654
1.95654
1.854
1.854
1.88379
1.86279
1.86279
1.8623
1.86279
1.86279
1.75146
1.75146
1.84863
1.95898
1.95898
1.78809
1.87012
1.87012
1.91846
1.91846
1.95605
1.95459
1.95459
1.95459
1.95264
1.95264
1.9502
1.9502
1.94824
1.97021
1.82422
1.82422
1.95654
1.95654
1.95654
1.95801
1.95801
1.95801
1.85107
1.8457
1.8457
1.8457
1.84814
1.84814
1.84814
1.84814
1.96729
1.96729
1.96729
1.96729
1.96729
1.875
1.86865
1.8584
1.8584
2.00146
2.00146
2.00146
2.00146
1.82129
1.77002
1.84131
1.84131
1.74951
1.74951
1.75098
1.75098
1.74609
1.81494
1.81494
1.81543
1.81543
1.81543
1.81543
1.78467
1.78467
1.89014
1.89014
1.89014
1.79883
1.75537
1.75537
1.95166
1.95166
1.87842
1.87842
1.85889
1.85889
1.70215
1.97217
1.97217
1.88867
1.88867
1.95117
1.95117
1.95117
1.96533
1.96533
1.96533
1.96533
1.9624
1.98291
1.98291
1.98291
1.97656
1.97656
1.97656
1.97656
1.98438
1.98438
1.98438
1.98438
1.98242
1.98242
1.98242
1.98242
1.98193
2
2
2
1.99072
1.99072
1.99072
1.99072
1.99512
1.99512
1.99512
1.99512
2.0127
2.0127
2.0127
2.0127
2.01123
2.00977
2.00977
2.00977
1.98926
1.98926
1.98926
1.98926
1.9917
1.9917
1.9917
1.9917
2.03613
2.03613
2.03613
2.03613
2.0376
2.03711
2.03711
2.03711
2.03564
2.03564
2.03564
2.03564
1.97021
1.97021
1.97021
1.97021
1.96973
1.96973
1.96973
1.96973
1.96973
1.96973
1.96973
1.96973
1.96777
1.96777
1.99658
1.99658
2.0249
2.0249
2.021
2.01953
2.01807
2.01807
2.0166
2.0166
2.00781
2.00781
2.00781
2.00781
2.01611
2.01562
2.01562
2.01562
2.01367
2.01367
2.01367
2.01367
2.00928
2.00928
2.00928
2.00928
1.98242
1.98242
1.98242
1.98242
2.0083
2.0083
2.0083
2.0083
2.00879
2.00879
2.00879
2.00879
2.0459
2.0459
2.0459
2.0459
2.00244
2.00244
2.00244
2.00244
2.01172
2.01221
2.01221
2.01221
2.00977
2.00977
2.00977
2.00977
2.00879
2.00879
2.00879
2.00879
2.01172
2.01172
2.01172
2.01172
2.01465
1.95508
1.95508
1.95508
2.00928
2.00928
2.00928
2.00928
1.98389
1.98389
1.98389
1.98389
2.00244
2.00244
2.00244
2.00244
2.0083
2.02686
2.02686
2.02686
1.72803
1.72803
1.72803
1.72803
2.10986
2.10986
2.10986
2.10986
1.90918
1.90918
1.90918
1.90918
1.90527
1.91357
1.91357
1.91357
1.91357
1.91357
1.91357
1.91357
2.01611
2.01611
2.01611
2.01611
1.96973
1.96973
1.96973
1.96973
1.97266
1.91016
1.91016
1.91016
1.92334
1.92334
1.92334
1.92334
1.93604
1.93604
1.93604
1.93604
1.70508
1.70508
1.70508
1.70508
1.98145
1.96094
1.96094
1.96094
1.96143
1.96143
1.96143
1.96143
1.97998
1.97998
1.97998
1.97998
1.97852
1.97852
1.97852
1.97852
1.75879
2.01709
2.01709
2.01709
1.78125
1.78125
1.78125
1.78125
1.82178
1.82178
1.82178
1.82178
1.98975
1.98975
1.98975
1.98975
1.9707
1.95264
1.95264
1.95264
1.8208
1.8208
1.8208
1.8208
1.78076
1.78076
1.78076
1.78076
1.77979
1.77979
1.77979
1.77979
1.92969
1.81641
1.81641
1.81641
1.81494
1.81494
1.81494
1.81494
1.81592
1.81592
1.81592
1.81592
1.77295
1.77295
1.77295
1.77295
1.81201
1.74609
1.74609
1.74609
1.74365
1.74365
1.74365
1.74365
1.75244
1.75244
1.75244
1.75244
1.80566
1.80566
1.80566
1.80566
1.74219
1.74121
1.74121
1.74121
1.74023
1.74023
1.74023
1.73389
1.73389
1.73389
1.73389
1.80371
1.80371
1.8042
1.82275
1.84521
1.84521
1.84521
1.83301
1.83301
1.83301
1.83301
1.81836
1.81836
1.81836
1.81836
1.83398
1.79883
1.79883
1.79883
1.82666
1.82666
1.82666
1.82666
1.83643
1.83643
1.83643
1.83643
1.83545
1.83545
1.83545
1.83545
1.98535
1.8501
1.8501
1.8501
1.8374
1.8374
1.8374
1.8374
1.82178
1.82178
1.82178
1.82178
1.81934
1.81934
1.81934
1.81934
1.80762
1.83057
1.83057
1.83057
1.83008
1.83008
1.83008
1.83008
1.85645
1.85645
1.85645
1.85645
1.92969
1.92969
1.92969
1.92969
1.78076
1.73242
1.73242
1.73242
1.90723
1.90723
1.90723
1.90723
1.8623
1.8623
1.8623
1.8623
1.86182
1.86182
1.86182
1.86182
1.89844
1.88525
1.88525
1.88525
1.96631
1.96631
1.96631
1.96631
2.00195
2.00195
2.00195
2.00195
1.90234
1.90234
1.90234
1.90234
1.92041
1.91699
1.91699
1.91699
1.88281
1.88281
1.88281
1.88281
1.90576
1.90576
1.90576
1.90576
1.8999
1.8999
1.8999
1.8999
1.93506
1.9126
1.9126
1.9126
1.91895
1.91895
1.91895
1.91895
1.94727
1.94727
1.94727
1.94727
1.97168
1.97168
1.97168
1.97168
1.9873
1.88916
1.88916
1.88916
1.90527
1.90527
1.90527
1.90527
1.92725
1.92725
1.92725
1.92725
1.94824
1.94824
1.94824
1.94824
2.09863
2.0957
2.0957
2.0957
2.0918
2.0918
2.0918
2.0918
2.09277
2.09277
2.09277
2.09277
2.15674
2.15674
2.15674
2.15674
2.08203
2.07812
2.07812
2.07812
2.09277
2.09277
2.09277
2.09277
2.09229
2.09229
2.09229
2.09229
2.09131
2.09131
2.09131
2.09131
2.09473
2.07422
2.07422
2.07422
2.07324
2.07324
2.07324
2.07324
2.07324
2.07324
2.07324
2.07324
2.06836
2.06836
2.06836
2.06836
2.19873
2.11182
2.11182
2.11182
2.12061
2.12061
2.12061
2.12061
2.12305
2.12305
2.12305
2.12305
2.18115
2.18115
2.18115
2.18115
2.19238
2.1709
2.1709
2.1709
2.06104
2.06104
2.06104
2.06104
2.03271
2.03271
2.05762
2.05762
2.05762
2.05469
2.18262
2.18018
2.18018
2.18018
2.18018
2.18262
2.18262
2.18262
2.18262
2.18213
2.18213
2.18213
2.18213
2.21875
2.13818
2.13818
2.13818
1.84326
1.84326
1.84326
1.84326
1.83252
1.83252
1.83252
1.83252
1.82275
1.82275
1.82275
1.82275
2.1084
1.73926
1.73926
1.73926
2.06055
2.06055
2.06055
2.06055
2.04053
2.04053
2.04053
2.04053
2.15527
2.15527
2.15527
2.15527
2.04248
2.04102
2.04102
2.04102
2.03955
2.03955
2.03955
2.03955
2.03564
2.03564
2.03564
2.03564
2.03516
2.03516
2.03516
2.03174
2.0293
2.03076
2.03076
2.15674
2.15674
2.15674
2.15674
2.15625
2.15625
2.15625
2.02783
2.0376
2.0376
2.0376
2.03711
2.03711
2.03711
2.03711
2.21143
2.21143
2.21143
2.21143
2.03857
2.03857
2.03857
2.03857
2.22217
2.10352
2.10352
2.10352
2.18945
2.18945
2.18945
2.18945
2.31299
2.31299
2.31299
2.31299
2.18848
2.18848
2.18848
2.18848
2.04346
2.04395
2.04395
2.04395
2.18848
2.18848
2.18848
2.18848
2.0415
2.0415
2.0415
2.0415
2.04248
2.04248
2.04248
2.04248
2.23145
2.20654
2.20654
2.20654
2.1875
2.1875
2.1875
2.1875
2.23877
2.23877
2.23877
2.23877
2.18262
2.18262
2.18262
2.18262
2.17627
2.18164
2.18164
2.18164
2.18115
2.18115
2.18115
2.18115
2.17969
2.17969
2.17969
2.17969
2.03418
2.03418
2.03418
2.03418
2.03223
2.28271
2.28271
2.28271
2.29688
2.29688
2.29688
2.29688
2.41553
2.41553
2.41553
2.41553
2.02051
2.02051
2.02051
2.02051
2.25977
2.01953
2.01953
2.01953
2.09668
2.09668
2.09668
2.09668
2.02441
2.02441
2.02441
2.02441
2.21484
2.21484
2.21484
2.21484
2.31787
2.31885
2.31885
2.31885
2.34521
2.34521
2.34521
2.33887
2.33887
2.33887
2.33887
2.34375
2.34375
2.34375
2.34375
2.2749
2.02197
2.02197
2.02197
2.51758
2.51758
2.51758
2.51758
2.5166
2.5166
2.5166
2.5166
2.49707
2.49707
2.49707
2.49707
2.49805
2.01855
2.01855
2.01855
2.44482
2.44482
2.44482
2.44482
2.44434
2.44434
2.44434
2.44434
2.47559
2.47559
2.47559
2.47559
2.05225
