95116.5
101250
101163
101208
101148
101333
100623
98196.2
98302.7
98102.9
98053.8
98158.6
98401.7
98216.4
98251.6
98154.4
98167
98138
98132
98342.9
98236.3
98175.4
98076.7
97867
97568.1
97625.5
97497.4
97390
97573.5
97538.8
97156.9
97640.1
97509.6
98801.6
98075.9
97942.3
98180.8
93445.4
98267.9
98203.7
98188.2
98022
97946.6
98145.2
96514.9
96768.3
98143.7
98289.5
98345.7
97680.1
97689.8
97812.5
97611.3
97579.5
98151.2
98203.7
98253.9
98102.7
98127.8
98208.9
98168.7
98479.5
98562.4
98459.6
98360.2
98679.2
98738.9
98703.9
98968.7
98945.6
99120.4
99124.8
99153
96485.3
96643.7
99474.5
99785.7
99879.1
100075
97313.5
100219
100220
100285
100735
100678
98297
98587.5
101150
98442.7
98559
98630.9
98987.8
99058.4
98706
99334.3
101337
99656.1
100066
100164
100117
100580
100483
100616
100891
100966
101152
101279
101338
101494
101462
99130.2
2298.98
99363.4
3991.82
102725
5148.27
102726
4590.02
6191.03
5321.87
102756
4324.06
6277.46
5602.37
102926
6406.81
7233.8
5766.88
103191
4179.62
6156.57
4968.8
103144
3939.74
6416.67
4227.83
103392
5816.93
100631
5615.76
100899
4783.86
101088
5074.7
4566.38
101284
3054.82
6311.6
4740.77
101401
4358.13
6342.82
5241.53
102564
4636.73
6023.88
6290.89
102776
4322.72
7223.28
2722.96
100288
5505.76
8699.72
5998.66
99873.9
5944.46
9373.21
6636.7
99919.7
6786.1
10009.2
7275.62
100305
9110.93
9589.91
10743.4
100648
10842.9
8521.57
11152.3
100873
10054
9800.42
12025.4
101018
8847.18
10669.3
6661.12
101208
7046.75
12712.4
9014.21
100677
11221.7
15129.9
14800.3
101050
13297.5
16767.9
15308.2
101590
13898.5
18217.1
16991.8
100769
20609.1
17300.8
18665.4
100683
19157
18216.5
23783.3
99366.5
23135.5
19076.2
26752.1
99326.1
23414.4
17859.8
22559.5
100342
18607.8
17543.7
21990.9
98908.4
22087.9
17412.5
22590.6
98888.8
24032.9
17027.9
26366.4
97705.7
26017.6
16482.6
30203.3
99164
21793.8
15502.7
21738.2
96476.3
22653.5
15835.7
22653
98111.8
19893.9
16363.9
19329.6
97506.2
19204.5
17835.4
19187.2
95497.8
19341.7
18610
21392.6
96315.2
26792.6
18368.7
2809.37
24274.7
5728.34
96466.5
6912.8
27514.4
7812.01
18374.8
7992.16
29372.4
7370.8
96827
7151.71
31187.3
7347.06
18904.7
5943.32
31520.8
2808.11
94848.3
24858.3
2657.31
19489.2
2585.74
26606.6
6780.7
94115
5580.69
25405.5
5944.08
20368.4
5741.58
27657.5
7737.06
94830.8
8466.83
29139.4
11965.2
21093.2
12116.3
29718.7
11027.9
92881.7
8681.91
28437.8
11555.9
22121.2
11587.9
30155.3
11320
94540.8
9461.57
31545.5
9820.18
22147.3
8862.52
31334.1
9567.79
93414.5
9428.43
33143.1
9541.82
21860.2
9145.72
34107.7
11402.2
91704.6
10150.9
35426.3
11036.1
23113.5
12839.4
34499.1
8918.87
90468.4
9743.33
37004.5
11167.9
24167.4
9779.89
35446.3
9522.64
92780.4
8006.06
35784.5
8502.53
24427
9021.06
33651.7
10700.4
92288
10540
35484.4
11537.1
24742.1
6031.65
32824.6
6052.29
91145.4
6612.82
33450.1
8439.1
24936.5
10496.9
31998.3
7402.58
89436.1
9217.61
34192.7
12043.7
25408
13330.3
32365.3
12740.4
87430.7
10145.4
36338.7
11656.1
25831.1
8793.22
35985
8427.97
91732.7
8952.78
41248.8
9172.77
28504.9
9993.9
40029.3
10142.5
87216.1
9885.74
39781.8
11178.8
29035.1
10145.5
38588.2
9841.17
85677.7
9412.71
41235.2
9872.06
30128.6
9917.43
40943.9
11276.8
84849.9
12182
42454.9
12715.1
30864.9
12628.4
40603.2
13035.5
84961.2
15170.3
43195.2
15663.5
31102.1
18543.9
45293.9
16714.8
84856.8
16277.6
49821.7
17686.3
34326.7
18718.1
45703
21035.2
88939
18481.9
46565.2
16878.4
35296.3
15918
45317.9
16165.3
90985
12805.7
44533.2
11253.1
37593.8
11496.2
44284.9
15036.7
88588.2
14526.2
42478.5
15421.9
39842.6
18845.4
45447.7
18032.7
87655
17239.1
45247.8
17683.2
41382.2
19188
45835.8
14424.8
85715
18128.1
41461.4
19966.8
38661.8
17926.2
40109.9
19342
85611.9
19430.9
44018
19292.8
42180.1
20050.7
45532.5
21098.3
80984
18465.8
43489.2
18517.1
44045.3
20201.3
46426.8
18970.9
84354.5
18149.3
45875.4
20263.5
45231.1
17239.3
45814.3
17619.7
82740.2
14710.6
46463.8
15110.4
49442.6
15218.6
45192.6
16900.4
81878.7
17473.1
43241.8
16181.4
51348.6
16768
43540.8
20153.2
80511.8
18692
40970.5
21125.7
49255
21370.4
40901.6
22344.1
80327.4
20146.1
41648.2
21711.2
59653.9
21152.1
47005.5
20475.5
78182.2
20891
41588
19576
61792.8
20362.8
47400.1
19961
78173.2
21150.3
47263.8
21137.5
63087.1
23106.1
48578.7
22371.5
75707.4
23071.3
51264.9
21881.5
58703.9
24406.2
51638.9
23047.4
76602.6
23317.6
56137.6
24667.1
60898.5
25303.2
50511.3
21890
78842.4
22634.7
52623.8
21428.9
63990.9
22754.3
53866.5
22225.2
68236.8
23269.5
54378.9
22825.7
64729.7
26462.2
57608.7
24096.5
63739.6
23644.8
58274.2
24313.8
64768.5
25011.7
56438.8
24460.8
70218.3
26457.3
55210.1
26204.2
66078.4
28190.2
53071.7
27207.3
69969
26686
60859.9
27391.4
66519.1
28361.8
60301.5
29608.7
63124
30236.7
56009.8
28817.2
62955.9
29800.8
57879
26995.3
62519.4
24536.2
60543.8
24947
66346.1
27858.9
59379
31291.9
75867.2
30756.7
59277.7
30029
63462
30739.4
56722.5
32839.2
75912.9
30360.5
56661.8
31071
63135.5
34148.4
53439.9
34471.6
74684.8
32044.9
55331.9
30836.7
64182.3
30761.2
56162.8
31064.7
63197.2
34656.7
55262
32518.8
65819.3
33986
55338.2
35465.4
63487.2
36048.3
54778.4
36882.5
65027.3
35113.8
55344.1
33677.3
63251
30014.9
54148.4
28621.2
66674.3
29217.1
50940.7
29292.2
61215.6
29230.1
50702.3
29921.5
64724.8
28110.4
57122.6
26909.9
61410
27330.3
62312.3
29053.2
65367.4
28269.8
4245.2
55953.3
27908.1
5607.9
61857.3
5173.27
30217.1
2075.1
62703.9
1930.86
30067.3
4328.1
61979.5
3436.52
26993.4
57192.8
27557.3
62980.5
31000.9
59536.9
30002.2
61743.5
28968.7
57585.2
26896.1
62547.2
27820.3
59086.1
27640.5
58962.9
26465.2
58557.6
26960.4
65206.9
25988
1593.21
59172.8
1846.65
27006.5
4010.78
59028.3
26459.2
56981.7
26084.7
2048.04
63596.2
1792.42
26757.4
59191.4
28993.8
59736.3
25202.7
53594.8
25636.2
65622.5
27140.1
1748.25
57941.8
26350.3
63797.2
26929.1
5355.15
57567.8
9049.71
27392.7
10079.3
58537
8683.77
26501.2
8289.86
53601.8
8318.91
27374.7
8584.64
60386.2
7687.58
25446.8
7735.09
57639.9
9108.06
25207.9
9230.22
57905.6
10469
26386.9
9496.64
57075
8390.39
25696
9535.8
61679.1
1636.25
25486.4
3450.56
55453
3898.57
24858.1
5393.82
59131.4
6192.41
24400.5
7178.79
54959.5
5014.17
24300.7
6426.24
62703.4
3197.01
23624.5
5439.28
55544.3
2760.6
24107.1
2864.02
58163.4
2658.61
24678.2
4835.4
53935.5
3527.49
23868.6
5630.25
60979.2
4668.24
23906.9
4583.01
52984.9
5954.51
23414.6
6167.48
60740.3
3884.16
23428.3
5283.33
51446.3
23607
59773.2
22054.1
49772.4
21882.8
58544.3
22245.9
48551.1
22024.3
60043.3
19972.6
57778.8
2952.29
23462.7
5147.1
57141
4824.49
23503.9
4317.49
57307.8
4798.59
22057.4
3854.57
59330.7
4295.68
22598.1
5724.23
49689.4
5686.21
22750.1
4165.83
58974.5
1899.23
23419.6
1911.84
50787.3
3933.54
22937
6058.47
59271.3
4291.04
21262.5
5284.3
50296.2
5922.49
22047.7
5633.01
56844.3
5542.13
24869.1
6261.96
51693.2
8889.2
24253.8
7827.3
60385
7275.67
24169
6139.15
51286.4
5556.71
26185.7
5568.57
57362.6
5346.75
26272.1
6078.42
50328.4
5761.19
26709.1
5487.43
60324.8
5298.74
26695
5345.42
49995.8
5497.3
26638.5
5415.01
57331.9
5998.29
27376.7
6258.58
48689.7
5664.9
26776.9
5688.59
62099
4905.68
24035.1
4655.06
48675
4353.35
27371.9
4031.04
59811
4200.48
28297.9
5608.27
48570.8
6516.13
27835.8
5493.76
60489.6
5397.13
29291
6727.58
48311.8
5340.51
25512.7
6562.48
58656.6
6077.8
29854.6
10075.8
46046.3
11477.4
29280.6
9309.87
50754.3
6445.29
29897.8
5501.37
45128.8
5062.6
29139.1
5023.74
58704.9
5438.15
30289.7
5093.83
49983.8
5064.83
30776.3
4238.63
60165.4
5074.15
28986.4
5243.29
50964.8
5006.01
26269.6
4869.24
63085.7
4934.86
29379.1
5599.98
49466.2
5529.99
30187.2
6667.14
55503.8
8099.92
27407.9
6660.89
46307.9
5809.32
31559.3
6649.14
58838.1
6643.13
33516
5697.1
47243.5
5393.24
33209.8
9724.19
50143.8
7598.85
34202.2
8204.69
46017.2
7050.65
30109.6
6465.13
59123.1
5658.86
31526.9
5434.63
45326.3
5627.83
31596.7
5472.89
49059.8
6743.24
34545.6
6891.72
46691.9
7443.6
34719.6
11464.7
60646.1
14619.1
34981.1
11178.2
41314.2
7654.34
33614.3
7369.59
50892.9
4521.04
31443.7
8899.54
49996.7
9534.71
30367.9
5128.73
60400.5
3881.38
31551.6
5521.08
46209.2
5470.94
30710.8
52198.1
1773.1
29753.5
2293.58
48901
29285.2
61206
28546.3
49679.7
27235.1
3629.61
52033.4
1758.38
31346.2
3782.61
49489.5
1786.63
32288.4
1796.39
62422
1892.56
31982.7
4097.02
46636.7
4989.92
31176
5391.36
53226.6
5027.47
30213.6
5247.25
47075.9
5298.07
29711.5
5636.27
57271.7
5970.22
29293.2
5536.18
46928.7
6029.12
28830.5
6496.48
50954.2
6693.08
29616.8
5647.6
46858.1
6020.01
28485
5847.41
59975
6666.35
28936.4
6593.79
45952.2
6183.92
27902.8
6009.05
51057.3
5978.1
26991.4
5775.94
49490.2
5576.87
29158.4
5323.58
60735.6
5384.62
25028.5
5434.69
49500.1
5617.17
29292.6
5463.53
54205.4
5511.4
23706.4
5409.63
41538.8
5652.39
24259.2
5328.44
57650.8
5513.08
25164.5
5610.04
50161.5
5915.23
28655.9
5473.45
57535.6
5780.02
28789.1
5395.94
43895.6
6052.93
28093
6413.55
56998.1
4712.98
27650.9
3435.67
43124.2
4305.4
26405.4
5679.75
49217.6
8279.07
26623.8
8254.52
45431.7
8551.85
26360.8
10821.7
57574.6
7797.79
22108.3
8477.98
44475.5
11882.1
26034.8
11567.6
49688.4
11700.9
26213.3
12158.5
46475.6
8182.06
22373.2
5362.77
55838.5
5253.2
24609.6
5223.64
44387.8
5573.46
24384.4
6336.44
50119.2
6858.48
23818.6
6357.23
44742.9
6990.23
23875.6
6589.23
54861.5
7863.17
32541.4
6890.51
52063
7035.67
31565.4
6133.97
54035.4
5830.04
29740
6781.5
53825.7
7034.78
30586.5
8350.31
54906.7
9101.77
29760.6
8989.32
51416
8902.74
29172.1
6317.51
53437.2
5406.46
29489.3
3928.81
50790.6
4388.55
29614.6
4370.24
53046.4
7145.58
29187.8
7348.28
50650.2
8895.63
26710.6
11154.4
53715.2
10015.3
28386.6
8990.98
51448
7700.46
27680.7
7893.69
51031.1
8299.12
28911.8
7505.73
51517.8
8231.98
29234.3
7964.73
49508.4
8175.38
28644.9
7554.5
51876.2
7580.98
28159
8045.48
50946.3
5523.45
28011.4
1550.1
48598.5
1462.02
28522.1
1600.55
57233.8
24652.4
51096.5
26628.7
1607.3
55195.5
27040
53108.4
1590.78
26026.8
2975.41
50301.3
5197.51
26269.4
5993.82
49156.3
5671.28
23609.2
5402.03
51102.2
5168.21
27760.2
3704.58
42008.5
4777.92
21908.2
5104.23
54445.6
5245.82
22098
1733.66
42150.9
3413.34
22852
3504.84
52447.2
3661.98
23259.3
5073.29
44936.2
5258.17
27341.7
5139.77
53274.8
5776.44
27172.3
5610.14
45220.2
5530.54
25384.3
5363.54
55411.3
5653.44
26616.4
5900.48
44413.4
5920.44
26144
4906.66
54000.5
5633.26
26776.9
5318.41
44506.4
5509.44
26405.5
55345.1
26925.2
44461.5
26380.7
49757.1
1460.69
25877.1
1792.47
44528.2
26019.5
1851.58
55274.7
1520.64
25588.5
3479.47
43565.7
4232.12
25022.1
5017.98
51501.4
6799.43
26962.4
5545.34
43729.1
5811.33
25670.7
5668.29
50650.4
6682.44
25306.3
6516.73
43404.1
6442.37
24841.4
6438.47
48087.1
6804.31
22997.6
6655.77
43239.5
6792.95
22142.8
6542
56323.5
7366.68
21037
6782.41
43391.8
7218.93
20266.4
6333.27
54843.7
6681.07
19861.5
6154.99
43890.8
6641.04
20334.1
5983.53
51080
6194.19
20747.1
5827.75
43098.2
6063.5
19102.1
5484.8
49379.5
6058.66
19029.7
5505.32
40344.6
6740.52
21511.5
6021.81
49870.7
6905.99
22399.8
6385.94
41562.1
6412.1
21783.9
5599.75
49330.9
5580.53
21260.8
5240.69
42708.6
5289.5
21042.4
4993.16
55070.1
5259
21284.8
5188.99
42787.1
5260.2
18826.6
5043.43
48275.3
6209.48
20201.7
6080.57
37630.4
7489.89
18773.9
6439.05
48674.6
6163.82
18693.1
6698.06
37047.5
6805.07
18341
6758.06
49488.9
7454.63
18363
6637.88
42181.4
6115.97
17921.3
5179.95
47258.1
3416.79
17940.5
3037.45
37654.2
1675.33
18857.8
45961.4
3000.77
18594.6
4522.54
38625
4691.63
15859
4990.22
50159.4
5190.41
17018.7
5985.89
37525.9
6528.97
16134.3
6583.3
44669.1
6747.88
16644.3
6954.51
38504.8
7563.74
16748.4
6536.29
44906.3
8065.44
16685.8
7233.14
33427
7713.13
17260.7
6700.24
45224.9
7119.42
17105.2
6477.83
33511.4
7705.6
18612.2
6779.09
53525.7
