1.03382
1.03151
1.03109
1.03056
1.03118
1.02952
1.03659
1.0604
1.06043
1.06302
1.06334
1.0623
1.05937
1.06156
1.06083
1.0623
1.06196
1.06236
1.06223
1.06019
1.06158
1.06085
1.06218
1.0589
1.06799
1.06747
1.06893
1.06917
1.0684
1.06863
1.0716
1.06702
1.06838
1.05217
1.0618
1.06385
1.06106
1.10389
1.06047
1.06037
1.0622
1.06244
1.06411
1.06244
1.06893
1.07238
1.06121
1.05914
1.05982
1.06671
1.06707
1.06588
1.0684
1.06786
1.06189
1.05879
1.06171
1.06298
1.0625
1.0623
1.06268
1.06106
1.05792
1.05874
1.05985
1.05782
1.05749
1.06051
1.05801
1.05657
1.05706
1.05754
1.04748
1.08566
1.08493
1.05595
1.054
1.0535
1.05286
1.08221
1.05333
1.05327
1.05302
1.04944
1.05219
1.07938
1.07558
1.04911
1.07963
1.07959
1.08058
1.07786
1.07771
1.0792
1.07684
1.05765
1.07528
1.07193
1.07195
1.07346
1.06935
1.06965
1.07088
1.06878
1.07046
1.06952
1.06848
1.0677
1.06813
1.06702
1.0942
1.50506
1.09378
1.71845
1.0596
2.12638
1.06084
1.65027
2.25027
1.53361
1.06134
1.66261
2.18399
1.33007
1.06093
1.8931
1.83648
2.47856
1.05903
1.56382
2.22315
1.69886
1.05971
1.68783
2.19035
1.76716
1.05717
2.35206
1.08593
2.77981
1.08396
2.39031
1.08333
2.4046
1.51229
1.08165
1.9332
2.38614
1.54959
1.08044
1.77019
2.99719
1.43704
1.06832
1.98708
3.81441
1.92298
1.06571
1.66001
4.19387
1.50566
1.09245
2.09315
3.94163
2.29838
1.09757
2.81573
4.13442
3.01688
1.09471
2.61321
3.59562
2.7329
1.09269
2.71541
3.82515
2.89823
1.08853
2.10542
4.51654
2.20896
1.08535
2.06537
4.68878
1.65534
1.08225
1.63758
4.80296
2.33557
1.07892
2.41643
4.58065
2.0798
1.08541
2.27206
4.22616
3.0134
1.07664
2.91486
4.03785
2.65828
1.0713
3.37613
3.82765
3.03474
1.07893
2.51726
4.19028
2.96483
1.07972
2.84259
4.05662
2.52883
1.09371
2.55038
4.04073
2.31575
1.09032
2.1729
4.40043
2.45282
1.08054
2.94471
4.56965
2.92383
1.09341
2.66055
4.41194
3.04855
1.09525
2.99678
4.829
2.8359
1.10757
2.97594
4.9716
2.26629
1.08873
3.45603
5.32017
3.69964
1.1199
3.45981
5.30421
3.51598
1.09889
3.98827
5.14983
3.59851
1.10227
4.17601
4.61129
4.31427
1.12731
4.24102
4.58312
4.15777
1.1191
3.13908
4.58629
1.33826
3.57751
1.97141
1.11597
2.40762
3.16523
2.85853
4.60898
2.85318
2.68469
2.29725
1.11076
2.75488
2.71654
2.53474
4.36841
1.95404
2.79405
1.39228
1.13388
3.44641
1.45911
4.23358
1.51554
3.41786
1.64839
1.13734
1.82533
3.4843
2.07404
4.24852
1.31991
3.30152
1.4972
1.12732
1.36672
2.9764
1.8872
4.12816
2.11667
3.0639
1.97664
1.15098
2.66799
3.17626
2.18856
3.9559
2.36871
3.11197
2.84173
1.13008
3.03796
2.86162
2.77728
4.01573
2.08621
2.98532
2.84913
1.14282
2.69492
2.81969
2.66904
3.9714
2.47111
2.75381
2.34534
1.16218
2.52175
2.66353
2.91513
3.81375
2.90914
2.85005
3.02289
1.17852
3.16932
2.64074
3.25746
3.53814
3.36703
2.77644
3.31971
1.14766
3.31583
2.76636
3.64155
3.57958
3.82563
2.95646
3.02424
1.15302
2.27994
2.7231
1.877
3.49854
2.10228
3.01311
1.59684
1.16799
1.45426
2.86276
1.3001
3.46726
1.80013
3.00116
2.82632
1.18751
2.63923
2.77087
2.86365
3.39971
2.64753
2.94452
2.60029
1.21254
3.29651
2.64571
3.01584
3.31835
3.35684
2.69688
3.85628
1.15805
3.35193
2.2609
3.54935
3.05593
3.61276
2.34464
3.83811
1.21895
3.67567
2.35592
3.56276
3.01545
3.77078
2.50267
4.337
1.238
4.38255
2.35537
4.50517
2.88711
4.5361
2.34556
4.69729
1.2498
4.26156
2.32613
4.34362
2.83932
4.56868
2.43178
4.28489
1.24694
3.80301
2.3127
3.90073
2.83454
3.56613
2.2294
3.72478
1.24683
3.70062
2.00041
3.73597
2.54474
3.61728
2.14496
3.33269
1.18707
3.5653
2.08706
3.68364
2.48012
3.75517
2.13306
3.78397
1.16077
4.07305
2.17634
4.37618
2.33043
4.31028
2.19445
3.47353
1.19016
3.38004
2.22435
3.53369
2.19715
2.92935
2.1222
3.20854
1.20395
3.02953
2.09597
3.20505
2.09971
3.18532
2.06545
3.69224
1.22989
3.27168
2.26265
3.42471
2.24357
3.45561
2.33814
3.40955
1.22925
3.28579
2.14135
3.17106
2.05182
3.04277
2.09356
2.87674
1.30133
2.87626
2.21132
3.0341
1.97647
2.60618
2.05866
3.00968
1.24623
2.75517
2.11069
3.09107
1.91305
3.47891
2.06619
3.39245
1.26832
3.7888
2.04282
3.7689
1.76501
3.73692
2.07318
3.59347
1.28156
3.66205
2.13662
4.04784
1.69716
3.93022
2.11363
3.52728
1.30249
3.44441
2.2183
3.27286
1.76409
3.17777
2.22169
3.17877
1.30816
3.1899
2.19159
3.18985
1.47024
3.28168
1.96983
3.45236
1.34249
3.20127
2.19829
3.56939
1.42513
3.45123
1.96631
3.56858
1.34503
3.45925
1.97582
3.45609
1.39635
3.30636
1.93722
3.36796
1.3864
3.27034
1.79375
3.58888
1.49291
3.253
1.78665
3.51304
1.36702
3.41496
1.67058
3.26402
1.42288
3.04516
1.78591
3.00581
1.32841
3.45848
1.72929
3.63185
1.36813
3.52902
1.68872
3.59606
1.53821
3.45479
1.67972
3.60687
1.35589
3.20688
1.59347
3.46598
1.64867
3.42007
1.5716
3.3321
1.35586
3.29383
1.60215
3.23221
1.49324
3.01994
1.62676
3.06366
1.32697
2.70621
1.67755
2.8881
1.50087
2.92193
1.48761
2.95271
1.32184
2.85732
1.49484
2.66192
1.6678
2.62855
1.61222
2.78543
1.40286
2.69343
1.55707
2.87461
1.6838
3.00057
1.47518
3.14422
1.33195
2.84776
1.50388
2.57174
1.37637
2.57409
1.49153
2.66628
1.38789
2.51743
1.5538
2.45951
1.37656
2.63252
1.56376
2.5779
1.40017
2.40522
1.67667
2.38645
1.3888
2.54524
1.60152
2.64655
1.37061
2.62942
1.58151
2.56432
1.66689
2.26029
1.60064
2.37073
1.33614
2.32156
1.58522
2.28344
1.65647
2.14409
1.60449
2.21033
1.35374
2.23879
1.58001
2.36058
1.66077
2.59259
1.60634
2.61809
1.30923
2.62481
1.72281
2.66046
1.71776
2.62572
1.73994
2.58553
1.36439
2.74685
1.53749
2.78714
1.713
2.77685
1.38087
2.52138
1.35627
2.66089
1.61064
1.55602
2.73405
1.62202
1.69775
1.64572
2.49609
1.75467
1.36225
1.71359
2.50739
1.60479
1.42225
1.72839
2.78342
1.52198
2.73964
1.6635
2.33838
1.437
2.40386
1.43051
2.52222
1.50351
2.70995
1.67931
2.53657
1.44752
2.52245
1.49171
2.68425
1.45154
2.58439
1.61144
2.67993
1.74751
1.43385
1.83325
2.5982
1.65908
1.48266
2.58368
1.48492
2.63014
1.69391
1.65093
1.6794
2.61366
1.43261
2.36814
1.46135
2.71738
1.5672
2.6754
1.59244
2.54321
1.92777
1.4529
2.58534
1.37189
2.53967
2.07579
1.46205
2.44764
2.5076
2.51278
1.79372
2.66959
2.58376
3.24824
1.56528
3.45269
2.47869
3.43601
1.4399
3.80217
2.61745
3.82605
1.44331
3.36749
2.61075
3.20389
1.809
2.49903
2.49762
2.49897
1.46299
2.69341
2.55792
2.06409
1.41089
1.97264
2.55054
1.79614
1.50857
1.59757
2.65074
1.61706
1.76824
1.98132
2.72207
1.81864
1.51496
1.78382
2.70627
1.90266
1.39072
1.8615
2.74668
1.84858
1.49584
1.79168
2.67205
2.07512
1.79409
2.32855
2.6741
2.54519
1.53642
1.74086
2.72673
1.96043
1.42783
1.79552
2.7039
1.98596
1.56069
1.96193
2.75359
2.21127
1.71379
1.57243
2.77267
1.64186
1.59936
2.73269
1.4395
2.83776
1.6443
2.86397
1.77408
2.83844
1.68141
2.82881
1.43304
3.07274
1.41853
2.00691
2.66375
2.30057
1.82123
2.13981
2.6913
2.08404
1.42848
1.80603
2.81223
1.82358
1.44413
1.64899
2.69876
1.94464
1.64481
1.98077
2.67229
1.58729
1.75557
1.457
2.62833
1.72265
1.60688
1.55608
2.66326
3.00927
1.4421
4.44311
2.78862
3.29177
1.61658
4.09231
2.72759
5.18779
1.82087
4.87297
2.48444
3.91106
1.58248
2.73282
2.49365
2.55949
1.42844
3.05953
2.49263
3.40837
1.58438
3.5513
2.36536
3.93197
1.80911
3.84934
2.30644
4.13864
1.6017
4.02943
2.31967
3.67446
1.42658
3.45008
2.32215
3.49448
1.6036
3.7258
2.32253
3.5052
1.80386
3.77605
2.28204
4.00456
1.6401
4.3471
2.30621
3.9079
1.37268
2.82954
2.6233
2.4776
1.63329
2.45446
2.27941
2.31355
1.72947
2.39171
2.22364
3.45976
1.63724
3.51135
2.25395
3.85786
1.41275
3.47425
2.16144
3.06999
1.62794
2.837
2.50229
2.45307
1.74822
2.1285
2.14658
2.0379
1.70424
2.04627
2.17488
2.92872
1.68197
4.33002
2.14649
5.79732
1.73483
5.52241
2.15822
6.55802
1.75355
5.37595
2.09421
5.1269
1.56408
4.16536
2.05676
3.65552
1.41757
1.71996
2.19314
1.76849
1.52921
2.04807
2.46585
1.9026
1.62712
1.91837
2.20523
2.15957
1.57675
2.45019
2.08945
2.43089
1.52803
2.30283
2.33103
2.87354
1.68146
3.10131
2.02492
2.67969
1.74587
2.87767
1.9248
1.96687
1.64181
3.41198
1.92823
2.3802
1.68932
3.69861
1.88671
4.05866
1.67272
5.14026
2.13911
5.4001
1.72632
5.42421
2.06499
5.8631
1.69119
4.77264
2.05672
4.89289
1.7259
3.78841
1.84447
4.3169
1.65195
3.89826
1.82504
2.66443
1.68722
2.29005
1.8459
2.69951
1.85401
2.67051
1.89242
2.89091
1.66614
2.50155
2.00602
1.74757
1.54035
1.5214
2.07584
2.44839
1.69089
2.6735
2.02756
2.07424
1.68395
1.72169
2.07304
1.62829
1.70902
2.14463
1.60997
1.57293
2.16881
1.67093
2.19964
1.54282
2.30889
1.76722
1.62625
1.78374
1.97695
1.80443
1.55373
1.80475
1.92024
1.76903
1.63653
1.57569
1.91597
1.51308
1.64265
2.14584
1.97909
3.2784
1.58821
3.90787
2.03757
4.1648
1.62567
4.25034
2.06109
3.77931
1.77626
2.78154
2.08435
3.32146
1.62688
3.26347
2.10204
3.80563
1.6499
3.69393
2.03844
4.76875
1.61952
4.82529
2.1048
5.46877
1.69509
4.89114
2.07541
5.057
1.64237
5.33241
2.09994
5.70913
1.64208
5.08442
2.18421
4.73096
1.52517
4.44691
2.03048
5.3047
1.66949
5.65575
2.4266
5.91072
1.52232
5.54371
2.03997
6.11543
1.54644
6.36783
2.49971
6.36193
1.82117
6.0753
2.44671
6.23571
1.75771
5.80271
2.38417
5.85805
1.48896
5.61357
2.06025
5.2426
1.44231
4.45697
2.03928
4.13674
1.69278
2.64062
2.09357
2.58242
1.76946
1.98801
2.17588
1.78379
1.73361
1.9719
2.27372
1.99423
1.68534
2.68446
2.21962
3.38672
1.64291
3.95173
2.26001
3.17501
1.7516
3.69057
2.74006
3.95077
1.66405
3.03109
2.28368
3.33721
1.66596
3.36014
2.2376
3.1145
1.60387
4.54506
2.67327
5.71993
1.80314
5.18677
2.43166
5.51372
1.66182
4.88087
2.44905
5.07192
1.64633
4.64117
2.47553
4.38046
1.6481
3.91118
2.48506
4.03609
1.82674
3.07049
1.79512
3.73306
1.41286
2.67094
1.84193
2.30323
1.50614
2.24981
1.91554
2.541
1.36721
2.07864
1.88044
2.13243
1.82056
2.13981
1.95177
2.63679
1.40874
2.54184
1.91877
2.65131
1.51091
1.75044
1.88841
4.3052
1.42113
5.35537
1.87914
7.07311
1.87996
4.50621
1.93683
5.17941
1.42575
4.19125
2.0842
3.35907
1.50395
3.65204
1.94963
3.92318
1.39578
4.28976
1.98901
4.16661
1.95644
3.82889
1.92539
4.07106
1.39182
3.27577
1.8894
3.93742
1.62557
3.59383
1.91478
3.35705
1.37837
3.11467
1.93982
2.43684
1.95433
1.95184
1.96152
2.04875
1.468
1.92224
1.94173
1.98745
1.40462
2.21133
1.39352
2.04828
1.976
1.79166
2.02058
1.33066
2.01951
2.04774
1.90497
1.59474
2.08562
2.04657
3.15716
1.43894
3.014
2.27596
3.08521
1.93986
2.60251
1.96216
1.73068
1.68303
1.81846
2.49834
2.26691
1.47017
2.01767
2.45688
1.86981
1.6818
1.70649
2.38396
1.64163
1.8787
2.71373
2.31494
3.17156
1.56064
3.60649
1.94854
4.5808
1.4877
4.9933
1.97712
5.36875
1.55392
5.25603
2.08718
5.5241
1.77271
5.22087
2.04567
5.01487
1.57883
4.82425
2.046
4.9915
1.45444
4.01915
1.96997
2.89892
1.56544
2.37252
2.00704
1.76834
1.96804
1.55703
1.97905
1.57574
1.89264
1.98383
1.80907
1.55525
1.9758
1.65463
1.77086
1.75277
2.02243
1.68581
1.57008
1.5439
2.05046
3.41259
1.51831
3.55399
1.89585
4.00858
1.55803
4.76132
1.99152
4.95121
1.92661
4.62664
2.01749
4.70379
1.57505
5.0308
2.04076
4.95854
1.61753
4.61324
2.17585
4.80048
1.57408
4.73987
2.2346
4.77211
1.7254
4.51001
2.40078
4.73897
1.55648
4.84168
2.42175
5.14274
1.41015
5.2954
2.50577
5.50758
1.54516
5.37095
2.46429
5.65108
1.90218
5.85815
2.41353
6.00179
1.56464
6.01388
2.5586
6.19676
1.57147
5.98529
2.57817
6.11653
1.67041
5.31431
2.25705
5.4028
1.93947
5.17558
2.22
5.2469
1.61441
5.25145
2.21342
5.41853
1.55493
5.65054
2.25993
5.61443
1.56054
5.74927
2.29933
5.83362
1.75311
5.54165
2.25619
5.46073
1.54168
5.27542
2.50986
4.89166
1.59122
3.86626
2.31754
3.56616
1.7439
2.71409
2.51025
2.91732
1.97434
2.97098
2.51918
3.24367
1.75128
3.34302
2.51258
3.40138
1.52376
3.16612
2.47578
3.60749
1.52091
3.3497
2.50877
1.99843
2.01507
1.53476
2.53146
1.8027
1.67781
1.90248
2.33572
1.62216
1.90945
2.36048
1.79505
1.6181
2.27876
2.76463
1.92696
1.9055
3.09475
2.65828
3.45264
1.6775
3.49058
2.71748
3.37034
1.6839
3.64251
2.63214
3.86154
1.62651
3.7607
2.62789
4.31837
2.12486
3.99949
2.73879
4.10959
1.87925
4.11787
2.53839
4.35467
1.64963
4.40328
2.54894
4.46599
1.85269
4.13721
2.33278
4.24955
1.77389
