0.02 0 0 1.82311e+09 0 0 0 0 0 1.82311e+09 0 0 0 0 0 0 0 0 0 0 0 0 0 1.04081e+06 0 0 0 0
0.0700215 0 0 6.39038e+09 0 0 0 0 0 6.39038e+09 0 0 0 0 0 0 0 0 0 0 0 0 0 1.04081e+06 0 0 0 0
0.120227 0 0 1.12587e+10 0 0 0 0 0 1.12587e+10 0 0 0 0 0 0 0 0 0 0 0 0 0 1.04081e+06 0 0 0 0
0.170047 0 0 1.68063e+10 0 0 0 0 0 1.68063e+10 0 0 0 0 0 0 0 0 0 0 0 0 0 1.04081e+06 0 0 0 0
0.22007 0 0 2.33283e+10 0 0 0 0 0 2.33283e+10 0 0 0 0 0 0 0 0 0 0 0 0 0 1.04081e+06 0 0 0 0
0.270235 0 0 3.05754e+10 0 0 0 0 0 3.05754e+10 0 0 0 0 0 0 0 0 0 0 0 0 0 1.04081e+06 0 0 0 0
0.320006 0 0 3.81173e+10 0 0 0 0 0 3.81173e+10 0 0 0 0 0 0 0 0 0 0 0 0 0 1.04081e+06 0 0 0 0
0.370004 0 0 4.60767e+10 0 0 0 0 0 4.60767e+10 0 0 0 0 0 0 0 0 0 0 0 0 0 1.04081e+06 0 0 0 0
0.42012 0 0 5.45183e+10 0 0 0 0 0 5.45183e+10 0 0 0 0 0 0 0 0 0 0 0 0 0 1.04081e+06 0 0 0 0
0.470014 0 0 6.28769e+10 0 0 0 0 0 6.28769e+10 0 0 0 0 0 0 0 0 0 0 0 0 0 1.04081e+06 0 0 0 0
0.520089 0 0 6.92653e+10 0 0 0 0 0 6.92653e+10 0 0 0 0 0 0 0 0 0 0 0 0 0 1.04081e+06 0 0 0 0
0.57003 0 0 7.398e+10 0 0 0 0 0 7.398e+10 0 0 0 0 0 0 0 0 0 0 0 0 0 1.04081e+06 0 0 0 0
0.62001 0 0 7.90194e+10 0 0 0 0 0 7.90194e+10 0 0 0 0 0 0 0 0 0 0 0 0 0 1.04081e+06 0 0 0 0
0.670199 0 0 8.42638e+10 0 0 0 0 0 8.42638e+10 0 0 0 0 0 0 0 0 0 0 0 0 0 1.04081e+06 0 0 0 0
0.720312 0 0 8.84627e+10 0 0 0 0 0 8.84627e+10 0 0 0 0 0 0 0 0 0 0 0 0 0 1.04081e+06 0 0 0 0
0.770115 0 0 9.1377e+10 0 0 0 0 0 9.1377e+10 0 0 0 0 0 0 0 0 0 0 0 0 0 1.04081e+06 0 0 0 0
0.820222 0 0 9.36964e+10 0 0 0 0 0 9.36964e+10 0 0 0 0 0 0 0 0 0 0 0 0 0 1.04081e+06 0 0 0 0
0.870259 0 0 9.91657e+10 0 0 0 0 0 9.91657e+10 0 0 0 0 0 0 0 0 0 0 0 0 0 1.04081e+06 0 0 0 0
0.920266 0 0 1.01537e+11 0 0 0 0 0 1.01537e+11 0 0 0 0 0 0 0 0 0 0 0 0 0 1.04081e+06 0 0 0 0
0.970363 0 0 1.0306e+11 0 0 0 0 0 1.0306e+11 0 0 0 0 0 0 0 0 0 0 0 0 0 1.04081e+06 0 0 0 0
