0.20
0.94
1.15
1.34
1.54
1.74
2.23
2.72
3.21
3.40
3.60
3.81
4.21
4.69
5.21
5.41
5.83
6.03
6.48
6.98
7.18
7.38
7.85
8.07
8.54
8.96
9.46
9.67
9.87
10.07
10.28
10.49
10.70
11.13
11.37
11.57
11.77
11.99
12.19
12.60
12.80
13.02
13.26
13.46
13.71
13.91
14.39
14.88
15.30
15.78
15.99
16.53
16.96
17.38
17.79
17.99
18.48
18.91
19.13
19.54
19.75
20.20
20.66
21.09
21.30
21.50
21.93
22.13
22.34
22.54
22.79
23.04
23.51
23.98
24.46
24.88
25.41
25.87
26.08
26.57
27.07
27.57
27.77
28.26
28.68
29.15
29.36
29.57
29.82
30.31
30.52
30.73
30.94
31.14
31.35
31.76
31.97
32.44
32.65
33.12
33.55
34.01
34.44
34.97
35.40
35.82
36.07
36.51
36.97
37.45
37.87
37.94
38.41
38.48
38.97
39.03
39.52
39.58
39.60
39.62
40.05
40.12
40.14
40.15
40.36
40.43
40.45
40.46
40.90
40.96
40.98
41.00
41.21
41.27
41.29
41.31
41.51
41.58
42.01
42.07
42.54
42.60
43.08
43.15
43.17
43.61
43.67
43.69
43.71
43.93
44.00
44.01
44.03
44.46
44.53
44.55
44.57
44.80
44.86
44.88
44.90
45.12
45.18
45.20
45.22
45.65
45.71
45.73
45.75
46.23
46.30
46.32
46.34
46.79
46.86
46.88
46.90
47.12
47.19
47.21
47.23
47.68
47.74
47.76
47.78
48.08
48.14
48.16
48.18
48.40
48.46
48.48
48.50
48.94
49.01
49.03
49.04
49.51
49.58
49.60
49.62
50.10
50.17
50.19
50.20
50.42
50.49
50.51
50.53
50.96
51.03
51.05
51.07
51.50
51.57
51.59
51.61
52.08
52.15
52.17
52.19
52.40
52.47
52.49
52.51
52.73
52.79
52.81
52.83
53.26
53.33
53.35
53.37
53.86
53.93
53.95
53.97
54.26
54.33
54.35
54.37
54.81
54.88
54.90
54.92
55.15
55.22
55.24
55.26
55.74
55.81
55.83
55.85
56.08
56.15
56.17
56.19
56.41
56.48
56.51
56.52
56.54
56.56
56.77
56.84
56.86
56.88
56.90
56.92
57.00
57.02
57.49
57.56
57.58
57.60
57.62
57.64
57.66
57.67
58.15
58.22
58.24
58.26
58.28
58.29
58.31
58.53
58.60
58.62
58.64
58.66
58.68
58.69
58.71
58.93
59.00
59.02
59.04
59.06
59.08
59.10
59.11
59.33
59.40
59.42
59.44
59.46
59.48
59.50
59.52
59.93
60.00
60.02
60.03
60.05
60.07
60.09
60.11
60.33
60.40
60.42
60.44
60.46
60.48
60.50
60.51
60.98
61.05
61.07
61.09
61.11
61.13
61.15
61.16
61.38
61.45
61.47
61.48
61.51
61.52
61.54
61.56
61.78
61.85
61.86
61.88
61.90
61.92
61.94
61.96
62.17
62.24
62.26
62.28
62.30
62.32
62.34
62.36
62.62
62.69
62.71
62.73
62.75
62.77
62.79
62.81
63.23
63.30
63.32
63.34
63.36
63.38
63.40
63.42
63.86
63.93
63.95
63.97
63.99
64.01
64.03
64.05
64.26
64.33
64.35
64.37
64.39
64.41
64.43
64.45
64.66
64.73
64.75
64.77
64.79
64.81
64.82
64.84
65.31
65.38
65.40
65.42
65.44
65.46
65.48
65.50
65.98
66.06
66.08
66.10
66.12
66.14
66.22
66.23
66.74
66.82
66.84
66.85
66.88
66.90
66.98
66.99
67.22
67.29
67.31
67.33
67.36
67.37
67.45
67.47
67.91
67.99
68.01
68.03
68.11
68.13
68.15
68.17
68.68
68.78
68.80
68.81
68.90
68.92
68.94
68.96
69.18
69.26
69.28
69.30
69.39
69.41
69.43
69.44
69.88
69.96
69.98
70.00
70.09
70.11
70.13
70.15
70.37
70.46
70.47
70.49
70.58
70.60
70.62
70.64
71.11
71.19
71.21
71.23
71.32
71.34
71.36
71.37
71.82
71.90
71.92
71.94
72.03
72.05
72.07
72.08
72.57
72.65
72.67
72.69
72.78
72.79
72.81
72.83
73.32
73.40
73.42
73.44
73.53
73.55
73.57
73.59
73.82
73.91
73.93
73.94
74.04
74.05
74.07
74.09
74.58
74.66
74.68
74.70
74.80
74.81
74.83
74.85
75.10
75.19
75.21
75.23
75.32
75.34
75.36
75.37
75.82
75.91
75.93
75.95
76.04
76.06
76.08
76.10
76.33
76.41
76.43
76.45
76.54
76.56
76.58
76.60
76.83
76.92
76.94
76.95
77.05
77.07
77.09
77.11
77.56
77.65
77.67
77.69
77.79
77.80
77.82
77.84
78.33
78.42
78.44
78.46
78.55
78.57
78.59
78.61
78.84
78.93
78.95
78.97
79.06
79.08
79.10
79.12
79.35
79.44
79.46
79.47
79.57
79.59
79.61
79.62
79.92
80.02
80.04
80.06
80.15
80.17
80.19
80.21
80.45
80.54
80.56
80.58
80.67
80.69
80.71
80.73
81.23
81.32
81.34
81.36
81.46
81.47
81.50
81.51
81.76
81.85
81.87
81.89
81.99
82.00
82.02
82.04
82.28
82.37
82.39
82.41
82.51
82.53
82.55
82.64
83.10
83.19
83.21
83.23
83.33
83.35
83.37
83.46
83.92
84.05
84.07
84.09
84.19
84.20
84.30
84.32
84.61
84.70
84.72
84.81
84.91
84.93
85.03
85.04
85.32
85.41
85.44
85.53
85.63
85.65
85.74
85.76
86.06
86.15
86.18
86.27
86.37
86.39
86.48
86.50
86.76
86.85
86.95
86.97
87.07
87.09
87.19
87.20
87.51
87.60
87.70
87.72
87.82
87.84
87.85
87.95
87.97
88.22
88.31
88.33
88.35
88.44
88.46
88.48
88.50
88.60
88.62
88.64
88.65
88.75
88.77
89.02
89.12
89.13
89.23
89.25
89.27
89.37
89.39
89.49
89.51
89.76
89.86
89.96
89.98
90.08
90.10
90.20
90.22
90.47
90.57
90.67
90.69
90.70
90.72
90.83
90.84
90.86
90.88
90.98
91.00
91.02
91.04
91.32
91.41
91.43
91.45
91.55
91.57
91.68
91.70
91.80
91.82
92.91
93.04
93.06
93.07
93.18
93.19
93.30
93.32
93.34
93.36
93.46
93.48
93.50
93.51
93.78
93.88
93.90
93.92
94.02
94.04
94.06
94.07
94.18
94.20
94.22
94.24
94.34
94.36
94.38
94.39
94.67
94.76
94.78
94.80
94.90
94.92
94.94
94.96
95.07
95.08
95.10
95.12
95.22
95.24
95.26
95.28
95.54
95.64
95.66
95.68
95.78
95.80
95.82
95.83
95.94
95.96
95.98
96.00
96.10
96.12
96.14
96.43
96.53
96.55
96.56
96.67
96.68
96.70
96.72
96.83
96.85
96.87
96.89
96.99
97.01
97.03
97.05
97.31
97.40
97.42
97.44
97.54
97.56
97.58
97.60
97.71
97.73
97.83
97.85
98.12
98.22
98.32
98.34
98.36
98.47
98.49
98.51
98.61
98.63
98.90
99.00
99.10
99.12
99.14
99.25
99.27
99.38
99.40
99.70
99.80
99.82
99.92
99.94
99.96
99.98
100.09
100.11
100.13
100.15
100.25
100.27
100.29
100.59
100.69
100.71
100.73
100.83
100.85
100.87
100.89
101.00
101.02
101.04
101.05
101.16
101.18
101.20
101.21
101.51
101.61
101.63
101.64
101.75
101.77
101.79
101.80
101.92
101.94
101.95
101.97
102.08
102.10
102.12
102.13
102.43
102.53
102.55
102.56
102.67
102.69
102.71
102.72
102.84
102.86
102.89
102.90
103.01
103.03
103.05
103.06
103.55
103.65
103.67
103.68
103.79
103.81
103.83
103.85
103.96
103.98
104.00
104.02
104.12
104.14
104.16
104.18
104.70
104.80
104.82
104.84
104.95
104.97
104.99
105.10
105.12
105.23
105.25
105.78
105.88
105.90
105.92
106.03
106.05
106.16
106.18
106.20
106.22
106.33
106.34
106.36
106.38
106.91
107.01
107.03
107.05
107.16
107.18
107.20
107.22
107.33
107.35
107.42
107.44
107.55
107.57
107.59
107.60
107.87
107.97
107.99
108.01
108.11
108.13
108.15
108.17
108.28
108.30
108.32
108.33
108.44
108.46
108.48
108.50
108.76
108.86
108.88
108.90
109.00
109.02
109.04
109.06
109.17
109.19
109.21
109.23
109.34
109.35
109.37
109.39
109.89
109.99
110.01
110.03
110.14
110.15
110.17
110.19
110.31
110.32
110.34
110.36
110.47
110.49
110.51
110.52
111.04
111.14
111.16
111.18
111.29
111.31
111.33
111.34
111.46
111.48
111.50
111.51
111.62
111.64
111.66
111.68
112.19
112.31
112.33
112.34
112.45
112.47
112.49
112.51
112.62
112.64
112.66
112.68
112.79
112.80
112.82
112.84
113.10
113.20
113.22
113.24
113.35
113.36
113.38
113.40
113.52
113.53
113.55
113.57
113.68
113.70
113.72
113.73
114.21
114.31
114.33
114.35
114.45
114.47
114.49
114.51
114.63
114.65
114.67
114.68
114.80
114.81
114.83
114.85
115.11
115.21
115.23
115.25
115.36
115.38
115.40
115.42
115.54
115.55
115.57
115.59
115.70
115.72
115.74
115.76
116.08
116.18
116.20
116.22
116.33
116.35
116.37
116.39
116.51
116.52
116.55
116.56
116.68
116.69
116.71
116.73
116.99
117.10
117.12
117.13
117.24
117.26
117.28
117.30
117.42
117.43
117.45
117.47
117.58
117.60
117.62
117.64
117.93
118.03
118.05
118.07
118.18
118.20
118.22
118.24
118.36
118.37
118.39
118.41
118.52
118.54
118.56
118.58
118.84
118.95
118.97
118.98
119.10
119.11
119.13
119.15
119.27
119.29
119.31
119.33
119.44
119.46
119.48
119.50
119.77
119.87
119.89
119.91
120.02
120.04
120.06
120.08
120.20
120.21
120.23
120.25
120.36
120.38
120.40
120.42
120.67
120.78
120.80
120.82
120.93
120.94
120.97
120.98
121.10
121.12
121.14
121.16
121.27
121.29
121.31
121.33
121.64
121.74
121.76
121.78
121.89
121.91
121.93
121.95
122.07
122.08
122.10
122.12
122.24
122.25
122.27
122.29
122.55
122.65
122.67
122.69
122.81
122.82
122.84
122.86
122.98
123.00
123.02
123.04
123.15
123.17
123.19
123.21
123.51
123.61
123.63
123.65
123.76
123.78
123.80
123.82
123.94
123.95
123.97
124.09
124.10
124.12
124.14
124.41
124.51
124.53
124.55
124.66
124.68
124.70
124.72
124.84
124.86
124.88
124.90
125.01
125.03
125.05
125.07
125.58
125.69
125.71
125.72
125.84
125.86
125.88
125.94
126.07
126.09
126.11
126.13
126.24
126.26
126.28
126.30
126.57
126.67
126.70
126.71
126.83
126.85
126.87
126.89
127.01
127.03
127.05
127.07
127.19
127.20
127.23
127.24
127.56
127.66
127.69
127.70
127.82
127.84
127.86
127.88
128.01
128.02
128.05
128.06
128.18
128.20
128.22
128.24
128.75
128.86
128.88
128.90
129.02
129.04
129.06
129.08
129.20
129.22
129.24
129.26
129.38
129.39
129.42
129.43
129.97
130.07
130.09
130.11
130.23
130.25
130.27
130.29
130.41
130.43
130.55
130.57
130.59
130.61
131.15
131.26
131.28
131.39
131.41
131.43
131.45
131.58
131.59
131.62
131.63
131.75
131.77
131.79
131.81
132.31
132.42
132.44
132.46
132.58
132.60
132.62
132.64
132.77
132.78
132.81
132.83
132.94
132.96
132.98
133.00
133.54
133.65
133.67
133.69
133.81
133.83
133.85
133.87
134.00
134.02
134.04
134.06
134.18
134.20
134.23
134.24
134.53
134.63
134.66
134.68
134.80
134.82
134.84
134.86
134.99
135.00
135.03
135.05
135.16
135.18
135.21
135.23
135.50
135.61
135.64
135.66
135.77
135.79
135.82
135.84
135.96
135.98
136.01
136.03
136.15
136.16
136.19
136.21
136.70
136.81
136.83
136.85
136.97
136.99
137.02
137.03
137.16
137.18
137.20
137.22
137.34
137.36
137.39
137.40
137.94
138.05
138.07
138.19
138.21
138.23
138.25
138.38
138.39
138.42
138.44
138.56
138.58
138.60
138.62
139.16
139.26
139.29
139.31
139.43
139.44
139.47
139.49
139.62
139.63
139.66
139.68
139.80
139.82
139.84
139.86
140.14
140.24
140.27
140.29
140.41
140.43
140.45
140.47
140.60
140.62
140.64
140.66
140.78
140.80
140.83
140.85
141.34
141.45
141.48
141.50
141.62
141.64
141.67
141.69
141.82
141.84
141.86
141.88
142.01
142.03
142.05
142.07
142.07
