0000032768
0000032768
0000032768
0000032768
0000032768
0000032768
0000032768
0000032768
0000032768
0000032768
0000032768
0000032768
0000032768
0000032768
0000032768
0000032768
0000032768
0000032768
0000032768
0000032768
0000032768
0000032768
0000032768
0000032768
0000032768
0000032768
0000032768
0000032768
0000032768
0000032768
0000032768
0000032768
0000032768
0000032768
0000032768
0000032768
0000032768
0000032768
0000032768
0000032768
0000032768
0000032768
0000032768
0000032768
0000032768
0000032768
0000032768
0000032768
0000032768
0000032768
0000032768
0000032768
0000032768
0000032768
0000032768
0000032768
0000032768
0000032768
0000032768
0000032768
0000032768
0000032768
0000032768
0000032768
0000032768
0000032768
0000032768
0000032768
0000032768
0000032768
0000032768
0000032768
0000032768
0000032768
0000032768
0000032768
0000032768
0000032768
0000032768
0000032768
0000032768
0000032768
0000032768
0000032768
0000032768
0000032768
0000032768
0000032768
0000032768
0000032768
0000032768
0000032768
0000032768
0000032768
0000032768
0000032768
0000032768
0000032768
0000032768
0000032768
0000032768
0000032768
0000032768
0000032768
0000032768
0000032768
0000032768
0000032768
0000032768
0000032768
0000032768
0000000001
0000032768
0000000002
0000032768
0000000003
0000032768
0000000002
0000000004
0000000002
0000032768
0000000002
0000000004
0000000002
0000032768
0000000004
0000000004
0000000004
0000032768
0000000002
0000000004
0000000002
0000032768
0000000002
0000000004
0000000002
0000032768
0000000004
0000032768
0000000005
0000032768
0000000004
0000032768
0000000004
0000000002
0000032768
0000000002
0000000005
0000000002
0000032768
0000000002
0000000006
0000000002
0000032768
0000000003
0000000008
0000000004
0000032768
0000000002
0000000012
0000000001
0000032768
0000000004
0000000014
0000000004
0000032768
0000000005
0000000017
0000000006
0000032768
0000000006
0000000015
0000000006
0000032768
0000000009
0000000015
0000000010
0000032768
0000000008
0000000018
0000000008
0000032768
0000000007
0000000025
0000000006
0000032768
0000000005
0000000031
0000000005
0000032768
0000000006
0000000038
0000000006
0000032768
0000000009
0000000051
0000000016
0000032768
0000000016
0000000056
0000000014
0000032768
0000000020
0000000066
0000000024
0000032768
0000000028
0000000075
0000000025
0000032768
0000000031
0000000083
0000000036
0000032768
0000000038
0000000100
0000000038
0000032768
0000000027
0000000114
0000000029
0000032768
0000000031
0000000132
0000000037
0000032768
0000000035
0000000156
0000000033
0000032768
0000000045
0000000176
0000000054
0000032768
0000000059
0000000195
0000000055
0000032768
0000000055
0000000213
0000000066
0000032768
0000000067
0000000237
0000000064
0000032768
0000000074
0000000277
0000000077
0000032768
0000000085
0000000316
0000000086
0000032768
0000000086
0000000349
0000000098
0000032768
0000000102
0000000390
0000000001
0000000116
0000000003
0000032768
0000000005
0000000129
0000000006
0000000437
0000000006
0000000133
0000000005
0000032768
0000000006
0000000145
0000000005
0000000481
0000000003
0000000147
0000000001
0000032768
0000000144
0000000001
0000000544
0000000001
0000000160
0000000003
0000032768
0000000003
0000000171
0000000003
0000000598
0000000002
0000000189
0000000003
0000032768
0000000004
0000000197
0000000008
0000000664
0000000009
0000000206
0000000007
0000032768
0000000008
0000000211
0000000008
0000000718
0000000009
0000000223
0000000011
0000032768
0000000009
0000000233
0000000009
0000000776
0000000006
0000000229
0000000009
0000032768
0000000009
0000000241
0000000009
0000000851
0000000010
0000000244
0000000010
0000032768
0000000010
0000000268
0000000013
0000000948
0000000017
0000000277
0000000013
0000032768
0000000014
0000000279
0000000015
0000001043
0000000012
0000000301
0000000013
0000032768
0000000012
0000000313
0000000012
0000001141
0000000013
0000000351
0000000013
0000032768
0000000011
0000000383
0000000007
0000001239
0000000004
0000000379
0000000003
0000032768
0000000003
0000000389
0000000003
0000001372
0000000006
0000000414
0000000008
0000032768
0000000010
0000000434
0000000014
0000001498
0000000014
0000000436
0000000014
0000032768
0000000016
0000000426
0000000015
0000001602
0000000012
0000000438
0000000014
0000032768
0000000014
0000000462
0000000017
0000001724
0000000016
0000000502
0000000017
0000032768
0000000017
0000000520
0000000021
0000001863
0000000019
0000000551
0000000023
0000032768
0000000025
0000000579
0000000026
0000001991
0000000028
0000000598
0000000034
0000032768
0000000038
0000000625
0000000039
0000002102
0000000042
0000000641
0000000038
0000032768
0000000048
0000000670
0000000052
0000002244
0000000058
0000000709
0000000052
0000032768
0000000049
0000000743
0000000060
0000002396
0000000064
0000000768
0000000068
0000032768
0000000071
0000000796
0000000059
0000002585
0000000055
0000000809
0000000052
0000032768
0000000045
0000000841
0000000039
0000002774
0000000037
0000000854
0000000040
0000032768
0000000042
0000000869
0000000043
0000002962
0000000042
0000000875
0000000043
0000032768
0000000039
0000000901
0000000040
0000003166
0000000048
0000000931
0000000041
0000032768
0000000046
0000000952
0000000059
0000003354
0000000051
0000000966
0000000052
0000032768
0000000055
0000001040
0000000047
0000003526
0000000050
0000001089
0000000047
0000032768
0000000041
0000001152
0000000045
0000003731
0000000044
0000001208
0000000041
0000032768
0000000048
0000001222
0000000057
0000003932
0000000060
0000001252
0000000058
0000032768
0000000053
0000001288
0000000049
0000004146
0000000051
0000001319
0000000054
0000032768
0000000063
0000001333
0000000062
0000004375
0000000073
0000001342
0000000080
0000032768
0000000078
0000001355
0000000084
0000004584
0000000080
0000001405
0000000083
0000032768
0000000092
0000001466
0000000089
0000004825
0000000096
0000001526
0000000096
0000032768
0000000093
0000001601
0000000106
0000005038
0000000111
0000001651
0000000119
0000032768
0000000131
0000001682
0000000133
0000005247
0000000144
0000001751
0000000157
0000032768
0000000155
0000001816
0000000170
0000005485
0000000172
0000001879
0000000160
0000032768
0000000158
0000001908
0000000169
0000005717
0000000157
0000001937
0000000166
0000032768
0000000168
0000001975
0000000159
0000005949
0000000164
0000002061
0000000162
0000032768
0000000155
0000002120
0000000166
0000006182
0000000189
0000002136
0000000188
0000032768
0000000188
0000002156
0000000179
0000006367
0000000186
0000002193
0000000184
0000032768
0000000191
0000002239
0000000195
0000006558
0000000211
0000002255
0000000217
0000032768
0000000226
0000002308
0000000224
0000006779
0000000231
0000002326
0000000234
0000032768
0000000239
0000002410
0000000253
0000006997
0000000249
0000002505
0000000246
0000032768
0000000239
0000002594
0000000251
0000007213
0000000246
0000002627
0000000243
0000032768
0000000271
0000002680
0000000300
0000007425
0000000300
0000002712
0000000301
0000032768
0000000320
0000002796
0000000318
0000007631
0000000315
0000002862
0000000331
0000032768
0000000337
0000002928
0000000330
0000007890
0000000321
0000002976
0000000344
0000032768
0000000337
0000003015
0000000349
0000008138
0000000353
0000003046
0000000350
0000032768
0000000346
0000003091
0000000360
0000008376
0000000337
0000003171
0000000322
0000032768
0000000340
0000003231
0000000337
0000008625
0000000366
0000003268
0000000370
0000032768
0000000394
0000003367
0000000409
0000008857
0000000422
0000003414
0000000422
0000032768
0000000438
0000003482
0000000459
0000009077
0000000473
0000000002
0000003533
0000000502
0000032768
0000000002
0000000522
0000000001
0000003596
0000000001
0000000540
0000000003
0000009300
0000000003
0000000545
0000000001
0000003675
0000000556
0000032768
0000000577
0000000001
0000003763
0000000001
0000000580
0000009500
0000000590
0000003834
0000000595
0000032768
0000000587
0000003886
0000000600
0000009682
0000000601
0000003969
0000000622
0000032768
0000000653
0000004021
0000000002
0000000662
0000000002
0000009908
0000000001
0000000681
0000000001
0000004085
0000000001
0000000714
0000000001
0000032768
0000000002
0000000740
0000000001
0000004128
0000000764
0000010136
0000000759
0000004149
0000000765
0000032768
0000000001
0000000766
0000000001
0000004187
0000000764
0000010357
0000000002
0000000797
0000000003
0000004243
0000000007
0000000820
0000000006
0000032768
0000000006
0000000833
0000000009
0000004319
0000000012
0000000857
0000000016
0000010540
0000000018
0000000847
0000000017
0000004376
0000000015
0000000859
0000000020
0000032768
0000000022
0000000871
0000000019
0000004422
0000000015
0000000871
0000000010
0000010733
0000000007
0000000865
0000000007
0000004461
0000000005
0000000890
0000000006
0000032768
0000000009
0000000911
0000000009
0000004543
0000000007
0000000910
0000000006
0000010965
0000000003
0000000919
0000000003
0000004621
0000000001
0000000951
0000032768
0000000002
0000000955
0000000004
0000004672
0000000003
0000000977
0000000005
0000011170
0000000002
0000000984
0000000001
0000004648
0000000001
0000000987
0000000001
0000032768
0000000002
0000000993
0000000001
0000004735
0000000001
0000000981
0000000001
0000011343
0000000994
0000004767
0000001001
0000032768
0000000995
0000004834
0000000001
0000000990
0000011538
0000000001
0000000976
0000004899
0000000972
0000032768
0000000976
0000004988
0000000001
0000000943
0000011726
0000000948
0000005038
0000000955
0000032768
0000000969
0000000001
0000005128
0000000001
0000000962
0000000002
0000011899
0000000002
0000000947
0000000002
0000005181
0000000947
0000000002
0000032768
0000000003
0000000944
0000000003
0000005300
0000000002
0000000945
0000000003
0000012108
0000000002
0000000944
0000000007
0000005290
0000000006
0000000977
0000000007
0000032768
0000000007
0000000960
0000000008
0000005341
0000000006
0000000972
0000000007
0000012259
0000000011
0000000971
0000000015
0000005321
0000000017
0000000971
0000000016
0000032768
0000000018
0000000990
0000000009
0000005361
0000000011
0000001003
0000000011
0000012405
0000000009
0000000995
0000000009
0000005413
0000000009
0000000990
0000000010
0000032768
0000000008
0000000995
0000000012
0000005492
0000000011
0000000983
0000000009
0000012566
0000000009
0000000992
0000000006
0000005521
0000000003
0000000992
0000000002
0000032768
0000000003
0000001018
0000000003
0000005589
0000000001
0000001025
0000012668
0000001026
0000005620
0000001026
0000032768
0000000001
0000001017
0000000001
0000005720
0000001020
0000012805
0000000001
0000001011
0000000001
0000005729
0000000002
0000001036
0000000001
0000032768
0000000001
0000001043
0000000002
0000005806
0000000002
0000001057
0000000004
0000012974
0000000006
0000001083
0000000014
0000005870
0000000017
0000001092
0000000017
0000032768
0000000020
0000001143
0000000016
0000005920
0000000012
0000001149
0000000006
0000013122
0000000004
0000001189
0000000002
0000005981
0000000002
0000001222
0000000005
0000032768
0000000011
0000001236
0000000009
0000006005
0000000010
0000001276
0000000008
0000013260
0000000008
0000001279
0000000008
0000006042
0000000004
0000001329
0000000003
0000032768
0000000004
0000001318
0000000003
0000006089
0000000004
0000001314
0000000007
0000013371
0000000005
0000001334
0000000005
0000006169
0000000008
0000001329
0000000007
0000032768
0000000006
0000001349
0000000005
0000006218
0000000004
0000001365
0000000005
0000013495
0000000005
0000001385
0000000004
0000006271
0000000004
0000001389
0000000002
0000032768
0000000004
0000001416
0000000003
0000006360
0000000001
0000001419
0000000001
0000013615
0000000001
0000001447
0000000002
0000006385
0000000003
0000001460
0000000002
0000032768
0000000003
0000001478
0000000001
0000006477
0000000004
0000001478
0000000004
0000013725
0000000006
0000001496
0000000008
0000006510
0000000007
0000001473
0000000010
0000032768
0000000014
0000001489
0000000018
0000006574
0000000031
0000001507
0000000045
0000013822
0000000058
0000001533
0000000068
0000006618
0000000076
0000001546
0000000080
0000032768
0000000085
0000001527
0000000084
0000006673
0000000077
0000001529
0000000068
0000013897
0000000066
0000001554
0000000067
0000006676
0000000065
0000001581
0000000063
0000032768
0000000055
0000001607
0000000049
0000006719
0000000048
0000001619
0000000049
0000013961
0000000039
0000001637
0000000026
0000006798
0000000020
0000001650
0000000015
0000032768
0000000011
0000001655
0000000008
0000006852
0000000007
0000001646
0000000009
0000014033
0000000008
0000001658
0000000010
0000006887
0000000005
0000001682
0000000007
0000032768
0000000009
0000001675
0000000008
0000006926
0000000006
0000001671
0000000009
0000014097
0000000014
0000001681
0000000023
0000006942
0000000022
0000001679
0000000022
0000032768
0000000029
0000001672
0000000031
0000006996
0000000034
0000001693
0000000032
0000014164
0000000031
0000001704
0000000035
0000007033
0000000033
0000001668
0000000033
0000032768
0000000032
0000001687
0000000030
0000007089
0000000036
0000001702
0000000036
0000014183
0000000042
0000001688
0000000044
0000007132
0000000049
0000001702
0000000056
0000032768
0000000062
0000001710
0000000065
0000007256
0000000060
0000001713
0000000061
0000014283
0000000053
0000001697
0000000050
0000007271
0000000051
0000001709
0000000056
0000032768
0000000053
0000001671
0000000052
0000007281
0000000056
0000001673
0000000056
0000014322
0000000057
0000001672
0000000049
0000007294
0000000045
0000001638
0000000034
0000032768
0000000024
0000001613
0000000010
0000007336
0000000009
0000001595
0000000005
0000014376
0000000001
0000001597
0000000001
0000007310
0000000001
0000001571
0000000001
0000032768
0000000001
0000001596
0000000001
0000007298
0000000002
0000001567
0000000001
0000014386
0000000001
0000001560
0000007304
0000000003
0000001545
0000000002
0000032768
0000000003
0000001533
0000000002
0000007309
0000000004
0000001514
0000000006
0000014414
0000000011
0000001521
0000000015
0000007336
0000000013
0000001503
0000000014
0000032768
0000000008
0000001492
0000000008
0000007349
0000000013
0000001508
0000000014
0000014453
0000000015
0000001514
0000000017
0000007345
0000000017
0000001535
0000000021
0000032768
0000000026
0000001515
0000000026
0000007380
0000000034
0000001529
0000000038
0000014459
0000000040
0000001529
0000000043
0000007438
0000000047
0000001525
0000000053
0000032768
0000000061
0000001543
0000000066
0000007432
0000000070
0000001551
0000000065
0000014433
0000000068
0000001562
0000000067
0000007490
0000000057
0000001566
0000000047
0000032768
0000000034
0000001604
0000000022
0000007500
0000000014
0000001631
0000000010
0000014443
0000000006
0000001663
0000000002
0000007458
0000000002
0000001665
0000000001
0000032768
0000000001
0000001700
0000000002
0000007492
0000000003
0000001724
0000000001
0000014397
0000001752
0000007452
0000000001
0000001722
0000000001
0000032768
0000001745
0000000001
0000007466
0000000001
0000001738
0000000001
0000014405
0000000002
0000001761
0000000002
0000007459
0000000004
0000001767
0000000005
0000032768
0000000007
0000001769
0000000010
0000007425
0000000011
0000001761
0000000013
0000014418
0000000014
0000001757
0000000020
0000007398
0000000035
0000001762
0000000040
0000032768
0000000052
0000001780
0000000071
0000007424
0000000101
0000001778
0000000131
0000014397
0000000146
0000001788
0000000150
0000007398
0000000152
0000001786
0000000159
0000032768
0000000171
0000001803
0000000192
0000007399
0000000198
0000001814
0000000193
0000014400
0000000197
0000001819
0000000193
0000007410
0000000182
0000001814
0000000167
0000032768
0000000144
0000001799
0000000139
0000007385
0000000135
0000001837
0000000123
0000014430
0000000113
0000001837
0000000097
0000007351
0000000089
0000001829
0000000079
0000032768
0000000066
0000001840
0000000054
0000007332
0000000048
0000001853
0000000034
0000014422
0000000035
0000001862
0000000034
0000007266
0000000021
0000001876
0000000009
0000032768
0000000004
0000001893
0000007286
0000000003
0000001936
0000000003
0000014386
0000000003
0000001940
0000000003
0000007215
0000000002
0000001952
0000000003
0000032768
0000000006
0000001956
0000000008
0000007235
0000000015
0000001955
0000000026
0000014358
0000000035
0000001961
0000000039
0000007207
0000000045
0000001966
0000000042
0000032768
0000000042
0000001961
0000000047
0000007170
0000000046
0000001965
0000000045
0000014355
0000000044
0000001991
0000000062
0000007150
0000000075
0000002005
0000000095
0000032768
0000000112
0000002020
0000000127
0000007150
0000000143
0000002024
0000000172
0000014334
0000000199
0000002014
0000000241
0000007131
0000000259
0000001992
0000000280
0000032768
