1.00781
1.00781
1.01074
1.00977
1.00977
1.00977
1.00781
1.00977
1.00879
1.00879
1.00879
1.01172
1.01172
1.01172
1.01172
1.00781
1.00781
1.00684
1.00684
1.00781
1.00781
1.01172
1.01172
1.01172
1.01172
1.01074
1.01074
1.01074
1.01074
1.01074
1.00977
1.00977
1.00879
1.01172
1.01172
1.0127
1.0127
1.01172
1.01074
1.00879
1.0166
1.01562
1.01562
1.01562
1.01465
1.0127
1.01562
1.02051
1.02051
1.01953
1.01855
1.01953
1.01953
1.01855
1.01855
1.01855
1.01855
1.01953
1.02246
1.02637
1.02637
1.03027
1.03125
1.03125
1.03125
1.03125
1.03125
1.03125
1.03027
1.03223
1.03906
1.03906
1.03906
1.03906
1.03711
1.03906
1.04102
1.04102
1.04102
1.03906
1.04297
1.04297
1.03906
1.03906
1.04785
1.04785
1.04785
1.04785
1.04785
1.0498
1.0498
1.0498
1.05273
1.05273
1.05273
1.05273
1.05957
1.05859
1.05957
1.05957
1.0625
1.0625
1.06055
1.06738
1.07715
1.07715
1.07715
1.07715
1.07715
1.07715
1.07715
1.08887
1.08887
1.08887
1.08887
1.09668
1.08887
1.08887
1.08887
1.08887
1.08887
1.09668
1.09668
1.09668
1.10645
1.10645
1.10645
1.10645
1.10645
1.10645
1.10645
1.10645
1.10645
1.10645
1.10645
1.10645
1.10645
1.10645
1.10742
1.10742
1.10742
1.10742
1.10742
1.10742
1.10742
1.10742
1.1123
1.1123
1.1123
1.11133
1.11133
1.11133
1.11133
1.11133
1.11133
1.11133
1.11133
1.11133
1.12207
1.12207
1.12207
1.12109
1.14746
1.14746
1.14746
1.14746
1.15527
1.15527
1.15527
1.1543
1.1543
1.1543
1.1543
1.1543
1.1543
1.1543
1.1543
1.1543
1.16992
1.16992
1.16992
1.16211
1.16211
1.16211
1.16211
1.16992
1.16992
1.16992
1.16992
1.16992
1.17188
1.17188
1.17188
1.16992
1.16992
1.16992
1.16992
1.16992
1.17773
1.17773
1.17773
1.17676
1.18652
1.18652
1.18652
1.18555
1.18945
1.18945
1.18945
1.18652
1.19043
1.19043
1.19043
1.19141
1.18945
1.18945
1.18945
1.19629
1.19141
1.19141
1.19141
1.2041
1.2041
1.2041
1.2041
1.2041
1.2041
1.2041
1.2041
1.2041
1.20801
1.20801
1.20801
1.20996
1.20996
1.20996
1.20996
1.20898
1.21582
1.21582
1.21582
1.21582
1.21484
1.21484
1.21484
1.21289
1.25195
1.25195
1.25195
1.24023
1.24902
1.24902
1.24902
1.25
1.25098
1.25098
1.25098
1.24414
1.28809
1.28809
1.28809
1.28809
1.28809
1.25098
1.2998
1.2998
1.2998
1.2998
1.2998
1.2998
1.2998
1.28516
1.30469
1.30469
1.30469
1.30469
1.30469
1.30469
1.30469
1.30078
1.2998
1.2998
1.2998
1.2998
1.2998
1.2998
1.28711
1.30273
1.30273
1.30273
1.30273
1.30273
1.30273
1.30273
1.30273
1.30664
1.30664
1.30664
1.30664
1.30664
1.30664
1.30664
1.34082
1.30371
1.30371
1.30371
1.30371
1.30371
1.30371
1.30371
1.30859
1.35059
1.35059
1.35059
1.35059
1.35059
1.35059
1.35059
1.34863
1.36133
1.36133
1.36133
1.36133
1.36133
1.36133
1.36133
1.36133
1.38574
1.38574
1.38574
1.38574
1.38574
1.38574
1.38574
1.38379
1.40137
1.40137
1.40137
1.40137
1.40137
1.40137
1.40137
1.39844
1.39941
1.39941
1.39941
1.39941
1.39941
1.39941
1.39941
1.39941
1.41797
1.41797
1.41797
1.41797
1.41797
1.41797
1.41797
1.41504
1.41504
1.41504
1.41504
1.41504
1.41504
1.41504
1.41504
1.44141
1.44141
1.44141
1.44141
1.44141
1.44141
1.44141
1.44141
1.44531
1.42773
1.42773
1.42773
1.42773
1.42773
1.42773
1.42773
1.44434
1.44434
1.44434
1.44434
1.44434
1.44434
1.44434
1.44434
1.44336
1.44434
1.44434
1.44434
1.44434
1.44434
1.44434
1.44434
1.44531
1.44531
1.44531
1.44531
1.44531
1.44531
1.44531
1.44531
1.44043
1.43848
1.43848
1.43848
1.43848
1.43848
1.43652
1.43652
1.43652
1.43652
1.43652
1.43652
1.43652
1.43652
1.43848
1.43848
1.4375
1.43848
1.43848
1.43848
1.43848
1.43848
1.47266
1.47266
1.4668
1.46582
1.46582
1.46582
1.47949
1.47949
1.47949
1.47949
1.47656
1.47559
1.47559
1.47559
1.47461
1.47461
1.47461
1.47461
1.47168
1.5127
1.5127
1.5127
1.47656
1.47656
1.47656
1.47656
1.5166
1.47559
1.47559
1.47559
1.47266
1.47266
1.47266
1.47266
1.49219
1.50098
1.50098
1.50098
1.49609
1.49609
1.49609
1.49609
1.50098
1.50781
1.50781
1.50781
1.51953
1.51953
1.51953
1.51953
1.52441
1.5459
1.5459
1.5459
1.54492
1.54492
1.54492
1.54492
1.54297
1.55957
1.55957
1.55957
1.60938
1.60938
1.60938
1.60938
1.53906
1.54004
1.54004
1.54004
1.54199
1.54199
1.54199
1.54199
1.53809
1.61816
1.61816
1.61816
1.62402
1.62402
1.62402
1.62402
1.67285
1.6875
1.6875
1.6875
1.69434
1.69434
1.69434
1.69434
1.78223
1.80957
1.80957
1.80957
1.79102
1.79102
1.79102
1.79102
1.83398
1.89551
1.89551
1.89551
1.76367
1.76367
1.76367
1.76367
1.93652
1.9707
1.9707
1.9707
1.95508
1.95508
1.95508
1.95508
1.94531
1.94336
1.94336
1.94336
1.95898
1.95898
1.95898
1.95898
1.98438
1.99219
1.99219
1.99219
1.99023
1.99023
1.99023
1.99023
2.02539
2.00879
2.00879
2.00879
2.01953
2.01953
2.01953
2.01953
2.04297
2.02344
2.02344
2.02344
1.95898
1.95898
1.95898
1.95898
1.98926
1.82031
1.82031
1.82031
1.81152
1.81152
1.81152
1.81152
2.23438
2.28809
2.28809
2.28809
2.28516
2.28516
2.28516
2.28516
2.30469
2.31738
2.31738
2.31738
2.32227
2.32227
2.32227
2.32227
2.31641
2.25293
2.25293
2.25293
2.31738
2.31738
2.31738
2.31738
2.25098
2.24902
2.24902
2.24902
2.24512
2.24512
2.24512
2.24512
2.26465
2.3125
2.3125
2.3125
2.31738
2.31738
2.31738
2.3252
2.32422
2.32422
2.32422
2.32422
2.31934
2.31934
2.31934
2.1582
2.15332
2.15137
2.15137
2.15137
1.87402
1.87402
2.09082
2.09082
1.87012
1.87988
1.87988
1.88672
2.02148
2.02148
1.8877
1.8877
1.88574
1.95117
1.95117
1.95117
1.95605
1.95605
1.9502
1.9502
1.90039
1.89551
1.89551
1.92773
1.9248
1.9248
1.92969
1.92969
1.92871
2.15625
2.1543
2.1543
2.15332
2.15332
2.15332
2.15332
2.24414
2.06055
2.05957
2.05957
2.05273
2.05273
2.05273
2.25488
2.25488
2.22266
2.26953
2.26953
2.26953
2.04395
2.04395
2.04395
2.04395
2.28613
2.28613
2.28613
2.28613
2.6416
2.6416
2.10059
2.93164
2.93164
2.14453
2.14453
2.14453
2.12402
2.12402
2.12305
2.12305
1.94434
3.00586
2.23535
2.23535
2.11328
2.11328
2.47559
2.47559
2.37891
2.0625
2.42383
2.42383
2.42383
2.42383
3.00488
3.00488
3.00488
3.00488
2.51465
2.51465
2.51465
2.51465
2.29004
3.0332
3.0332
3.0332
2.4707
2.4707
3.03613
3.03613
2.09277
2.09277
2.87305
2.95117
2.95117
2.95117
2.9707
2.9707
2.84766
2.84766
2.84766
2.84766
2.7793
2.7793
2.7793
2.7793
2.83105
2.77344
2.77344
2.77344
2.76367
2.76367
2.76367
2.76367
2.77734
2.77734
2.77734
2.77734
2.79102
2.79102
2.79102
2.79102
2.76855
2.75781
2.75781
2.75781
2.86328
2.86328
2.86328
2.86328
2.83398
2.83398
2.83398
2.83398
2.73926
2.73926
2.73926
2.73926
2.78223
2.79395
2.79395
2.79395
2.79199
2.79199
2.79199
2.79199
2.80762
2.80762
2.80762
2.80762
2.83691
2.83691
2.83691
3.01758
2.91797
2.91797
2.91797
3
3
3
3
2.99707
2.99707
2.99707
2.99707
2.99316
2.99316
2.99316
2.99316
2.58008
3.01465
3.01465
3.01465
2.54883
2.54883
2.54883
2.54883
2.56934
2.56934
2.83203
2.83203
2.58496
2.58594
2.5791
2.5791
2.5791
2.58398
2.58398
2.58398
2.58691
2.58691
2.58398
2.58691
2.58789
2.58789
2.58789
2.88477
2.88477
2.58691
2.58691
2.58887
2.58984
2.58984
2.58984
2.58984
2.58984
2.58984
2.59082
2.59082
2.59082
2.59082
2.59082
2.59082
2.59082
2.94531
2.81738
2.81738
2.81738
2.94922
2.94922
2.94922
2.94922
2.9502
2.9502
2.9502
2.9502
2.84473
2.84473
2.84473
2.84473
2.58691
2.52832
2.52832
2.52832
3.0127
3.0127
3.0127
3.0127
2.58398
2.58398
2.58398
2.58398
2.93945
2.93945
2.93945
2.93945
3.00684
3.00293
3.00293
3.00293
2.99805
2.99805
2.99805
2.99805
2.99512
2.99512
2.99512
2.99512
2.99512
2.99512
2.99512
2.99512
2.52148
2.99219
2.99219
2.99219
2.95898
2.95898
2.95898
2.95898
2.98535
2.98535
2.98535
2.98535
2.99512
2.99512
2.99512
2.99512
2.97852
2.9668
2.9668
2.9668
2.98828
2.98828
2.98828
2.97266
2.97266
2.96875
2.96875
2.97852
2.97754
2.97754
2.97754
2.97559
2.97559
2.97559
2.97559
2.97559
2.97559
2.97363
2.97363
2.97363
2.97363
2.97363
2.97461
2.97461
2.97461
2.97266
2.97266
2.97266
2.97266
2.96484
2.96484
2.96484
2.96484
2.95703
2.95703
2.95703
2.95703
2.96094
2.95801
2.95801
2.95801
2.95215
2.95215
2.95215
2.95215
2.9502
2.9502
2.9502
2.9502
2.94629
2.94629
2.94629
2.94629
2.94043
2.93945
2.93945
2.93945
2.93945
2.93945
2.93945
2.93945
2.94531
2.94531
2.94531
2.94531
2.91992
2.91992
2.91992
2.91992
3.00781
3.00586
3.00586
3.00586
2.53125
2.53125
2.53125
2.53125
2.60645
2.60645
2.60645
2.60645
2.88965
2.88965
2.88965
2.88965
2.84961
2.84668
2.84668
2.84668
2.94141
2.94141
2.94141
2.94141
2.53125
2.53125
2.53125
2.53125
2.58203
2.58203
2.58203
2.58203
2.55664
2.48242
2.48242
2.48242
2.50781
2.50781
2.50781
2.50781
2.89844
2.89844
2.89844
2.89844
2.88867
2.88867
2.88867
2.88867
2.91699
2.91504
2.91504
2.91504
2.87793
2.87793
2.87793
2.87793
2.82617
2.82617
2.82617
2.82617
2.89844
2.89844
2.89844
2.89844
2.89453
2.86523
2.86523
2.86523
2.71387
2.71387
2.71387
2.71387
2.91211
2.91211
2.91211
2.91211
2.9707
2.9707
2.9707
2.9707
2.90723
2.95508
2.95508
2.95508
2.91504
2.91504
2.91504
2.91504
2.90723
2.90723
2.90723
2.90723
2.89746
2.89746
2.89746
2.89746
2.9248
3.24023
3.24023
3.24023
2.88281
2.88281
2.88281
2.88281
3.23926
3.23926
3.23926
3.23926
2.91992
2.91992
2.91992
2.91992
3.10742
2.95801
2.95801
2.95801
3.12598
3.12598
3.12598
3.12598
2.83594
2.83594
2.83594
2.83594
3.2168
3.2168
3.2168
3.2168
3.11914
3.15723
3.15723
3.15723
3.11914
3.11914
3.11914
3.11914
3.11523
3.11523
3.11523
3.11523
3.20508
3.20508
3.20508
3.20508
2.89551
3.23633
3.23633
3.23633
2.93652
2.93652
2.93652
2.93652
3.22559
3.22559
3.22559
3.22559
3.23145
3.23145
3.23145
3.23145
3.28027
3.15332
3.15332
3.15332
3.17578
3.17578
3.17578
3.17578
2.86328
2.86328
2.86328
2.86328
2.87305
2.87305
2.87305
2.87305
2.88379
3.15918
3.15918
3.15918
3.18457
3.18457
3.18457
3.18457
3.14746
3.14746
3.14746
3.14746
3.17969
3.17969
3.17969
3.17969
3.24902
3.17969
3.17969
3.17969
3.30176
3.30176
3.30176
3.30176
3.2373
3.2373
3.2373
3.2373
3.21973
3.21973
3.21973
3.21973
3.07324
3.10254
3.10254
3.10254
3.11816
3.11816
3.11816
3.11816
3.12207
3.12207
3.12207
3.12207
3.22754
3.22754
3.22754
3.22754
2.93848
3.11426
3.11426
3.11426
3.23535
3.23535
3.23535
3.23535
3.28125
3.28125
3.28125
2.89844
2.89844
2.89844
2.89844
2.90039
3.02734
3.02734
3.02734
2.88477
2.88477
2.88477
2.88477
3.19336
3.19336
3.19336
3.19336
3.31934
3.31934
3.31934
3.31934
2.72949
3.06543
3.06543
3.06543
3.08984
3.08984
3.08984
3.08984
3.02539
3.02539
3.02539
3.02539
3.41113
3.41113
3.41113
3.41113
3.41016
3.41016
3.41016
3.41016
3.40918
3.40918
3.40918
3.40918
3.41309
3.41309
3.41309
3.41309
3.06152
3.06152
3.06152
3.06152
3.05371
3.05859
3.05859
3.05859
3.05469
3.05469
3.05469
3.05469
3.07227
3.07227
3.07227
3.07227
3.04492
3.04492
3.04492
3.04492
3.04102
3.03711
3.03711
3.03711
3.03418
3.03418
3.03418
3.03418
3.41797
3.41797
3.41797
3.41797
3.0332
3.0332
3.0332
3.0332
3.03906
3.41797
3.41797
3.41797
3.02637
3.02637
3.02637
3.02637
3.41406
3.41406
3.02734
3.02734
3.02734
3.02734
3.42676
3.42773
3.42773
3.42969
3.42969
3.42969
3.42969
3.01074
3.01074
3.01074
3.01074
3.42773
3.42773
3.42773
3.42773
3.42676
3.42871
3.42871
3.42871
3.42773
3.42773
3.42773
3.42773
3.03125
3.03125
3.03125
3.03125
3.42285
3.42285
3.42285
3.42285
3.42969
3.42969
3.42969
3.42969
3.42383
3.42383
3.42383
3.42383
3.40625
3.40625
3.40625
3.40625
3.42676
3.42676
3.42676
3.42676
3.42969
3.42969
3.42969
3.42969
3.42871
3.42871
3.42871
3.42871
3.42773
3.42773
3.42773
3.42773
3.42578
3.42578
3.42578
3.42578
3.42773
3.4248
3.4248
3.4248
3.42871
3.42871
3.42871
3.42871
3.42969
3.42969
3.42969
3.42969
3.42676
3.42676
3.42676
3.42676
3.41406
3.42383
3.42383
3.42383
3.4248
3.4248
3.4248
3.4248
3.42871
3.42871
3.42871
3.42871
3.42969
3.42969
3.42969
3.42969
3.42871
3.42871
3.42871
3.41602
3.41602
3.41602
3.41602
3.42676
3.42676
3.42676
3.42676
3.38672
3.38672
3.38672
3.38672
3.42773
3.42969
3.42969
3.42969
3.42871
3.42871
3.42871
3.42871
3.38477
3.38477
3.38477
3.38477
3.38086
3.38086
3.38086
3.38086
3.41895
3.42773
3.42773
3.42773
3.42969
3.42969
3.42969
3.42969
3.42773
3.42773
3.42773
3.42773
3.41016
3.41016
3.41016
3.41016
3.42188
3.42773
3.42773
3.42773
3.42676
3.42676
3.42676
3.42676
3.4209
3.4209
3.4209
3.4209
3.41602
3.41602
3.41602
3.41602
3.42773
