80567.2
88175.4
91476.2
91118.7
91750.4
92318.1
92921
90574.6
92380.5
91931.3
91817
87149.6
91684.8
82083.1
92620.3
91730.8
91889.8
91882.5
92260.7
92218.9
92150.8
92340.5
92223.6
92257.3
91765
92443.4
92277.7
92390.8
92416.5
92534.3
92544
92220.5
91730.5
91975.5
91735.2
91685.7
86084
91779.7
91676.8
91830.1
91728.8
91763.3
91898.5
91659.4
91162.4
88720.9
91348.2
91334.7
91399.2
91551.4
91292.9
91494.2
91566.4
91310.5
91389.5
91284
91615.9
90918
91234.5
90856.3
90011
91141.5
90118.8
91404.9
91388.6
91232.2
91727.2
90791.8
91172.4
91334.5
90517
90892
91213.8
91701.5
91774
91940
90753.4
91157.4
90698.4
91163.3
84377.5
90742.3
91043.4
91479
90820.4
90843.8
91497.5
91554.6
91742.6
90679.7
90931.3
90928
91118.7
91318.1
91662.7
91785.6
91950.3
91491
91802.6
92089.2
92102.4
92380.2
92670.5
92906.4
89571.1
90531.1
90796.8
91193.6
89568.6
91597.1
91992.9
1039.35
91628.8
1743.38
92046.5
2114.06
91604.4
2101.76
2192.83
2054.57
92450.7
2111.63
2271.49
1783.01
91345.8
2761.76
2588.1
2794.73
91864.7
1818.92
2432.43
2007.45
92097.6
1867.85
2322.08
1714.63
92618.5
2200.51
93152.7
2458.08
92550.6
1814.38
93675.2
2333
1627.82
94171.2
2070.7
3098.97
2206.69
93484.1
2170.67
2868.73
1907
94251.4
654.4
2701.21
2995.88
94060
2332.61
3220.6
1120.96
93944.4
2897.74
3741.36
2941.45
92494.2
2846.03
3974.34
2784.46
92428.4
3108.83
4892.14
3071.45
87377
3842.63
4345.91
4587.69
92372.9
4881.48
4172.35
4525.87
92871
3772.46
4784.84
4646.61
92836.6
3555.1
5588.7
3261.12
92298.6
3798.7
6301.21
4967.68
93431.4
6171.69
7967.63
8258.18
92955.3
8839.23
8750.88
5201.77
92293.3
7024.21
9448.27
8555.3
90996.4
9730.98
8891.18
9193.34
91221.8
9297.65
9348.16
10095.5
90383.8
10180.1
9149.09
11433.6
90322.4
10971.3
10010
9387.59
89910.2
9514.9
9714.57
12003.3
87682.1
13535.8
10109.9
12064.5
88399
14246.7
9792.54
18527.5
87211.1
16441.8
9660.2
19196.4
87633.5
15108.4
9180.34
15755.6
87233.9
15548
9635.02
16134.1
86981.1
12646
9932.52
12202.8
85166.5
12252.2
10991.1
10802.4
86150.1
11075.7
11436.1
11961.4
84784.7
15596.5
11990.6
1472.94
13433.5
2711.42
84632.4
4224.46
15225
3911.87
11708.2
4364.73
16218.6
3684.1
84256.7
4249
16031.5
4148.08
12371.7
3251.03
15227.2
1426.03
84423.8
13562.7
1213.59
12822.8
1284.79
13862.7
2923.38
84541
2677.04
13811.2
2650.7
14210.7
2468.79
15582.3
3292.13
81479.3
3992.59
15954.6
4386.2
14201.5
4722.53
16082.2
4352.8
83346.7
4018.78
16260.1
4670.8
16658.4
4771.15
17775.4
4885.8
84623.3
4566.41
17806.1
4586.22
16692
3924.89
16790.5
4199.7
82242.3
4337.2
16494.3
3561.52
15693.5
4684.17
17229.8
5228.73
78084
4926.46
17528.5
5261.76
16364.1
5145.98
17319.3
4596.32
77027.9
4735.77
18860
4972.26
17467.6
4306.53
18225.7
4397.69
75886
3693.85
19350.2
3631.15
18573.6
3947.39
18858.6
4424.03
77192
5302.49
22535.8
5068.7
19600.5
3423.72
21203.1
2777.28
76442.9
3333.21
21823.6
2610.77
20751.8
4243.52
22267.6
4338.39
73936.9
4145.11
21850.4
5696.32
20012.8
6378.39
21446.5
6017.05
74528.7
5951.25
26356.9
5736.54
21903.6
3972.58
26240.7
3948.66
74199.1
4212.48
28138.9
4478.36
23108.8
4386.7
27203.7
4329.03
74129.6
4438.85
27968.1
5100.77
24754.9
4614.66
27653.6
4408.45
74168.3
4372.88
29606.6
4086.3
25130.2
4269.13
28871.4
5233.78
74719.4
5454.2
30646.7
5620.37
25717.5
5389.81
29624.7
5316.36
74553.9
6776.41
30349.3
6659.34
25967.8
7987.89
30751.4
7072.07
74559.3
7066.35
32757.9
7465.21
26447.9
7706.83
31457.6
9216.97
72863.3
7896.92
32087
7213.11
26257.5
6551.71
31112
6781.15
72753.7
5836.18
31540.7
5235.27
28051
5035.98
30629.6
6649.29
72663.3
6306.73
29538.3
6792.35
27924.3
8275.43
30241.6
7752.33
72411.6
8065.42
30391.7
7765.28
28047.7
8627.04
31036.6
7023.4
73209.2
8255.28
34985.5
8947.81
29117.9
7677.54
34427.7
8658.54
71768.7
8617.71
33876.2
8563.89
28217.7
9152.25
34587.8
9121.71
68482.9
8105.07
35844
8389.41
26624.4
9264.5
35191.1
8129.97
70982.3
8619.75
34999.7
8651.3
27523.2
8492.23
33899.1
8514.75
70010.4
7834.41
32025.9
7620.21
28006.1
7813.42
29910.8
9215.42
69611.1
9898.24
33721.8
8643.03
31534.3
9617.65
34386
10386.3
64947.9
11409.9
32797.3
12666.5
30925.2
12141.5
30683.4
13181.8
61104.4
13318.3
33401.8
14504.8
33466.6
14268.5
33876
12516.6
60092.7
12836.5
31464.5
11885.3
37228
12572.7
36593.2
11941.3
56608.5
13120
32679.2
12323.2
34794.9
13977.5
33743.9
14865.2
57156
14294.8
33875.7
14472.3
35387.4
13303.2
34740.2
13802.9
55562.2
15137.3
33342.4
15634.8
35256.8
15214
32353.4
15114.6
54558.5
15060
32801.6
14291.9
35765.9
14406.6
34322.9
15384.3
54479.7
16288
42164.7
16742
41857.5
18948.3
41919.7
17270.9
53291.9
13595.8
39213.8
13221.6
50349.1
19077.1
43235.6
18046.3
49481
16018.5
37542.2
16773.7
38484.1
15762
36425.4
16448
47748.4
15810.2
36817.3
15973.9
40468.9
15855
36349.3
17732.9
47353.6
17188.8
35276.7
15973.1
40591.5
16872.6
35961
15448.1
48715.6
14898.3
36627.2
14921.9
40913
15754.2
37021.6
17333.4
48583.3
20396.8
35448.3
20899.7
41438.9
19075.2
36540.6
18014.9
47156.6
18171.2
36735.2
18911.4
41387.8
17349.2
36124.2
21621
49862.9
18141.6
36115.7
18092.8
45255.7
18063.5
40667.9
23068.5
56653.2
19572.2
40342
19091.2
42429
20091
41211.3
20200.5
55517.6
21677.2
40247.4
22632.1
47069.6
22524.1
35916
21003.6
55045.7
18521.5
34583.5
16401.6
47394.5
17965.4
40930.1
17482.7
55563.2
17568.9
35206.6
17038.4
44751.2
16297.9
34833.6
17076.4
48382.5
17836.1
39862.8
17242.5
47691
18852.3
1672.33
39957.2
17857.3
51352.5
2422.57
18065.4
920.336
41716.1
1211.85
17106.2
1941.23
49318.5
1974.6
16398.5
759.288
42418.3
16548.2
57015.4
22546.9
577.613
40850.4
717.319
17435.6
48805.1
18475.7
40682.1
16928.3
52622.9
20869.6
39485.4
18503
46060.2
16073.7
37416.2
16544.8
44395.2
16103.5
39832.9
1813.8
17023.6
2143.94
41361.3
433.035
15796.2
731.559
40184
787.015
15904.2
824.343
52781.7
1588.39
18895.1
890.592
37078.7
17032.4
39251.2
19321.7
42371.9
17931.2
37662.7
735.121
19570.5
651.286
42727.4
18103.3
43243.4
1767.33
19136.6
2030.01
42097
3722.83
18909.8
3403.27
38146.3
2596.52
18449.8
3142.7
41498.8
3671.18
18218.1
3703.7
47103.5
3182.43
18526
3295.08
40433
3314.83
17618.2
3660.67
44242.3
4256.83
17713.9
3599.75
41367.7
4004.01
16133.5
3640.92
44007
3090.78
15281.7
3715.18
40531.2
3412.76
15070.8
3453.36
43237.9
3735.85
16388.8
3938.25
41679.7
3557.72
16382.7
3192.74
46474.5
2403.29
16104.3
2499.73
40475.5
813.315
15843.7
35452
1339.02
16078.9
2970.96
41031.6
2562.46
15926.6
3111
36079.8
1413.29
15271.1
674.844
39793
826.96
15195
856.329
40424
1828.45
15398.7
876.775
40954
785.65
15005.7
742.739
36283.2
14866.5
40145.2
14678.7
40429.1
14232.6
34625.7
871.882
13593.4
36205.6
702.168
13584.7
34668.5
13187.8
40677.1
13071.2
35293.8
878.92
12220.8
35074.3
12703.5
32479.3
12961.2
40338.9
14002.4
1000.13
32798.2
803.838
13770.2
1267.47
34968.6
1806.57
13538.2
1611.66
37982.5
14023.4
1943.17
36837.5
2083.61
14744
2480.29
40068.9
1406.11
14192.2
2255.39
34848.5
1553.72
14093.7
3172.45
38188.9
3311.78
15332.8
3380.36
39771.2
5023.88
15125.3
3779
36852.3
3273.68
15514.3
3643.65
34878.8
3261.2
15431.7
3676.21
37351
3596.94
15810.5
3568.19
35537.2
3761.41
15768.6
3552.08
36942.7
3559.11
15567.7
3588.28
34722.6
3336.62
16071.4
2777.09
36642.1
3118.28
16169
3026.19
40974.3
3308.02
16244.4
4234.99
37350.2
4196.78
16568.6
3534.58
35279.4
3202.76
16654.8
3059.13
33275.2
2071.91
17320.4
1595.81
36003.9
2060.71
17064.9
2021.08
33406.5
712.121
17380.4
38690.7
16373.8
36067.5
16647.2
35525.2
1023.75
17597.5
772.291
35356.2
17216.4
36482.6
814.927
17849.1
711.537
36153.2
1569.33
18869.6
764.601
35392.7
809.711
18891.4
1607.14
35838.1
1701.51
18985.8
2367.74
36914.7
2425.55
20060.4
2892.22
36243.7
3168.9
17686.1
3130.58
35477.7
2874.92
20745.9
2750.29
36636.5
2546.84
21627.5
2318.34
38133
2222.81
21127.6
1795.98
37386.6
1736.5
20846.3
3562.72
36116.1
5090.56
21330
3963.44
34701.5
4376.14
21373.6
4125.41
39866.9
3575.11
20926
2964.51
35761.6
2125.96
19698.8
2043.64
37304.8
2543.39
20788.9
2113.49
32142.3
3084.82
19369.5
3722.26
37203.1
2943.67
18937.7
2594.14
37267.4
3566.03
18945.4
3917.65
38401.9
3416.11
19207.5
3196.87
37851.1
2369.8
21817.5
2702.07
37906.7
2559.55
20233.4
2440.41
32613.2
1925.98
20031.2
1595.53
43813.4
2183.14
19836.7
2221.72
32970.3
1007.84
19633
955.921
39276.6
860.455
19104.4
1519.46
37731.1
2285.86
18627.5
1496.5
36982.5
2516.37
19151
784.841
33005.1
2468.5
18760
2372.14
41776.1
2654.87
18268.9
2726.4
33791.8
2653.48
17573
2849.82
37515.3
3977.89
18219.2
3502.05
32763
4003.79
19990.5
4532.91
32876.1
4325.93
20900
4146.02
32847.8
4075.57
19820.1
4130.51
35803.3
4464.24
19159.6
4641.83
34119.4
4017.13
19780.2
3827.6
34196.3
3301.55
17153.3
3462.76
29667.7
3819.88
17748.1
3980.1
37397.6
5368.95
21486
4968.48
31400
4595.59
17545.5
4098.79
30633
4542.51
18209.3
4005.42
39214.2
3720.59
20427.2
3968.09
33240.9
3560.74
17686.2
3709.47
33192.5
2514.34
19818.7
2435.57
43421.2
2581.95
20672.4
3639.43
36244
3376.77
18584.7
2326.53
34430
4532.05
18948.8
4756.29
33893.9
3447.71
16674.6
4095.02
35904.1
4488.88
18315
4469.95
36449.1
3560.17
18284.5
3821.42
37412.7
3750.13
18310.7
3527.27
35331.2
3619.74
18523.2
3496.96
31277.5
3837.99
19355.4
3704.27
36303.3
3843.63
19450.1
3628.08
37960.5
3383.61
18655.6
3432.67
35866
3614.18
18069.5
3419.59
36123.2
3426.63
17068.7
3256.22
34413.5
3429.41
16447.8
3788.58
37842.8
3923.76
17332.2
3766.91
36304.1
4118.01
19605.7
3565.02
33813.2
3176.56
18863.2
2870.39
38821.1
2716.86
17157.5
2853.77
38393.9
2911.01
16176.3
2882.71
40462.7
3082.49
18755
2878.94
40834.2
3080.5
18719.9
2898.73
37876.4
2981.93
17564.9
2923.11
35786.4
2793.7
15628.1
2539.16
40834.3
1887.25
15405.2
1946.24
33629.3
836.658
16613.5
859.059
38174
623.541
16608.2
608.355
40416.2
906.217
17448.9
856.399
34887.4
1183.96
16522.1
731.49
38526.1
755.196
15098.8
31066
1760.03
17176.9
1236.55
39761.6
1869.5
17550.5
1542.37
33379.4
2519.5
16409
3046.25
35034.5
3533.54
17708.5
3340.98
31326.2
3598.64
15258
4010.63
39331.3
4086.9
16006.8
2940.38
31050.9
3474.78
15855.8
2909.76
36484.7
2792.82
17131.8
2717.59
36684.7
2306.27
17745.5
2329
36994.5
2589.22
17053.4
2609.54
32143.5
2686.74
17164.9
2701.63
32556.9
2658.57
19430
2680.05
32410
3513.74
15913.6
3364.96
33808.1
3349.99
17354.2
3238.76
30021.5
3622.7
18410.7
3555.02
30307.8
3428.79
18233.7
3350.78
30687.5
3179.11
17877.8
2936.38
34223.9
3588.96
16129.5
3973.05
31032.4
3871.96
16994.8
3736.07
33760
3236.72
16906.3
1324.83
30916.3
1032.02
17146.9
833.244
33756.1
595.817
17844.2
1414.06
31543.7
1921.54
16755.8
899.358
33727.9
16088.2
28994.5
654.012
16218.8
582.197
36331.1
16801.6
673.666
28584.2
744.438
15598.3
705.864
32539.1
1291.11
16384.3
1261.99
24549.9
2223.88
14996.4
2232.21
34407.3
2262.64
14140.2
2326.15
24697.9
2494
13897
2380.34
28347.3
2421.26
13264
2380.61
25032.8
2641.41
14151.9
2723.69
36142
3486.53
12110
3470.57
24465
3655.52
13248.6
3459.58
29434
4327.27
14587.6
4131.88
24215.2
4219.52
15194.5
4059.83
36139.3
4193.75
14242.6
4087.39
23832.4
4433.05
14541
4197.15
28795.7
4451.29
14068.1
4075.96
22679.8
4603.24
14691.9
4384.59
35553.9
4585.09
13412.6
4372.64
22912.2
4314.01
12712.8
4024.49
28501.5
4161.75
12669.2
3899.47
23945.7
3150.41
11614.5
2998.65
35250.5
3374.22
12948.5
3284.56
22372.4
3999.98
11105.4
3313.51
28988.3
3527.76
11369.5
3732.77
22977.5
3277.38
12326.3
2761.66
35365.2
2095.21
12038.7
25754.1
1740.27
12034.5
1694.69
29564
1872.79
11967.7
1864.56
22981.4
1272.78
10667
2070.59
36463.8
3724.6
11913.3
3702.5
24096.3
3830.78
11813.3
3432.92
27422.5
3618.02
10853.2
3388.28
22284.2
3046.55
10693.3
2850.29
36044.3
2830.38
10653.1
2947.76
23874.2
3859.86
11040.8
3697.22
26798
3811.07
10744.4
3310.44
21874.7
2950.96
10338.2
2823.79
34616.7
3657.33
10910
3430.91
20852.2
4072.21
9800.64
3644.4
25130.5
4124.88
11555.6
3704.53
19875.7
4536.9
10465.8
4072.48
34084.8
