1.05414
1.06791
1.04258
1.0473
1.04009
1.03378
1.03028
1.05571
1.03439
1.04024
1.03983
1.09409
1.04405
1.15869
1.03325
1.04171
1.03963
1.03967
1.03728
1.03762
1.03701
1.03584
1.03957
1.03693
1.04402
1.03377
1.0359
1.03504
1.03393
1.03442
1.03233
1.03526
1.0416
1.0415
1.04202
1.04259
1.10722
1.04184
1.04202
1.04245
1.04141
1.04184
1.04148
1.04249
1.04907
1.0754
1.04856
1.04761
1.04848
1.04627
1.04772
1.0481
1.04581
1.04891
1.04984
1.04781
1.04653
1.0546
1.0487
1.05004
1.06081
1.05128
1.06243
1.04964
1.04791
1.04975
1.04675
1.05652
1.05119
1.0516
1.06045
1.0572
1.05581
1.0506
1.05
1.04991
1.06989
1.06063
1.0616
1.06222
1.14128
1.06695
1.06567
1.06139
1.07062
1.07067
1.06438
1.06432
1.06445
1.07888
1.07706
1.0765
1.07699
1.07528
1.07164
1.07146
1.07096
1.07892
1.07394
1.07307
1.07401
1.07126
1.07039
1.06921
1.10875
1.09956
1.09618
1.09184
1.1097
1.0897
1.08652
1.96029
1.09266
2.31615
1.08769
2.65374
1.09287
1.89672
3.35697
2.05983
1.08523
2.07941
3.34108
2.13525
1.09857
3.08054
2.84757
2.81873
1.09218
2.25735
2.93883
2.02651
1.09092
2.16306
3.02906
2.30485
1.08543
3.14694
1.07874
3.87352
1.08666
4.03576
1.07434
3.04962
2.35356
1.06968
2.02597
2.96723
1.78241
1.07709
1.96757
3.56168
2.06679
1.07028
7.09674
4.9578
2.59495
1.069
1.79799
5.53771
1.76729
1.07229
2.7456
5.57717
2.69926
1.08887
3.50526
5.99683
3.80483
1.08859
3.56907
4.48421
3.8431
1.14943
3.95738
5.18339
3.58973
1.09043
2.78072
5.17607
3.03359
1.08564
3.33283
6.56224
2.32018
1.08288
2.47429
5.94154
2.83171
1.08875
2.90395
6.13091
2.29165
1.07683
2.68473
5.52306
3.09441
1.08175
2.76108
5.4801
3.5316
1.08581
3.72685
5.19491
3.67785
1.10291
3.29719
5.72893
3.65229
1.10263
4.15003
5.72676
4.09225
1.10916
4.16941
6.18462
3.62871
1.1082
3.18789
5.9323
3.60646
1.11285
4.08452
6.24004
3.32351
1.14158
3.02403
6.18033
3.52258
1.13273
3.16295
6.60909
2.87554
1.14724
3.3733
6.76705
2.7175
1.14012
3.58449
7.3273
3.54656
1.14223
3.54636
7.09864
3.27081
1.14674
4.51754
6.94454
4.67891
1.16781
4.94173
6.35334
5.56299
1.15495
5.49338
6.35027
5.45757
1.17204
4.18641
5.94222
1.45349
4.71216
2.25112
1.1708
2.3449
4.32931
3.19853
6.22833
2.49719
4.08849
2.72615
1.17587
2.73396
4.19328
2.43806
5.94541
1.94962
4.50885
1.5675
1.17468
5.07415
1.77377
5.77963
1.73788
5.05502
2.22843
1.17519
2.42708
5.11333
2.59195
5.20773
1.71518
4.6868
1.76569
1.21426
2.00965
4.61873
3.23586
5.32233
3.17599
4.69576
2.97673
1.18925
3.86241
4.60663
3.03994
4.62459
3.55631
4.30023
4.08188
1.17042
3.73611
4.30558
3.41718
4.61841
2.91939
4.56626
4.11768
1.20654
4.06374
4.6905
4.28418
5.00799
3.75275
4.61147
3.44243
1.26689
3.47092
4.62372
3.97958
4.79335
5.08093
4.75193
4.67987
1.28226
5.07104
4.33235
4.90425
4.52574
4.69787
4.51849
5.14294
1.30014
5.54969
4.41025
5.72773
4.24578
5.64859
4.47108
4.78899
1.27878
3.56249
3.72072
2.39946
3.97812
2.24065
3.86635
2.1943
1.29098
1.8456
3.71948
2.36387
3.74351
2.64525
3.61894
3.29478
1.33644
4.1504
3.86758
3.76275
3.92655
3.42975
3.8513
3.52624
1.32316
4.04168
3.17811
3.74508
3.55601
4.84186
3.22985
5.48908
1.32434
5.16664
2.97888
5.13201
3.38735
4.98267
3.07787
5.66039
1.32733
5.86669
3.00995
5.1582
3.1786
5.78398
3.02944
6.96539
1.32862
7.07953
2.88076
7.30299
3.15524
7.84488
2.96991
7.08786
1.31914
7.46946
2.82002
7.22728
3.08739
7.5232
2.93454
7.40916
1.31803
6.64467
2.87664
6.42684
3.07325
6.00941
2.85356
6.29136
1.32067
6.37926
2.6722
6.5048
3.01629
6.71041
2.82561
5.8329
1.34845
6.69584
2.72838
6.64505
3.04343
6.74395
2.81851
6.74022
1.35182
7.23263
2.74593
7.45671
2.84854
7.24495
2.84221
5.98993
1.35083
6.44532
2.90089
5.94988
2.85842
5.02706
2.83075
5.34347
1.35632
5.08016
2.83138
5.20032
2.85202
5.33636
2.77489
5.6106
1.34163
5.53456
2.4191
5.6419
2.74233
5.85747
2.46956
5.31613
1.36789
5.65309
2.55058
5.03268
2.83363
5.04868
2.47115
4.77526
1.42925
5.35356
2.4429
5.25017
3.02152
4.47766
2.47526
4.93911
1.38351
5.12214
2.52633
5.3054
2.93166
5.36687
2.54073
5.11121
1.39688
5.46439
2.65703
5.4229
2.88302
5.20656
2.83678
4.67124
1.40559
4.88077
2.47468
5.41757
2.54108
5.42085
2.41737
5.06627
1.50845
4.51496
2.53089
4.19106
2.59638
4.27467
2.68954
4.13828
1.60285
4.22663
2.48162
3.74531
2.41826
3.87005
2.47008
4.4564
1.63125
4.1588
2.67724
4.58753
2.17976
4.60435
2.30884
4.80062
1.73011
4.43285
2.56707
4.59569
2.31996
4.19186
2.50726
4.15133
1.71392
4.3311
2.47217
4.36766
2.27782
4.68295
2.41487
4.6261
1.76192
4.21449
2.51324
4.15731
2.2938
4.18403
2.57749
4.28023
1.79679
4.26316
2.54417
4.34063
2.26794
4.38847
2.43426
4.18179
1.8029
3.88983
1.98266
4.07362
1.93532
3.65286
2.0024
3.95024
1.83845
4.88611
2.12375
5.02994
1.6064
3.54078
1.91584
3.69378
1.98263
4.08236
2.18012
3.89846
2.09621
4.13498
2.22781
3.96964
2.05437
4.10935
2.24094
4.06942
1.99051
4.05298
2.24883
3.75236
2.07304
3.85043
2.31449
4.06134
1.9908
3.93926
2.28139
4.21435
2.01052
4.28672
2.22877
4.39246
1.96646
4.14255
2.20515
3.85142
2.01387
3.35226
2.27871
3.30874
1.94222
3.61775
2.19622
3.77928
2.07951
3.77049
2.20544
3.60156
1.95441
3.97
2.23346
3.26062
1.96286
3.86422
2.23308
3.81913
1.78324
3.82205
1.99373
2.93886
1.72743
3.42003
2.00224
3.56669
1.8997
3.40418
1.94742
3.42578
1.76386
3.21957
1.97828
3.08586
1.72033
2.96744
2.22073
3.21775
1.77602
3.62495
2.28556
4.05399
1.70314
3.63326
1.93521
3.68559
1.76053
3.66837
2.2586
3.74347
1.81024
3.91615
2.28664
3.78976
2.02084
3.57824
1.97833
3.65804
1.69728
3.35579
2.51954
1.97105
3.53306
1.90304
1.7354
3.61948
2.30349
1.88234
1.82994
3.81158
3.23416
1.64295
2.83739
3.8804
2.86427
1.85497
3.87581
1.71321
2.89454
3.72906
1.9204
2.86789
3.59198
1.66569
3.36433
1.92578
3.63249
1.85579
2.93926
1.98658
3.31038
1.75834
3.7796
2.10527
3.7117
2.20416
3.80926
1.96485
2.14354
3.59305
2.10244
1.95417
4.36699
3.87842
2.8763
1.9521
2.69489
3.80955
2.63504
1.84803
2.73495
3.25543
2.67363
2.09388
3.58903
2.05118
3.19065
1.8356
3.45573
2.60329
3.09396
3.14341
3.51476
1.83229
3.4546
1.87065
2.24961
3.2538
2.94845
1.84555
3.33373
3.24078
2.87494
2.55397
3.79265
3.31269
4.39778
1.85685
4.76077
3.31656
5.59786
1.69947
6.5518
3.27382
6.02434
1.90148
5.59881
3.3682
6.39381
2.2052
5.77269
3.36112
6.08275
1.86694
5.46641
3.7589
4.5061
1.81952
3.9634
3.95686
3.28815
1.90469
2.66919
3.9666
3.14625
2.25394
3.90045
3.66746
3.75838
1.84386
3.37109
3.59645
3.25654
1.72756
2.48617
3.64825
2.51718
1.90348
2.65099
3.68868
2.75379
3.06502
3.68713
2.41723
1.86202
2.39436
3.68263
3.08807
2.22055
2.87078
3.82066
3.27386
1.90596
2.56073
3.7856
2.62015
2.40407
2.24765
3.75716
2.61175
1.85214
2.83821
3.82559
2.98042
2.20705
3.86447
1.89537
3.95667
2.40129
4.01227
2.17799
2.48125
4.14257
2.20834
2.89862
4.13874
2.16984
4.21029
2.38673
4.27097
2.13623
2.39331
4.46923
2.26949
4.32871
2.30749
4.12166
2.40424
3.93331
2.23566
2.30189
2.52843
3.96788
3.33938
2.26557
2.34409
3.96542
2.73911
1.98954
3.91798
2.15246
2.64019
2.84364
3.73288
2.39668
1.89584
2.72066
3.92124
2.75991
2.29389
2.59611
3.96897
3.59638
1.96109
3.0528
3.6266
3.4962
2.42326
2.37441
3.60601
3.39252
2.02015
3.09293
3.60156
3.33286
2.27854
5.12294
3.66895
5.32481
1.98641
5.98168
3.58331
6.02143
2.7258
6.18675
3.62608
4.21252
1.99602
4.91125
3.67891
4.91345
2.27553
4.41301
3.59823
5.33321
2.00892
4.95583
3.52555
5.29495
2.34824
4.11976
3.51682
4.29197
1.96757
4.0305
3.45727
4.04718
2.22427
4.54016
3.40921
3.42721
2.1696
2.85364
3.26006
2.74502
2.6709
3.2387
3.3864
3.28338
2.15192
3.28303
3.2743
2.01997
3.51046
2.005
3.42475
2.6965
2.30299
3.31822
2.63022
2.03494
3.29494
2.13733
2.63965
3.19069
2.91108
1.97525
2.4461
3.03758
2.72188
2.70304
2.87642
3.01824
2.6664
2.00283
2.30401
3.00619
3.17275
2.1133
4.69503
2.89169
6.95924
1.98032
6.97299
3.31837
7.19971
2.69122
9.18266
2.85924
7.97961
1.95714
7.05266
2.74421
4.70723
2.04593
3.40625
2.79934
2.26511
1.91945
2.37415
2.83699
2.5901
2.64467
3.43974
2.77028
3.39495
2.05245
3.54209
2.77957
3.2818
1.9542
3.38467
2.80517
4.57598
1.99487
3.55167
2.95521
2.89589
2.55638
3.08353
2.80451
2.60965
2.21915
2.42368
2.97922
3.12624
2.11119
2.83678
3.07805
3.76624
1.93297
3.61913
3.07236
2.85159
2.4827
3.12809
3.04819
2.71293
1.86748
3.21146
2.63234
3.33614
2.06947
3.38563
2.82874
3.07208
2.19196
3.44399
2.83724
2.48906
2.17952
3.34689
2.90179
2.61127
2.18569
2.13271
2.90827
2.14591
1.97493
2.62441
2.9372
2.65086
1.88123
2.55596
3.05728
2.85942
2.57914
2.3384
2.973
2.807
2.16229
2.942
3.05178
3.17865
1.86261
4.08054
3.10635
4.23074
2.07776
4.62607
3.12098
5.32985
2.53414
4.62666
3.06858
5.84541
2.1551
6.58377
2.75563
6.40847
2.37019
7.42731
2.671
7.82927
2.14098
7.97604
2.77443
7.91707
2.64862
7.90611
2.85728
7.42587
2.04587
8.21662
2.75466
8.51466
2.22916
10.0252
3.15521
9.37465
2.33217
8.58735
3.04246
8.10035
2.52695
6.09025
2.55438
6.20636
2.19551
7.03693
3.1297
7.94649
2.506
6.33002
2.98463
5.63068
1.76156
5.63503
2.65526
4.45636
2.85007
4.13383
3.08534
3.37902
2.07865
4.68888
2.73449
5.82436
1.75368
5.13049
2.57427
4.15151
1.9046
2.38777
2.93419
4.76118
2.73893
3.27472
2.89173
2.67433
2.01765
2.82058
3.24045
2.94833
2.12151
3.71585
2.97323
5.10185
1.8716
5.60474
2.95461
5.68204
2.52137
6.57861
2.99261
6.5975
1.93349
7.22461
2.94397
7.18927
2.44339
6.43035
2.81893
7.00846
1.89457
6.59891
2.82439
7.00116
2.48186
7.89935
2.99387
7.20998
1.90217
7.60517
3.04015
7.8831
2.10569
8.38734
3.23488
8.89436
1.98481
8.76894
3.35113
8.36643
2.48334
8.63214
3.21952
8.7803
1.89949
7.72203
2.81161
8.61666
2.25211
8.99941
2.88076
9.80522
1.76382
10.3643
3.17079
10.1817
2.45395
10.0408
3.35833
10.0164
1.68046
9.7269
2.86467
10.3915
1.85779
9.53732
2.84323
9.75652
1.79515
9.58128
3.04064
9.02509
2.62466
8.65756
3.40932
5.9055
1.6496
6.10861
3.4148
4.6296
2.24298
2.55216
3.15825
2.56845
1.75856
3.38658
3.14595
3.47821
2.31233
2.52463
3.01097
2.53364
1.91313
3.43899
3.1628
2.79335
1.94723
2.76066
3.51494
2.12989
3.52218
2.99394
3.18395
2.34345
3.51399
2.93934
2.6895
1.97375
3.11175
3.09393
3.366
2.12861
4.55842
2.88343
5.77782
2.0968
5.32081
3.32488
4.59507
2.36077
3.2377
3.18761
4.07362
2.1096
4.62703
3.19407
5.78051
2.03335
6.64654
2.99272
7.19683
1.784
8.19443
2.87225
9.14483
2.50236
9.45973
3.04178
9.11672
2.02478
9.00575
2.96004
9.47525
2.27339
10.1756
2.66611
10.4253
2.00323
7.75526
3.13224
8.04824
2.73188
8.49831
2.90668
8.5904
2.1607
8.053
2.69762
8.08631
2.40858
8.52722
2.67903
8.34276
2.10686
8.64416
2.73448
8.64949
2.69632
6.96049
3.0923
5.28973
2.0888
4.13843
2.86689
3.71679
2.17833
3.10657
2.89547
2.97341
2.08456
3.71285
2.81109
2.57438
2.73953
3.64654
2.74827
2.7313
2.04272
2.90327
2.8851
2.60488
2.14488
2.93534
2.20929
3.32674
2.89771
3.71395
2.52953
2.87773
3.21359
2.22271
3.15776
2.98494
3.21165
2.22996
3.53807
2.87112
3.2104
2.58306
3.04346
3.11411
3.56197
2.66541
5.05952
3.31483
5.59854
2.56209
5.59067
3.27474
6.75635
2.52036
6.60348
3.34719
7.62965
2.50816
8.81005
3.18484
8.8917
2.52669
8.00767
3.7909
7.98857
2.57646
8.14534
3.44297
8.37166
2.43215
6.64359
3.03328
6.72702
2.5839
7.09797
2.91631
6.98356
2.52441
7.10545
3.12
7.06743
2.60809
6.74846
3.0211
6.7831
2.4848
6.88043
3.15804
6.98707
2.73935
6.24407
2.93888
6.18979
2.55669
6.61659
3.28692
6.52694
2.68975
6.48777
3.37126
6.58944
2.48607
6.65038
3.38474
6.54777
2.57363
8.44701
3.71205
8.40949
2.55855
7.72136
3.29842
7.38763
2.69081
5.98456
3.7254
6.26518
2.4237
6.22876
3.63845
5.73967
2.61979
5.75212
3.38118
4.35093
2.53978
3.51246
3.45406
2.33353
2.81538
3.44535
3.34759
2.3713
2.90282
3.40875
3.01483
2.5648
3.01839
3.74058
2.6317
2.45176
2.58705
3.44017
3.04449
2.44217
4.17034
3.38673
5.65147
2.52792
6.28075
3.71281
6.36012
2.62359
7.61217
3.72906
7.64493
2.47092
8.24571
3.79846
7.73536
2.43946
5.86772
3.60652
5.76091
2.59614
5.5813
3.69721
6.98064
2.65782
8.3065
3.80862
8.43676
2.57427
7.15067
3.66135
7.17867
2.7838
6.3887
4.0171
6.66697
2.7339
6.23927
3.3103
6.35638
2.903
5.82661
3.70898
5.99482
2.61699
