0.36
1.05
1.48
1.90
2.83
3.25
3.68
4.10
4.53
4.96
5.38
6.08
6.50
6.96
7.70
8.12
8.84
9.54
10.25
10.90
11.32
11.98
12.40
12.83
13.52
14.00
14.71
15.43
16.12
16.81
17.51
18.22
18.90
19.33
20.04
20.47
20.91
21.58
22.27
22.96
23.40
23.92
24.62
25.27
26.03
26.69
27.17
27.87
28.30
29.01
29.67
30.32
31.05
31.50
32.16
32.83
33.55
34.21
34.73
35.46
36.13
36.85
37.59
38.31
38.76
39.50
39.95
40.43
41.11
41.61
42.27
42.94
43.64
44.10
44.81
45.52
46.20
46.86
47.58
48.10
48.84
49.30
49.98
50.69
51.19
51.64
52.09
52.77
53.22
53.95
54.63
55.30
55.37
56.08
56.15
56.60
56.67
57.12
57.20
57.22
57.24
57.69
57.76
57.79
57.81
58.26
58.33
58.36
58.38
58.83
58.90
59.57
59.65
59.67
60.34
60.41
60.44
60.46
61.12
61.20
61.22
61.24
61.74
61.82
61.84
61.86
62.31
62.38
62.41
62.43
62.88
62.96
62.98
63.00
63.46
63.53
63.55
63.57
64.03
64.10
64.13
64.15
65.02
65.09
65.12
65.14
65.59
65.66
65.69
65.71
66.38
66.45
66.48
66.50
67.23
67.30
67.33
67.35
68.07
68.15
68.17
68.20
68.69
68.76
68.79
68.81
69.51
69.59
69.61
69.64
70.09
70.16
70.19
70.21
70.92
71.00
71.02
71.05
71.50
71.58
71.60
71.63
72.34
72.42
72.45
72.47
72.92
73.00
73.02
73.05
73.07
73.52
73.60
73.62
73.65
73.67
74.36
74.44
74.47
74.49
75.22
75.30
75.32
75.34
75.87
75.95
75.98
76.00
76.71
76.79
76.82
76.85
77.56
77.65
77.67
77.70
77.72
77.74
77.76
78.48
78.56
78.58
78.60
78.63
78.65
78.68
78.70
79.43
79.51
79.53
79.55
79.58
79.61
79.63
79.65
80.37
80.45
80.47
80.49
80.52
80.54
80.57
80.59
81.33
81.41
81.43
81.46
81.48
81.51
81.53
82.26
82.34
82.36
82.38
82.42
82.44
82.46
82.48
83.15
83.23
83.26
83.28
83.32
83.34
83.36
83.38
84.08
84.16
84.19
84.21
84.24
84.27
84.29
84.31
84.77
84.85
84.88
84.90
84.94
84.96
84.98
85.00
85.72
85.80
85.82
85.84
85.88
85.91
85.93
85.95
86.63
86.71
86.73
86.75
86.80
86.82
86.84
86.86
87.52
87.61
87.63
87.65
87.70
87.72
87.75
87.77
88.49
88.57
88.60
88.62
88.67
88.69
88.71
88.74
89.23
89.31
89.34
89.36
89.41
89.43
89.45
89.48
89.96
90.04
90.07
90.09
90.14
90.16
90.19
90.21
90.67
90.75
90.78
90.80
90.85
90.87
90.90
90.92
91.38
91.46
91.49
91.51
91.57
91.59
91.62
91.64
92.09
92.18
92.20
92.23
92.29
92.31
92.33
92.36
92.81
92.90
92.93
92.95
93.01
93.03
93.06
93.08
93.77
93.86
93.88
93.90
93.97
93.99
94.02
94.04
94.50
94.58
94.61
94.63
94.70
94.72
94.75
94.77
95.27
95.35
95.38
95.41
95.48
95.50
95.53
95.55
96.02
96.10
96.13
96.15
96.23
96.25
96.28
96.30
96.99
97.07
97.10
97.12
97.20
97.22
97.32
97.34
98.06
98.15
98.18
98.20
98.28
98.30
98.40
98.42
99.10
99.19
99.22
99.24
99.39
99.41
99.44
99.46
99.94
100.02
100.06
100.08
100.23
100.25
100.28
100.30
100.78
100.86
100.90
100.92
101.07
101.09
101.13
101.15
101.62
101.71
101.74
101.77
101.92
101.95
102.12
102.14
102.87
102.96
102.99
103.01
103.17
103.19
103.23
103.25
103.76
103.85
103.88
103.90
104.07
104.09
104.12
104.14
104.62
104.71
104.75
104.77
104.94
104.96
104.99
105.02
105.49
105.58
105.61
105.63
105.80
105.83
105.86
105.88
106.37
106.46
106.49
106.52
106.69
106.71
106.75
106.77
107.25
107.34
107.38
107.40
107.58
107.60
107.64
107.66
108.40
108.49
108.53
108.55
108.73
108.76
108.80
108.82
109.56
109.65
109.69
109.71
109.90
109.92
109.96
109.98
110.72
110.81
110.85
110.88
111.06
111.09
111.13
111.15
111.83
111.92
111.96
111.98
112.17
112.20
112.24
112.26
112.74
112.83
112.87
112.90
113.08
113.11
113.15
113.17
113.90
114.00
114.04
114.07
114.25
114.28
114.30
114.34
114.37
114.39
114.85
114.94
114.96
114.98
115.03
115.04
115.07
115.09
115.28
115.30
115.32
115.34
115.39
115.41
115.43
115.45
115.93
116.02
116.05
116.06
116.11
116.13
116.16
116.17
116.37
116.39
116.42
116.43
116.48
116.50
116.53
116.55
117.02
117.11
117.14
117.16
117.20
117.22
117.25
117.27
117.46
117.48
117.51
117.53
117.57
117.59
117.62
117.64
118.11
118.20
118.23
118.24
118.29
118.31
118.34
118.36
118.56
118.58
118.60
118.62
118.67
118.69
118.72
118.74
119.43
119.52
119.54
119.56
119.61
119.63
119.66
119.68
119.88
119.90
119.93
119.94
119.99
120.01
120.04
120.06
120.55
120.64
120.66
120.68
120.73
120.75
120.78
120.80
120.99
121.01
121.04
121.06
121.11
121.13
121.16
121.18
121.65
121.74
121.77
121.79
121.84
121.86
121.89
121.91
122.10
122.12
122.15
122.17
122.22
122.24
122.27
122.29
122.76
122.85
122.88
122.90
122.96
122.97
123.01
123.03
123.23
123.25
123.27
123.29
123.35
123.37
123.40
123.42
123.91
124.01
124.03
124.05
124.11
124.13
124.23
124.25
124.45
124.47
124.50
124.52
124.57
124.59
124.69
124.71
125.45
125.54
125.56
125.58
125.64
125.66
125.77
125.79
125.99
126.01
126.04
126.06
126.11
126.13
126.24
126.26
126.74
126.83
126.86
126.88
126.93
126.95
127.06
127.08
127.29
127.31
127.34
127.36
127.49
127.51
127.54
127.56
128.28
128.37
128.40
128.42
128.56
128.58
128.61
128.63
128.83
128.85
128.89
128.90
129.04
129.06
129.09
129.11
129.58
129.67
129.71
129.73
129.86
129.88
129.91
129.93
130.14
130.16
130.19
130.21
130.35
130.37
130.40
130.42
130.90
130.99
131.02
131.04
131.17
131.19
131.23
131.25
131.45
131.47
131.51
131.53
131.66
131.68
131.71
131.73
132.22
132.32
132.35
132.37
132.51
132.53
132.56
132.58
132.79
132.81
132.84
132.86
133.00
133.02
133.05
133.07
133.55
133.64
133.67
133.69
133.83
133.85
133.89
133.90
134.12
134.14
134.17
134.19
134.33
134.35
134.39
134.41
135.11
135.20
135.24
135.26
135.40
135.42
135.45
135.47
135.69
135.71
135.74
135.76
135.90
135.92
135.96
135.98
136.47
136.56
136.60
136.62
136.76
136.78
136.82
136.84
137.06
137.08
137.12
137.14
137.28
137.30
137.34
137.36
137.88
137.97
138.01
138.03
138.17
138.20
138.23
138.26
138.49
138.51
138.54
138.57
138.71
138.73
138.77
138.79
139.27
139.37
139.40
139.43
139.57
139.59
139.62
139.65
139.87
139.89
139.92
139.95
140.09
140.11
140.15
140.17
140.67
140.76
140.80
140.82
140.96
140.99
141.02
141.04
141.26
141.28
141.32
141.34
141.48
141.51
141.54
141.56
142.27
142.37
142.41
142.43
142.58
142.60
142.64
142.66
142.90
142.92
142.96
142.98
143.13
143.15
143.19
143.21
143.73
143.83
143.87
143.89
144.04
144.06
144.10
144.12
144.34
144.36
144.40
144.42
144.58
144.60
144.64
144.66
145.19
145.29
145.33
145.35
145.51
145.53
145.57
145.59
145.83
145.85
145.89
145.91
146.07
146.09
146.13
146.15
146.96
147.07
147.11
147.13
147.30
147.32
147.36
147.38
147.62
147.64
147.68
147.70
147.87
147.89
147.93
147.95
148.75
148.87
148.91
148.93
149.09
149.11
149.16
149.18
149.43
149.45
149.49
149.51
149.68
149.70
149.74
149.77
150.56
150.66
150.70
150.73
150.89
150.91
150.95
150.97
151.23
151.25
151.29
151.31
151.47
151.49
151.54
151.56
152.10
152.21
152.25
152.27
152.44
152.46
152.50
152.52
152.78
152.80
152.84
152.86
153.03
153.05
153.10
153.12
153.66
153.77
153.82
153.84
154.00
154.02
154.07
154.09
154.35
154.37
154.41
154.43
154.60
154.62
154.66
154.68
155.43
155.54
155.59
155.61
155.78
155.80
155.84
155.87
156.13
156.15
156.19
156.21
156.39
156.41
156.45
156.47
157.25
157.36
157.40
157.43
157.59
157.62
157.66
157.68
157.95
157.97
158.02
158.04
158.21
158.23
158.28
158.30
158.85
158.96
159.01
159.03
159.20
159.22
159.27
159.29
159.56
159.58
159.63
159.65
159.83
159.85
159.90
159.92
160.46
160.57
160.62
160.64
160.82
160.84
160.89
160.91
161.18
161.21
161.26
161.28
161.46
161.48
161.53
161.56
162.36
162.58
162.63
162.65
162.83
162.86
162.91
162.93
163.21
163.23
163.29
163.31
163.49
163.52
163.57
163.59
164.20
164.32
164.37
164.40
164.58
164.60
164.66
164.68
164.96
164.98
165.04
165.06
165.24
165.27
165.32
165.34
165.95
166.08
166.13
166.15
166.34
166.36
166.42
166.44
166.73
166.75
166.81
166.83
167.02
167.04
167.10
167.13
167.77
167.90
167.95
167.98
168.17
168.20
168.25
168.28
168.57
168.60
168.65
168.68
168.87
168.90
168.95
168.98
169.83
169.96
170.01
170.04
170.23
170.26
170.31
170.34
170.63
170.65
170.71
170.74
170.93
170.96
171.02
171.04
171.66
171.79
171.84
171.87
172.06
172.09
172.15
172.17
172.47
172.50
172.55
172.58
172.77
172.80
172.86
172.88
173.75
173.87
173.93
173.95
174.15
174.18
174.24
174.26
174.55
174.58
174.64
174.66
174.87
174.89
174.95
174.98
175.84
175.97
176.03
176.06
176.25
176.28
176.34
176.37
176.67
176.69
176.75
176.78
176.99
177.02
177.08
177.11
177.74
177.87
177.93
177.96
178.17
178.20
178.25
178.28
178.58
178.61
178.67
178.70
178.91
178.94
179.00
179.03
179.64
179.77
179.83
179.86
180.07
180.10
180.17
180.20
180.51
180.54
180.61
180.64
180.86
180.90
180.96
180.99
181.66
181.81
181.87
181.91
182.13
182.16
182.23
182.27
182.61
182.65
182.71
182.75
182.97
183.01
183.07
183.11
184.02
184.16
184.22
184.25
184.47
184.51
184.57
184.72
185.03
185.07
185.13
185.28
185.49
185.53
185.59
185.73
186.36
186.51
186.57
186.61
186.82
186.86
186.93
187.07
187.38
187.42
187.49
187.63
187.84
187.87
187.94
188.08
188.71
188.85
188.91
188.95
189.17
189.20
189.27
189.41
189.72
189.76
189.83
189.97
190.18
190.21
190.28
190.42
191.29
191.43
191.49
191.53
191.75
191.79
191.85
191.99
192.31
192.34
192.41
192.55
192.76
192.79
192.86
193.00
193.56
193.69
193.75
193.79
194.01
194.04
194.11
194.23
194.55
194.58
194.65
194.78
194.99
195.03
195.18
195.22
196.00
196.14
196.20
196.33
196.55
196.59
196.75
196.79
197.11
197.15
197.31
197.35
197.57
197.61
197.77
197.81
198.62
198.76
198.82
198.96
199.19
199.23
199.40
199.44
199.78
199.82
199.99
200.03
200.27
200.31
200.48
200.52
201.34
201.48
201.55
201.69
201.92
201.96
202.12
202.15
202.49
202.53
202.69
202.73
202.96
203.00
203.16
203.20
203.82
203.97
204.04
204.17
204.40
204.44
204.46
204.62
204.66
204.99
205.03
205.20
205.23
205.47
205.51
205.68
205.71
206.56
206.70
206.86
206.90
207.14
207.18
207.34
207.38
207.72
207.75
207.92
207.96
208.20
208.24
208.41
208.44
209.27
209.41
209.57
209.61
209.85
209.89
210.07
210.11
210.45
210.48
210.65
210.69
210.93
210.97
211.14
211.18
212.04
212.17
212.34
212.38
212.62
212.66
212.83
212.86
213.20
213.24
213.41
213.45
213.70
213.73
213.91
213.94
214.77
214.91
215.08
215.11
215.37
215.40
215.58
215.61
215.94
215.98
216.15
216.18
216.43
216.46
216.63
216.67
217.31
217.45
217.62
217.65
217.90
217.94
218.12
218.15
218.47
218.50
218.68
218.72
218.97
219.01
219.18
219.22
220.06
220.20
220.37
220.40
220.66
220.69
220.88
220.91
221.24
221.28
221.46
221.50
221.75
221.79
221.96
222.00
222.60
222.73
222.91
222.95
223.20
223.24
223.41
223.45
223.78
223.82
224.11
224.14
224.39
224.43
224.60
224.64
225.24
225.38
225.55
225.59
225.84
225.87
226.05
226.09
226.42
226.46
226.63
226.67
226.92
226.95
227.13
227.16
227.76
227.90
228.07
228.11
228.36
228.40
228.59
228.63
229.02
229.06
229.26
229.30
229.59
229.63
229.82
229.87
230.51
230.65
230.84
230.88
231.16
231.20
231.39
231.43
231.78
231.82
231.99
232.03
232.31
232.35
232.54
232.58
233.42
233.56
233.75
233.79
234.07
234.11
234.31
234.35
234.74
234.78
234.98
235.02
235.30
235.34
235.54
235.58
236.51
236.67
236.84
236.89
237.16
237.20
237.40
237.44
237.81
237.86
238.07
238.11
238.39
238.43
238.63
238.67
239.55
239.70
239.89
239.93
240.20
240.24
240.44
240.49
240.87
240.92
241.12
241.16
241.44
241.48
241.68
241.73
242.56
242.71
242.91
242.96
243.24
243.29
243.48
243.52
243.88
243.92
244.13
244.17
244.46
244.51
244.73
244.78
245.48
245.64
245.83
245.87
246.15
246.20
246.40
246.45
246.81
246.86
247.06
247.10
247.38
247.43
247.63
247.68
248.55
248.70
248.90
248.95
249.22
249.27
249.46
249.51
249.85
249.90
250.09
250.14
250.41
250.46
250.66
250.71
251.52
251.67
251.86
251.91
252.18
252.23
252.43
252.48
252.82
252.88
253.07
253.13
253.39
253.44
253.64
253.69
254.28
254.44
254.64
254.69
254.96
254.98
255.03
255.23
255.29
255.64
255.70
255.90
255.95
256.21
256.26
256.45
256.51
257.36
257.52
257.72
257.77
258.04
258.09
258.29
258.34
258.69
258.75
258.95
259.00
259.25
259.30
259.50
259.54
260.41
260.56
260.75
260.80
261.05
261.10
261.30
261.34
261.67
261.71
261.92
261.96
262.22
262.26
262.47
262.52
263.38
263.53
263.73
263.77
264.03
264.07
264.28
264.33
264.67
264.72
264.93
264.98
265.23
265.27
265.48
265.53
266.18
266.34
266.54
266.59
266.85
266.89
267.10
267.14
267.48
267.53
267.74
267.79
268.07
268.11
268.33
268.38
269.26
269.42
269.62
269.67
269.94
269.99
270.20
270.25
270.59
270.64
270.85
270.90
271.17
271.22
271.43
271.49
272.41
272.57
272.78
272.83
273.11
273.15
273.37
273.42
273.76
273.81
274.02
274.07
274.34
274.38
274.60
274.64
275.53
275.68
275.90
275.94
276.20
276.25
276.46
276.51
276.84
276.89
277.11
277.15
277.42
277.46
277.68
277.72
278.65
278.81
279.03
279.07
279.35
279.39
279.61
279.78
280.13
280.17
280.39
280.44
280.72
280.77
280.99
281.04
281.68
281.84
282.06
282.11
282.39
282.44
282.66
282.71
283.06
283.11
283.33
283.37
283.66
283.70
283.92
283.97
284.88
285.04
285.26
285.30
285.60
285.65
285.87
285.92
286.26
286.32
286.54
286.59
286.89
286.93
287.16
287.21
288.10
288.25
288.48
288.53
288.83
288.88
289.12
289.17
289.51
289.56
289.79
289.84
290.14
290.19
290.43
290.48
291.12
291.28
291.51
291.57
291.87
291.93
292.16
292.22
292.59
292.65
292.88
292.94
293.25
293.31
293.54
293.60
294.43
294.60
294.83
294.89
295.19
295.25
295.47
295.52
295.89
295.96
296.19
296.25
296.54
296.59
296.83
296.90
297.55
297.72
297.94
298.00
298.32
298.38
298.61
298.67
299.06
299.12
299.35
299.41
299.72
299.78
300.01
300.08
300.86
300.99
301.05
301.07
301.30
301.32
301.38
301.40
301.71
301.73
301.79
301.82
302.04
302.07
302.13
302.16
302.52
302.54
302.60
302.63
302.85
302.87
302.93
302.95
303.26
303.28
303.35
303.37
303.58
303.61
303.67
303.69
304.34
304.47
304.53
304.55
304.78
304.80
304.87
304.89
305.21
305.23
305.30
305.32
305.56
305.63
306.03
306.11
306.33
306.40
306.70
306.77
306.99
307.06
307.96
308.13
308.35
308.42
308.73
308.79
309.02
309.08
309.48
309.55
309.78
309.84
310.16
310.23
310.46
310.52
311.18
311.36
311.58
311.65
311.97
312.03
312.27
312.33
312.72
312.78
313.01
313.07
313.38
313.44
313.66
313.72
314.56
314.73
314.95
315.01
315.32
315.38
315.61
315.67
316.03
316.09
316.34
316.39
316.70
316.75
316.98
317.04
317.61
317.77
317.99
318.05
318.37
318.43
318.68
318.74
319.11
319.17
319.40
319.46
319.77
319.82
320.05
320.10
320.72
320.90
321.14
321.21
321.50
321.55
321.81
321.87
322.34
322.41
322.66
322.71
323.04
323.10
323.36
323.43
324.31
324.49
324.75
324.82
325.12
325.18
325.42
325.48
325.85
325.91
326.17
326.24
326.58
326.65
326.90
326.98
326.98
