0
0
0.000307974
0.000312716
0.000317532
0.000322421
0.000327386
0.000332428
0.000337546
0.000342744
0.000348022
0.000353381
0.000358823
0.000364348
0.000369959
0.000375656
0.00038144
0.000387314
0.000393278
0.000399334
0.000405483
0.000411727
0.000418067
0.000424505
0.000431042
0.000437679
0.000444419
0.000451262
0.000458211
0.000465267
0.000472431
0.000479706
0.000487093
0.000494594
0.00050221
0.000509943
0.000517796
0.000525769
0.000533865
0.000542086
0.000550433
0.000558909
0.000567516
0.000576255
0.000585128
0.000594139
0.000603288
0.000612577
0.00062201
0.000631589
0.000641314
0.00065119
0.000661217
0.000671399
0.000681738
0.000692235
0.000702895
0.000713719
0.000724709
0.000735869
0.0007472
0.000758706
0.000770389
0.000782252
0.000794298
0.000806529
0.000818948
0.000831559
0.000844364
0.000857366
0.000870568
0.000883974
0.000897586
0.000911408
0.000925442
0.000939693
0.000954163
0.000968856
0.000983775
0.000998924
0.00101431
0.00102992
0.00104578
0.00106189
0.00107824
0.00109484
0.0011117
0.00112882
0.0011462
0.00116385
0.00118178
0.00119997
0.000606898
0.000611553
0.000616244
0.00062097
0.000625733
0.000630532
0.000317077
0.000318291
0.000319509
0.000320732
0.00032196
0.000323192
0.000324429
0.000325671
0.000326918
0.000328169
0.000329425
0.000330686
0.000665174
0.000670276
0.000675417
0.000339649
0.000340949
0.000342254
0.000343564
0.000344879
0.000346199
0.000347524
0.000348854
0.00035019
0.00035153
0.000352875
0.000354226
0.000355582
0.000356943
0.000358309
0.000359681
0.000361057
0.000362439
0.000363827
0.000365219
0.000366617
0.000368021
0.000369429
0.000370843
0.000372263
0.000373688
0.000375118
0.000376554
0.000377995
0.000379442
0.000380894
0.000382352
0.000383816
0.000385285
0.00038676
0.00038824
0.000389726
0.000391218
0.000392715
0.000394218
0.000395727
0.000397242
0.000398762
0.000400289
0.000401821
0.000403359
0.000404903
0.000406453
0.000408008
0.00040957
0.000411138
0.000412712
0.000414291
0.000415877
0.000417469
0.000419067
0.000420671
0.000422281
0.000423897
0.00042552
0.000427149
0.000428784
0.000430425
0.000432072
0.000433726
0.000435386
0.000437053
0.000438726
0.000440405
0.000442091
0.000443783
0.000445481
0.000447187
0.000448898
0.000450616
0.000452341
0.000454073
0.000227688
0.000228123
0.000228559
0.000228996
0.000459307
0.000461065
0.00046283
0.000464601
0.000466379
0.000468165
0.000469957
0.000471755
0.000473561
0.000475374
0.000477193
0.00047902
0.000480853
0.000482694
0.000484541
0.000486396
0.000488258
0.000490127
0.000492003
0.000493886
0.000247651
0.000248125
0.000248599
0.000249075
0.000249551
0.000250028
0.000250506
0.000250985
0.000251465
0.000251946
0.000252427
0.00025291
0.000253394
0.000253878
0.000254364
0.00025485
0.000255337
0.000255825
0.000256315
0.000256805
0.000257296
0.000257788
0.00025828
0.000258774
0.000259269
0.000259765
0.000260261
0.000260759
0.000261258
0.000261757
0.000262258
0.000262759
0.000527026
0.000264269
0.000264774
0.000265281
0.000265788
0.000266296
0.000266805
0.000267315
0.000267826
0.000268339
0.000268852
0.000269366
0.000269881
0.000270397
0.000270914
0.000271432
0.000271951
0.000272471
0.000272992
0.000273513
0.000274036
0.00027456
0.000275085
0.000275611
0.000276138
0.000276666
0.000277195
0.000277725
0.000278256
0.000278788
0.000279321
0.000279855
0.00028039
0.000280927
0.000281464
0.000282002
0.000282541
0.000283081
0.000283622
0.000284165
0.000284708
0.000285252
0.000285798
0.000286344
0.000286892
0.00028744
0.00028799
0.000288541
0.000289092
0.000289645
0.000290199
0.000290754
0.00029131
0.000291867
0.000292425
0.000292984
0.000293544
0.000294105
0.000294667
0.000295231
0.000295795
0.000296361
0.000296928
0.000297495
0.000298064
0.000298634
0.000299205
0.000299777
0.00030035
0.000300924
0.0003015
0.000302076
0.000302654
0.000303233
0.000303812
0.000304393
0.000304975
0.000305558
0.000306143
0.000306728
0.000307314
0.000307902
0.000308491
0.00030908
0.000309671
0.000310264
0.000310857
0.000311451
0.000312047
0.000312643
0.000313241
0.00031384
0.00031444
0.000315041
0.000315644
0.000316247
0.000316852
0.000317458
0.000318064
0.000318673
0.000319282
0.000319892
0.000320504
0.000321117
0.000321731
0.000322346
0.000322962
0.00032358
0.000324198
0.000324818
0.000325439
0.000326062
0.000326685
0.00032731
0.000327935
0.000328562
0.000329191
0.00032982
0.000330451
0.000331083
0.000331716
0.00033235
0.000332985
0.000333622
0.00033426
0.000334899
0.000335539
0.000336181
0.000336824
0.000337468
0.000338113
0.000338759
0.000339407
0.000340056
0.000340706
0.000341358
0.00034201
0.000342664
0.000343319
0.000343976
0.000344633
0.000345292
0.000345953
0.000346614
0.000347277
0.000347941
0.000348606
0.000349272
0.00034994
0.000350609
0.00035128
0.000351951
0.000352624
0.000353299
0.000353974
0.000354651
0.000355329
0.000356008
0.000356689
0.000357371
0.000358054
0.000358739
0.000359425
0.000360112
0.000360801
0.00036149
0.000362182
0.000362874
0.000363568
0.000364263
0.000364959
0.000365657
0.000366356
0.000367057
0.000367759
0.000368462
0.000369166
0.000369872
0.000370579
0.000371288
0.000371998
0.000372709
0.000373422
0.000374136
0.000374851
0.000375568
0.000376286
0.000377005
0.000377726
0.000378448
0.000379172
0.000379897
0.000380623
0.000381351
0.00038208
0.000382811
0.000383543
0.000384276
0.000385011
0.000385747
0.000386484
0.000387223
0.000387964
0.000388705
0.000389449
0.000390193
0.000390939
0.000391687
0.000392436
0.000393186
0.000393938
0.000394691
0.000395446
0.000396202
0.000396959
0.000397718
0.000398479
0.000399241
0.000400004
0.000400769
0.000401535
0.000402303
0.000403072
0.000403843
0.000404615
0.000405388
0.000406163
0.00040694
0.000407718
0.000408498
0.000409279
0.000410061
0.000410845
0.000411631
0.000412418
0.000413206
0.000413996
0.000414788
0.000415581
0.000416376
0.000417172
0.000417969
0.000418769
0.000419569
0.000420371
0.000421175
0.00042198
0.000422787
0.000423596
0.000424406
0.000425217
0.00042603
0.000426845
0.000427661
0.000428478
0.000429298
0.000430118
0.000430941
0.000431765
0.00043259
0.000433417
0.000434246
0.000435076
0.000435908
0.000436742
0.000437577
0.000438413
0.000439252
0.000440091
0.000440933
0.000441776
0.000442621
0.000443467
0.000444315
0.000445164
0.000446016
0.000446868
0.000447723
0.000448579
0.000449436
0.000450296
0.000451157
0.000452019
0.000452884
0.00045375
0.000454617
0.000455486
0.000456357
0.00045723
0.000458104
0.00022938
0.0002296
0.000459857
0.000230258
0.000230478
0.000230699
0.000230919
0.00023114
0.000231361
0.000231582
0.000231803
0.000232024
0.000232246
0.000232468
0.00023269
0.000232912
0.000233135
0.000233358
0.000233581
0.000233804
0.000234027
0.000234251
0.000234475
0.000234699
0.000234923
0.000235148
0.000235372
0.000235597
0.000235822
0.000236048
0.000236273
0.000236499
0.000236725
0.000236951
0.000237178
0.000237404
0.000237631
0.000237858
0.000238085
0.000238313
0.000238541
0.000238769
0.000238997
0.000239225
0.000239454
0.000239683
0.000239912
0.000240141
0.00024037
0.0002406
0.00024083
0.00024106
0.00024129
0.000241521
0.000241752
0.000241983
0.000242214
0.000242445
0.000242677
0.000242909
0.000243141
0.000243373
0.000243606
0.000243839
0.000244072
0.000244305
0.000244538
0.000244772
0.000245006
0.00024524
0.000245474
0.000245709
0.000245944
0.000246179
0.000246414
0.000246649
0.000246885
0.000247121
0.000247357
0.000247593
0.00024783
0.000248067
0.000248304
0.000248541
0.000248779
0.000249016
0.000249254
0.000249493
0.000249731
0.00024997
0.000250208
0.000250447
0.000250687
0.000250926
0.000251166
0.000251406
0.000251646
0.000251887
0.000252127
0.000252368
0.00025261
0.000252851
0.000253093
0.000253334
0.000253576
0.000253819
0.000254061
0.000254304
0.000254547
0.00025479
0.000255034
0.000255277
0.000255521
0.000255766
0.00025601
0.000256255
0.000256499
0.000256744
0.00025699
0.000257235
0.000257481
0.000257727
0.000257973
0.00025822
0.000258467
0.000258714
0.000258961
0.000259208
0.000259456
0.000259704
0.000259952
0.000260201
0.000260449
0.000260698
0.000260947
0.000261196
0.000261446
0.000261696
0.000261946
0.000262196
0.000262447
0.000262698
0.000262949
0.0002632
0.000263451
0.000263703
0.000263955
0.000264207
0.00026446
0.000264712
0.000264965
0.000265219
0.000265472
0.000265726
0.00026598
0.000266234
0.000266488
0.000266743
0.000266998
0.000267253
0.000267508
0.000267764
0.00026802
0.000268276
0.000268532
0.000268789
0.000269045
0.000269303
0.00026956
0.000269817
0.000270075
0.000270333
0.000270592
0.00027085
0.000271109
0.000271368
0.000271627
0.000271887
0.000272147
0.000272407
0.000272667
0.000272928
0.000273188
0.000273449
0.000273711
0.000273972
0.000274234
0.000274496
0.000274758
0.000275021
0.000275284
0.000275547
0.00027581
0.000276074
0.000276337
0.000276602
0.000276866
0.00027713
0.000277395
0.00027766
0.000277926
0.000278191
0.000278457
0.000278723
0.000278989
0.000279256
0.000279523
0.00027979
0.000280057
0.000280325
0.000280593
0.000280861
0.000281129
0.000281398
0.000281667
0.000281936
0.000282205
0.000282475
0.000282745
0.000283015
0.000283285
0.000283556
0.000283827
0.000284098
0.00028437
0.000284641
0.000284913
0.000285186
0.000285458
0.000285731
0.000286004
0.000286277
0.000286551
0.000286825
0.000287099
0.000287373
0.000287648
0.000287923
0.000288198
0.000288473
0.000288749
0.000289025
0.000289301
0.000289577
0.000289854
0.000290131
0.000290408
0.000290686
0.000290963
0.000291241
0.00029152
0.000291798
0.000292077
0.000292356
0.000292636
0.000292915
0.000293195
0.000293475
0.000293756
0.000294036
0.000294317
0.000294599
0.00029488
0.000295162
0.000295444
0.000295726
0.000296009
0.000296292
0.000296575
0.000296858
0.000297142
0.000297426
0.00029771
0.000297994
0.000298279
0.000298564
0.000298849
0.000299135
0.000299421
0.000299707
0.000299993
0.00030028
0.000300567
0.000300854
0.000301142
0.000301429
0.000301717
0.000302006
0.000302294
0.000302583
0.000302872
0.000303162
0.000303451
0.000303741
0.000304031
0.000304322
0.000304613
0.000304904
0.000305195
0.000305487
0.000305779
0.000306071
0.000306363
0.000306656
0.000306949
0.000307242
0.000307536
0.00030783
0.000308124
0.000308418
0.000308713
0.000309008
0.000309303
0.000309599
0.000309895
0.000310191
0.000310487
0.000310784
0.000311081
0.000311378
0.000311676
0.000311974
0.000312272
0.00031257
0.000312869
0.000313168
0.000313467
0.000313766
0.000314066
0.000314366
0.000314667
0.000314967
0.000315268
0.00031557
0.000315871
0.000316173
0.000316475
0.000316778
0.00031708
0.000317383
0.000317687
0.00031799
0.000318294
0.000318598
0.000318902
0.000319207
0.000319512
0.000319818
0.000320123
0.000320429
0.000320735
0.000321042
0.000321348
0.000321656
0.000321963
0.000322271
0.000322578
0.000322887
0.000323195
0.000323504
0.000323813
0.000324123
0.000324432
0.000324742
0.000325053
0.000325363
0.000325674
0.000325985
0.000326297
0.000326609
0.000326921
0.000327233
0.000327546
0.000327859
0.000328172
0.000328486
0.000328799
0.000329114
0.000329428
0.000329743
0.000330058
0.000330373
0.000330689
0.000331005
0.000331321
0.000331638
0.000331955
0.000332272
0.00033259
0.000332907
0.000333225
0.000333544
0.000333863
0.000334182
0.000334501
0.000334821
0.00033514
0.000335461
0.000335781
0.000336102
0.000336423
0.000336745
0.000337067
0.000337389
0.000337711
0.000338034
0.000338357
0.00033868
0.000339004
0.000339328
0.000339652
0.000339976
0.000340301
0.000340626
0.000340952
0.000341278
0.000341604
0.00034193
0.000342257
0.000342584
0.000342911
0.000343239
0.000343567
0.000343895
0.000344224
0.000344553
0.000344882
0.000345212
0.000345541
0.000345872
0.000346202
0.000346533
0.000346864
0.000347195
0.000347527
0.000347859
0.000348192
0.000348524
0.000348857
0.000349191
0.000349524
0.000349858
0.000350193
0.000350527
0.000350862
0.000351198
0.000351533
0.000351869
0.000352205
0.000352542
0.000352879
0.000353216
0.000353553
0.000353891
0.000354229
0.000354568
0.000354907
0.000355246
0.000355585
0.000355925
0.000356265
0.000356606
0.000356946
0.000357287
0.000357629
0.00035797
0.000358313
0.000358655
0.000358998
0.000359341
0.000359684
0.000360028
0.000360372
0.000360716
0.000361061
0.000361406
0.000361751
0.000362097
0.000362443
0.000362789
0.000363136
0.000363483
0.00036383
0.000364178
0.000364526
0.000364874
0.000365223
0.000365572
0.000365921
0.000366271
0.000366621
0.000366971
0.000367322
0.000367673
0.000368024
0.000368376
0.000368728
0.00036908
0.000369433
0.000369786
0.000370139
0.000370493
0.000370847
0.000371201
0.000371556
0.000371911
0.000372266
0.000372622
0.000372978
0.000373334
0.000373691
0.000374048
0.000374406
0.000374763
0.000375121
0.00037548
0.000375839
0.000376198
0.000376557
0.000376917
0.000377277
0.000377638
0.000377999
0.00037836
0.000378721
0.000379083
0.000379445
0.000379808
0.000380171
0.000380534
0.000380898
0.000381262
0.000381626
0.000381991
0.000382356
0.000382721
0.000383087
0.000383453
0.000383819
0.000384186
0.000384553
0.000384921
0.000385288
0.000385656
0.000386025
0.000386394
0.000386763
0.000387133
0.000387503
0.000387873
0.000388243
0.000388614
0.000388986
0.000389357
0.00038973
0.000390102
0.000390475
0.000390848
0.000391221
0.000391595
0.000391969
0.000392344
0.000392719
0.000393094
0.00039347
0.000393846
0.000394222
0.000394599
0.000394976
0.000395353
0.000395731
0.000396109
0.000396487
0.000396866
0.000397246
0.000397625
0.000398005
0.000398385
0.000398766
0.000399147
0.000399529
0.00039991
0.000400292
0.000400675
0.000401058
0.000401441
0.000401825
0.000402209
0.000402593
0.000402978
0.000403363
0.000403748
0.000404134
0.00040452
0.000404907
0.000405293
0.000405681
0.000406068
0.000406456
0.000406845
0.000407234
0.000407623
0.000408012
0.000408402
0.000408792
0.000409183
0.000409574
0.000409965
0.000410357
0.000410749
0.000411142
0.000411534
0.000411928
0.000412321
0.000412715
0.00041311
0.000413504
0.0004139
0.000414295
0.000414691
0.000415087
0.000415484
0.000415881
0.000416278
0.000416676
0.000417074
0.000417473
0.000417872
0.000418271
0.000418671
0.000419071
0.000419471
0.000419872
0.000420273
0.000420675
0.000421077
0.000421479
0.000421882
0.000422285
0.000422688
0.000423092
0.000423497
0.000423901
0.000424306
0.000424712
0.000425117
0.000425524
0.00042593
0.000426337
0.000426745
0.000427152
0.000427561
0.000427969
0.000428378
0.000428787
0.000429197
0.000429607
0.000430018
0.000430429
0.00043084
0.000431252
0.000431664
0.000432076
0.000432489
0.000432902
0.000433316
0.00043373
0.000434145
0.000434559
0.000434975
0.00043539
0.000435806
0.000436223
0.00043664
0.000437057
0.000437474
0.000437892
0.000438311
0.00043873
0.000439149
0.000439568
0.000439989
0.000440409
0.00044083
0.000441251
0.000441673
0.000442095
0.000442517
0.00044294
0.000443363
0.000443787
0.000444211
0.000444635
0.00044506
0.000445485
0.000445911
0.000446337
0.000446764
0.000447191
0.000447618
0.000448046
0.000448474
0.000448902
0.000449331
0.000449761
0.00045019
0.000450621
0.000451051
0.000451482
0.000451914
0.000452345
0.000452778
0.00045321
0.000453643
0.000454077
0.000454511
0.000454945
0.00045538
0.000455815
0.00045625
0.000456686
0.000457123
0.00045756
0.000457997
0.000458434
0.000458872
0.000459311
0.00045975
0.000460189
0.000460629
0.000461069
0.00046151
0.000461951
0.000462392
0.000462834
0.000463276
0.000463719
0.000464162
0.000464605
0.000465049
0.000465494
0.000465938
0.000466384
0.000466829
0.000467275
0.000467722
0.000468169
0.000468616
0.000469064
0.000469512
0.000469961
0.00047041
0.000470859
0.000471309
0.00047176
0.00047221
0.000472662
0.000473113
0.000473565
0.000474018
0.000474471
0.000474924
0.000475378
0.000475832
0.000476287
0.000476742
0.000477198
0.000477654
0.00047811
0.000478567
0.000479024
0.000479482
0.00047994
0.000480399
0.000480858
0.000481317
0.000481777
0.000482237
0.000482698
0.000483159
0.000483621
0.000484083
0.000484546
0.000485009
0.000485472
0.000485936
0.000486401
0.000486865
0.000487331
0.000487796
0.000488262
0.000488729
0.000489196
0.000489663
0.000490131
0.0004906
0.000491068
0.000491538
0.000492007
0.000492477
0.000492948
0.000493419
0.00049389
0.000494362
0.000494835
0.000495308
0.000495781
0.000496255
0.000496729
0.000497203
0.000497679
0.000498154
0.00049863
0.000499107
0.000499583
0.000500061
0.000500539
0.000501017
0.000501496
0.000501975
0.000502455
0.000502935
0.000503415
0.000503896
0.000504378
0.00050486
0.000505342
0.000505825
0.000506308
0.000506792
0.000507276
0.000507761
0.000508246
0.000508732
0.000509218
0.000509705
0.000510192
0.000510679
0.000511167
0.000511656
0.000512145
0.000512634
0.000256501
0.000256623
0.000513614
0.000514105
0.000514596
0.000515088
0.00051558
0.000516073
0.000516566
0.000517059
0.000517553
0.000518048
0.000518543
0.000519039
0.000519534
0.000520031
0.000520528
0.000521025
0.000521523
0.000522021
0.00052252
0.00052302
0.000523519
0.00052402
0.00052452
0.000525021
0.000525523
0.000526025
0.000526528
0.000527031
0.000527535
0.000528039
0.000528543
0.000529048
0.000529554
0.00053006
0.000530566
0.000531073
0.000531581
0.000532089
0.000532597
0.000533106
0.000533615
0.000534125
0.000534636
0.000535147
0.000535658
0.00053617
0.000536682
0.000537195
0.000537708
0.000538222
0.000538736
0.000539251
0.000539766
0.000540282
0.000540798
0.000541315
0.000541832
0.00054235
0.000542868
0.000543387
0.000543906
0.000544426
0.000544946
0.000545467
0.000545988
0.00054651
0.000547032
0.000547555
0.000548078
0.000548602
0.000549126
0.000549651
0.000550176
0.000550702
0.000551228
0.000551755
0.000552282
0.00055281
0.000553338
0.000553867
0.000554396
0.000554926
0.000555456
0.000555987
0.000556518
0.00055705
0.000557582
0.000558115
0.000558648
0.000559182
0.000559716
0.000560251
0.000560786
0.000561322
0.000561859
0.000562395
0.000562933
0.000563471
0.000564009
0.000564548
0.000565087
0.000565627
0.000566168
0.000566709
0.00056725
0.000567792
0.000568335
0.000568878
0.000569422
0.000569966
0.00057051
0.000571056
0.000571601
0.000572147
0.000572694
0.000573241
0.000573789
0.000574337
0.000574886
0.000575435
0.000575985
0.000576536
0.000577087
0.000577638
0.00057819
0.000578742
0.000579296
0.000579849
0.000580403
0.000580958
0.000581513
0.000582069
0.000582625
0.000583181
0.000583739
0.000584296
0.000584855
0.000585414
0.000585973
0.000586533
0.000587093
0.000587654
0.000588216
0.000588778
0.000589341
0.000589904
0.000590467
0.000591032
0.000591596
0.000592162
0.000592727
0.000593294
0.000593861
0.000594428
0.000594996
0.000595565
0.000596134
0.000596703
0.000597274
0.000597844
0.000598416
0.000598987
0.00059956
0.000600133
0.000600706
0.00060128
0.000601855
0.00060243
0.000603005
0.000603582
0.000604158
0.000604736
0.000605314
0.000605892
0.000606471
0.00060705
0.00060763
0.000608211
0.000608792
0.000609374
0.000609956
0.000610539
0.000611122
0.000611706
0.000612291
0.000612876
0.000613462
0.000614048
0.000614635
0.000615222
0.00061581
0.000616398
0.000616987
0.000617577
0.000618167
0.000618758
0.000619349
0.000619941
0.000620533
0.000621126
0.000621719
0.000622314
0.000622908
0.000623503
0.000624099
0.000624696
0.000625292
0.00062589
0.000626488
0.000627087
0.000627686
0.000628286
0.000628886
0.000629487
0.000630088
0.00063069
0.000631293
0.000631896
0.0006325
0.000633105
0.000633709
0.000634315
0.000634921
0.000635528
0.000636135
0.000636743
0.000637351
0.00063796
0.00063857
0.00063918
0.000639791
0.000640402
0.000641014
0.000641627
0.00064224
0.000642853
0.000643468
0.000644083
0.000644698
0.000645314
0.000645931
0.000646548
0.000647166
0.000647784
0.000648403
0.000649023
0.000649643
0.000650264
0.000650885
0.000651507
0.000652129
0.000652753
0.000653376
0.000654001
0.000654626
0.000655251
0.000655877
0.000656504
0.000657131
0.000657759
0.000658388
0.000659017
0.000659647
0.000660277
0.000660908
0.000661539
0.000662171
0.000662804
0.000663437
0.000664071
0.000664706
0.000665341
0.000665977
0.000666613
0.00066725
0.000667888
0.000668526
0.000669165
0.000669804
0.000670444
0.000671085
0.000671726
0.000672368
0.00067301
0.000673654
0.000674297
0.00033739
0.000337551
0.000675587
0.000676232
0.000676878
0.000677525
0.000678172
0.00067882
0.000679469
0.000680118
0.000680768
0.000681419
0.00068207
0.000682722
0.000683374
0.000684027
0.000684681
0.000685335
0.00068599
0.000686645
0.000687301
0.000687958
0.000688615
0.000689273
0.000689932
0.000690591
0.000691251
0.000691912
0.000692573
0.000693235
0.000693897
0.00069456
0.000695224
0.000695888
0.000696553
0.000697219
0.000697885
0.000698552
0.000699219
0.000699887
0.000700556
0.000701225
0.000701896
0.000702566
0.000703238
0.00070391
0.000704582
0.000705255
0.000705929
0.000706604
0.000707279
0.000707955
0.000708631
0.000709308
0.000709986
0.000710665
0.000711344
0.000712023
0.000712704
0.000713385
0.000714066
0.000714749
0.000715432
0.000716115
0.0007168
0.000717485
0.00071817
0.000718856
0.000719543
0.000720231
0.000720919
0.000721608
0.000722297
0.000722988
0.000723679
0.00072437
0.000725062
0.000725755
0.000726448
0.000727143
0.000727837
0.000728533
0.000729229
0.000729926
0.000730623
0.000731321
0.00073202
0.00073272
0.00073342
0.000734121
0.000734822
0.000735524
0.000736227
0.000736931
0.000737635
0.00073834
0.000739045
0.000739751
0.000740458
0.000741166
0.000741874
0.000742583
0.000743292
0.000744003
0.000744714
0.000745425
0.000746138
0.00074685
0.000747564
0.000748278
0.000748993
0.000749709
0.000750426
0.000751143
0.00075186
0.000752579
0.000753298
0.000754018
0.000754738
0.000755459
0.000756181
0.000756904
0.000757627
0.000758351
0.000759076
0.000759801
0.000760527
0.000761254
0.000761981
0.000762709
0.000763438
0.000764168
0.000764898
0.000765629
0.00076636
0.000767092
0.000767825
0.000768559
0.000769294
0.000770029
0.000770764
0.000771501
0.000772238
0.000772976
0.000773715
0.000774454
0.000775194
0.000775935
0.000776676
0.000777418
0.000778161
0.000778905
0.000779649
0.000780394
0.00078114
0.000781886
0.000782633
0.000783381
0.00078413
0.000784879
0.000785629
0.00078638
0.000787131
0.000787883
0.000788636
0.000789389
0.000790144
0.000790899
0.000791655
0.000792411
0.000793168
0.000793926
0.000794685
0.000795444
0.000796204
0.000796965
0.000797726
0.000798489
0.000799252
0.000800015
0.00080078
0.000801545
0.000802311
0.000803078
0.000803845
0.000804613
0.000805382
0.000806152
0.000806922
0.000807693
0.000808465
0.000809237
0.00081001
0.000810784
0.000811559
0.000812335
0.000813111
0.000813888
0.000814666
0.000815444
0.000816223
0.000817003
0.000817784
0.000818565
0.000819347
0.00082013
0.000820914
0.000821698
0.000822484
0.000823269
0.000824056
0.000824844
0.000825632
0.000826421
0.00082721
0.000828001
0.000828792
0.000829584
0.000830377
0.00083117
0.000831964
0.000832759
0.000833555
0.000834351
0.000835149
0.000835947
0.000836746
0.000837545
0.000838345
0.000839146
0.000839948
0.000840751
0.000841554
0.000842358
0.000843163
0.000843969
0.000844775
0.00042269
0.000422892
0.000423094
0.000423296
0.000423499
0.000423701
0.000423903
0.000424106
0.000424308
0.000424511
0.000424714
0.000424917
0.00042512
0.000425323
0.000425526
0.000425729
0.000425932
0.000426136
0.000426339
0.000426543
0.000426747
0.000426951
0.000427155
0.000427359
0.000427563
0.000427767
0.000427971
0.000428176
0.00042838
0.000428585
0.00042879
0.000428994
0.000429199
0.000429404
0.000429609
0.000429815
0.00043002
0.000430225
0.000430431
0.000430636
0.000430842
0.000431048
0.000431254
0.00043146
0.000863538
0.000864363
0.000865189
0.000866016
0.000866843
0.000867671
0.000868501
0.00086933
0.000870161
0.000870993
0.000871825
0.000872658
0.000873492
0.000874326
0.000875162
0.000875998
0.000876835
0.000877673
0.000878512
0.000879351
0.000880191
0.000881032
0.000881874
0.000882717
0.00088356
0.000884405
0.00088525
0.000886096
0.000886942
0.00088779
0.000888638
0.000889487
0.000890337
0.000891188
0.00089204
0.000892892
0.000893745
0.000894599
0.000895454
0.00089631
0.000897166
0.000898023
0.000898882
0.00089974
0.0009006
0.000901461
0.000902322
0.000903184
0.000904047
0.000904911
0.000905776
0.000906641
0.000907508
0.000908375
0.000909243
0.000910112
0.000910981
0.000911852
0.000912723
0.000913595
0.000914468
0.000915342
0.000916217
0.000917092
0.000917969
0.000918846
0.000919724
0.000920602
0.000921482
0.000922363
0.000923244
0.000924126
0.000925009
0.000925893
0.000926778
0.000927663
0.00092855
0.000929437
0.000930325
0.000931214
0.000932104
0.000932995
0.000933886
0.000934779
0.000935672
0.000936566
0.000937461
0.000938357
0.000939253
0.000940151
0.000941049
0.000941948
0.000942848
0.000943749
0.000944651
0.000945554
0.000946457
0.000947362
0.000948267
0.000949173
0.00095008
0.000950988
0.000951896
0.000952806
0.000953716
0.000954628
