0000262144
0000262144
0000262144
0000262144
0000262144
0000262144
0000262144
0000262144
0000262144
0000262144
0000262144
0000262144
0000262144
0000262144
0000262144
0000262144
0000262144
0000262144
0000262144
0000262144
0000262144
0000262144
0000262144
0000262144
0000262144
0000262144
0000262144
0000262144
0000262144
0000262144
0000262144
0000262144
0000262144
0000262144
0000262144
0000262144
0000262144
0000262144
0000262144
0000262144
0000262144
0000262144
0000262144
0000262144
0000262144
0000262144
0000262144
0000262144
0000262144
0000262144
0000262144
0000262144
0000262144
0000262144
0000262144
0000262144
0000262144
0000262144
0000262144
0000262144
0000262144
0000262144
0000262144
0000262144
0000262144
0000262144
0000262144
0000262144
0000262144
0000262144
0000262144
0000262144
0000262144
0000262144
0000262144
0000262144
0000262144
0000262144
0000262144
0000262144
0000262144
0000262144
0000262144
0000262144
0000262144
0000262144
0000262144
0000262144
0000262144
0000262144
0000262144
0000262144
0000000002
0000262144
0000000002
0000262144
0000000002
0000262144
0000000002
0000000002
0000000002
0000262144
0000000002
0000000003
0000000002
0000262144
0000000002
0000000008
0000000002
0000262144
0000000012
0000262144
0000000014
0000000003
0000262144
0000000006
0000000017
0000000008
0000262144
0000000008
0000000017
0000000012
0000262144
0000000012
0000000018
0000000013
0000262144
0000000009
0000000021
0000000007
0000262144
0000000008
0000000025
0000000008
0000262144
0000000004
0000000031
0000000005
0000262144
0000000005
0000000030
0000000006
0000262144
0000000007
0000000036
0000000011
0000262144
0000000014
0000000043
0000000016
0000262144
0000000019
0000000048
0000000022
0000262144
0000000022
0000000069
0000000022
0000262144
0000000023
0000000091
0000000023
0000262144
0000000027
0000000103
0000000030
0000262144
0000000042
0000000118
0000000050
0000262144
0000000052
0000000147
0000000054
0000262144
0000000050
0000000192
0000000048
0000262144
0000000044
0000000236
0000000048
0000262144
0000000048
0000000290
0000000053
0000262144
0000000067
0000000352
0000000079
0000000002
0000262144
0000000002
0000000098
0000000440
0000000119
0000262144
0000000128
0000000540
0000000135
0000262144
0000000147
0000000657
0000000171
0000262144
0000000190
0000000822
0000000190
0000262144
0000000210
0000001005
0000000232
0000262144
0000000256
0000000002
0000001198
0000000002
0000000262
0000000003
0000262144
0000000006
0000000294
0000000006
0000001431
0000000006
0000000321
0000000006
0000262144
0000000007
0000000349
0000000008
0000001686
0000000007
0000000363
0000000005
0000262144
0000000004
0000000406
0000000004
0000001956
0000000004
0000000470
0000000003
0000262144
0000000002
0000000522
0000002276
0000000002
0000000556
0000000002
0000262144
0000000004
0000000587
0000000002
0000002666
0000000003
0000000609
0000000004
0000262144
0000000004
0000000649
0000000004
0000003048
0000000005
0000000676
0000000007
0000262144
0000000005
0000000699
0000000006
0000003481
0000000007
0000000737
0000000008
0000262144
0000000009
0000000789
0000000013
0000003950
0000000010
0000000891
0000000009
0000262144
0000000010
0000000969
0000000010
0000004467
0000000008
0000001007
0000000009
0000262144
0000000018
0000001071
0000000024
0000005078
0000000022
0000001150
0000000017
0000262144
0000000016
0000001210
0000000017
0000005717
0000000022
0000001265
0000000021
0000262144
0000000019
0000001320
0000000024
0000006395
0000000029
0000001378
0000000026
0000262144
0000000023
0000001448
0000000024
0000007165
0000000026
0000001531
0000000018
0000262144
0000000015
0000001620
0000000012
0000007988
0000000019
0000001679
0000000020
0000262144
0000000022
0000001790
0000000026
0000008916
0000000025
0000001865
0000000035
0000262144
0000000035
0000001972
0000000048
0000010007
0000000050
0000002084
0000000049
0000262144
0000000058
0000002230
0000000063
0000011039
0000000065
0000002332
0000000062
0000262144
0000000072
0000002497
0000000078
0000012155
0000000070
0000002552
0000000071
0000262144
0000000063
0000002678
0000000066
0000013294
0000000074
0000002842
0000000080
0000262144
0000000081
0000002994
0000000080
0000014693
0000000086
0000003110
0000000084
0000262144
0000000100
0000003214
0000000102
0000016047
0000000121
0000003344
0000000110
0000262144
0000000108
0000003528
0000000123
0000017552
0000000113
0000003712
0000000112
0000262144
0000000121
0000003860
0000000123
0000019106
0000000127
0000003988
0000000128
0000262144
0000000127
0000004178
0000000133
0000020704
0000000133
0000004355
0000000153
0000262144
0000000161
0000004568
0000000168
0000022466
0000000171
0000004750
0000000168
0000262144
0000000170
0000005005
0000000190
0000024344
0000000194
0000005193
0000000213
0000262144
0000000212
0000005446
0000000190
0000026190
0000000208
0000005599
0000000222
0000262144
0000000219
0000005801
0000000233
0000028194
0000000240
0000006026
0000000264
0000262144
0000000297
0000006339
0000000322
0000030290
0000000317
0000006591
0000000356
0000262144
0000000368
0000006789
0000000379
0000032479
0000000380
0000007073
0000000394
0000262144
0000000445
0000007278
0000000476
0000034817
0000000480
0000007525
0000000491
0000262144
0000000528
0000007739
0000000560
0000037169
0000000601
0000007886
0000000615
0000262144
0000000642
0000008173
0000000671
0000039514
0000000677
0000008428
0000000688
0000262144
0000000727
0000008774
0000000738
0000041967
0000000777
0000009072
0000000792
0000262144
0000000805
0000009392
0000000830
0000044579
0000000851
0000009691
0000000894
0000262144
0000000903
0000010024
0000000932
0000047194
0000000974
0000010316
0000001008
0000262144
0000001033
0000010582
0000001063
0000049893
0000001073
0000010877
0000001122
0000262144
0000001139
0000011323
0000001141
0000052561
0000001167
0000011726
0000001178
0000262144
0000001207
0000012067
0000001247
0000055370
0000001291
0000012543
0000001339
0000262144
0000001373
0000012942
0000001379
0000058069
0000001425
0000000001
0000013381
0000001431
0000000003
0000262144
0000000004
0000001482
0000000007
0000013805
0000000011
0000001512
0000000020
0000060931
0000000022
0000001554
0000000018
0000014228
0000000014
0000001568
0000000019
0000262144
0000000019
0000001614
0000000015
0000014665
0000000015
0000001654
0000000010
0000063826
0000000006
0000001713
0000000002
0000014943
0000000001
0000001771
0000000003
0000262144
0000000004
0000001832
0000000005
0000015382
0000000006
0000001818
0000000010
0000066660
0000000008
0000001833
0000000007
0000015795
0000000004
0000001871
0000000002
0000262144
0000000005
0000001885
0000000003
0000016197
0000000002
0000001922
0000000002
0000069625
0000000004
0000001992
0000000011
0000016549
0000000010
0000002051
0000000009
0000262144
0000000003
0000002096
0000000003
0000016945
0000000003
0000002142
0000000004
0000072609
0000000003
0000002163
0000000005
0000017378
0000000007
0000002202
0000000004
0000262144
0000000004
0000002230
0000000002
0000017872
0000000003
0000002261
0000000003
0000075519
0000000006
0000002291
0000000007
0000018300
0000000004
0000002335
0000000005
0000262144
0000000004
0000002371
0000000003
0000018825
0000000002
0000002420
0000000002
0000078554
0000000002
0000002452
0000000002
0000019290
0000000003
0000002470
0000000005
0000262144
0000000005
0000002526
0000000005
0000019814
0000000004
0000002588
0000000004
0000081503
0000000006
0000002657
0000000004
0000020250
0000000001
0000002692
0000000001
0000262144
0000000002
0000002757
0000000003
0000020700
0000000003
0000002783
0000000004
0000084571
0000000008
0000002796
0000000009
0000021217
0000000011
0000002837
0000000013
0000262144
0000000014
0000002844
0000000018
0000021723
0000000017
0000002915
0000000020
0000087554
0000000023
0000002966
0000000030
0000022215
0000000045
0000003018
0000000044
0000262144
0000000053
0000003111
0000000051
0000022765
0000000054
0000003193
0000000050
0000090541
0000000046
0000003267
0000000034
0000023209
0000000028
0000003274
0000000027
0000262144
0000000018
0000003359
0000000011
0000023889
0000000009
0000003396
0000000011
0000093613
0000000014
0000003440
0000000013
0000024352
0000000013
0000003461
0000000018
0000262144
0000000025
0000003556
0000000033
0000024895
0000000039
0000003617
0000000054
0000096528
0000000065
0000003700
0000000065
0000025342
0000000067
0000003768
0000000068
0000262144
0000000072
0000003829
0000000068
0000025854
0000000068
0000003865
0000000073
0000099383
0000000068
0000003890
0000000056
0000026479
0000000048
0000003955
0000000038
0000262144
0000000033
0000004073
0000000027
0000027102
0000000025
0000004193
0000000031
0000102332
0000000030
0000004277
0000000034
0000027651
0000000030
0000004390
0000000040
0000262144
0000000037
0000004515
0000000035
0000028307
0000000030
0000004643
0000000024
0000105135
0000000033
0000004755
0000000040
0000028736
0000000041
0000004780
0000000047
0000262144
0000000048
0000004934
0000000055
0000029466
0000000055
0000004956
0000000071
0000107964
0000000077
0000005037
0000000096
0000030041
0000000096
0000005132
0000000089
0000262144
0000000098
0000005249
0000000101
0000030518
0000000100
0000005315
0000000101
0000110851
0000000106
0000005458
0000000119
0000031082
0000000123
0000005552
0000000121
0000262144
0000000130
0000005682
0000000138
0000031705
0000000146
0000005800
0000000150
0000113649
0000000154
0000005935
0000000157
0000032298
0000000157
0000006073
0000000168
0000262144
0000000170
0000006221
0000000187
0000032901
0000000187
0000006304
0000000193
0000116478
0000000187
0000006417
0000000180
0000033464
0000000178
0000006499
0000000176
0000262144
0000000175
0000006620
0000000163
0000034281
0000000155
0000006723
0000000147
0000119217
0000000140
0000006803
0000000141
0000034885
0000000132
0000006897
0000000147
0000262144
0000000149
0000007074
0000000153
0000035505
0000000150
0000007215
0000000148
0000121862
0000000165
0000007301
0000000170
0000036007
0000000186
0000007358
0000000199
0000262144
0000000211
0000007475
0000000200
0000036757
0000000213
0000007601
0000000208
0000124572
0000000219
0000007704
0000000216
0000037292
0000000218
0000007739
0000000223
0000262144
0000000225
0000007873
0000000207
0000037999
0000000202
0000008035
0000000205
0000127101
0000000212
0000008129
0000000217
0000038596
0000000210
0000008219
0000000232
0000262144
0000000240
0000008309
0000000253
0000039351
0000000267
0000008462
0000000274
0000129599
0000000295
0000008551
0000000300
0000039954
0000000290
0000008642
0000000282
0000262144
0000000266
0000008797
0000000249
0000040759
0000000250
0000008901
0000000244
0000132017
0000000267
0000009048
0000000254
0000041367
0000000264
0000009158
0000000251
0000262144
0000000248
0000009234
0000000239
0000042158
0000000231
0000009414
0000000230
0000134331
0000000219
0000009511
0000000228
0000042662
0000000229
0000009673
0000000216
0000262144
0000000217
0000009857
0000000218
0000043311
0000000224
0000009993
0000000229
0000136660
0000000225
0000010123
0000000216
0000043809
0000000214
0000010254
0000000236
0000262144
0000000242
0000010504
0000000240
0000044551
0000000244
0000010713
0000000239
0000139018
0000000242
0000010881
0000000244
0000045227
0000000247
0000011024
0000000247
0000262144
0000000260
0000011172
0000000279
0000046069
0000000305
0000011297
0000000333
0000141251
0000000353
0000011443
0000000379
0000046632
0000000387
0000011552
0000000394
0000262144
0000000410
0000011768
0000000421
0000047425
0000000439
0000011823
0000000458
0000143441
0000000474
0000012003
0000000512
0000047965
0000000518
0000012098
0000000546
0000262144
0000000549
0000012298
0000000552
0000048806
0000000575
0000012525
0000000583
0000145514
0000000611
0000012734
0000000611
0000049315
0000000616
0000012913
0000000633
0000262144
0000000651
0000013025
0000000684
0000050088
0000000702
0000013221
0000000697
0000147584
0000000723
0000013288
0000000737
0000050684
0000000727
0000013439
0000000739
0000262144
0000000739
0000013638
0000000716
0000051497
0000000711
0000013811
0000000709
0000149443
0000000684
0000013913
0000000659
0000052181
0000000672
0000014098
0000000648
0000262144
0000000656
0000014372
0000000661
0000053057
0000000656
0000014527
0000000667
0000151248
0000000649
0000014705
0000000644
0000053668
0000000660
0000014793
0000000661
0000262144
0000000657
0000014996
0000000673
0000054485
0000000712
0000015161
0000000733
0000153055
0000000740
0000015247
0000000731
0000055063
0000000739
0000015510
0000000766
0000262144
0000000794
0000015774
0000000824
0000055899
0000000863
0000015966
0000000874
0000154798
0000000884
0000016179
0000000900
0000056542
0000000897
0000016391
0000000918
0000262144
0000000932
0000016481
0000000947
0000057470
0000000979
0000016637
0000001001
0000156478
0000001021
0000016814
0000001006
0000058087
0000001029
0000017021
0000001016
0000262144
0000001043
0000017257
0000001057
0000058844
0000001104
0000017394
0000001084
0000158076
0000001084
0000017533
0000001093
0000059320
0000001068
0000017710
0000001072
0000262144
0000001052
0000017926
0000001097
0000060154
0000001163
0000018138
0000001198
0000159654
0000001225
0000018322
0000001219
0000060612
0000001238
0000018461
0000001251
0000262144
0000001288
0000018613
0000001292
0000061515
0000001281
0000018725
0000001319
0000161081
0000001358
0000018912
0000001400
0000062118
0000001388
0000019093
0000001437
0000262144
0000001489
0000019284
0000001538
0000062908
0000001592
0000019437
0000001613
0000162431
0000001627
0000019592
0000001680
0000063456
0000001732
0000019762
0000001771
0000262144
0000001805
0000019952
0000001860
0000064194
0000001887
0000020093
0000001923
0000163829
0000001972
0000020270
0000002050
0000064636
0000002106
0000020440
0000002109
0000262144
0000002146
0000020617
0000002210
0000065441
0000002236
0000020744
0000002292
0000165089
0000002320
0000020885
0000002324
0000065933
0000002326
0000021050
0000002347
0000262144
0000002382
0000021260
0000002364
0000066573
0000002410
0000021424
0000002475
0000166281
0000002464
0000021570
0000002434
0000067242
0000002409
0000021661
0000002412
0000262144
0000002403
0000021928
0000002404
0000068047
0000002412
0000022060
0000002382
0000167423
0000002342
0000022248
0000002323
0000068574
0000002305
0000022466
0000002288
0000262144
0000002313
0000022686
0000002277
0000069480
0000002267
0000022843
0000002252
0000168572
0000002225
0000022885
0000002233
0000070021
0000002222
0000023009
0000002218
0000262144
0000002255
0000023210
0000002241
0000070942
0000002219
0000023294
0000002229
0000169618
0000002216
0000023381
0000002194
0000071452
0000002181
0000023405
0000002211
0000262144
0000002238
0000023477
0000002248
0000072148
0000002238
0000023635
0000002219
0000170629
0000002266
0000023773
0000002331
0000072656
0000002372
0000023882
0000002467
0000262144
0000002512
0000023988
0000002606
0000073319
0000002653
0000024171
0000002703
0000171513
0000002703
0000024254
0000002760
0000073872
0000002785
0000024374
0000002815
0000262144
0000002833
0000024494
0000002854
0000074740
0000002874
0000024558
0000002918
0000172402
0000002929
0000024781
0000002962
0000075093
0000002985
0000024892
0000003034
0000262144
0000003097
0000025116
0000003096
0000075990
0000003134
0000025166
0000003143
0000173175
0000003119
0000025309
0000003083
0000076388
0000003065
0000025417
0000003007
0000262144
0000003005
0000025699
0000002961
0000077207
0000002935
0000000001
0000025849
0000002936
0000173958
0000002933
0000025921
0000002943
0000077640
0000002922
0000026073
0000002891
0000262144
0000002885
0000026396
0000002913
0000078406
0000002895
0000026570
0000002871
0000174540
0000002866
0000026654
0000002839
0000078822
0000002835
0000026853
0000002840
0000262144
0000002861
0000027027
0000002887
0000079618
0000002890
0000027232
0000002921
0000175066
0000002951
0000027398
0000002968
0000080024
0000002958
0000027539
0000002958
0000262144
0000003010
0000027709
0000002997
0000080709
0000003065
0000027894
0000003069
0000175517
0000003078
0000028074
0000003090
0000080931
0000003052
0000028255
0000003022
0000262144
0000003041
0000028478
0000003081
0000081702
0000003062
0000028606
0000003072
0000175997
0000003071
0000028750
0000003084
0000081998
0000003088
0000028931
0000003082
0000262144
0000003083
0000029147
0000003098
0000082623
0000003127
0000029278
0000003165
0000176441
0000003172
0000029349
0000003184
0000082995
0000003219
0000029294
0000003261
0000262144
0000003309
0000029557
0000003309
0000083707
0000003317
0000029700
0000003292
0000176769
0000003307
0000029785
0000003290
0000084080
0000003305
0000029948
0000003265
0000262144
0000003317
0000030187
0000003357
0000084743
0000003380
0000030323
0000003394
0000177073
0000003445
0000030482
0000003519
0000085015
0000003555
0000030632
0000003584
0000262144
0000003672
0000030926
0000003760
0000085758
0000003810
0000031017
0000003835
0000177298
0000003898
0000031217
0000003998
0000086173
0000004031
0000031436
0000004067
0000262144
0000004140
0000031677
0000004151
0000086886
0000004229
0000031828
0000004253
0000177463
0000004272
0000032042
0000004307
0000087198
0000004315
0000032163
0000004290
0000262144
0000004332
0000032418
0000004359
0000087745
0000004386
0000032571
0000004364
0000177543
0000004411
0000032701
0000004434
0000087975
0000004384
0000032762
0000004367
0000262144
0000004387
0000032970
0000004412
0000088488
0000004458
0000033084
0000004457
0000177533
0000004510
0000033281
0000004561
0000088686
0000004571
0000033415
0000004567
0000262144
0000004609
0000033611
0000004655
0000089198
0000004673
0000033706
0000004628
0000177621
0000004672
0000033928
0000004691
0000089387
0000004669
0000033996
0000004685
0000262144
0000004703
0000034214
0000004715
0000089785
0000004792
0000034364
0000004834
0000177611
0000004876
0000034445
0000004887
0000090059
0000004864
0000034535
0000004825
0000262144
0000004847
0000034607
0000004873
0000090646
0000004877
0000034741
0000004808
0000177607
0000004843
0000034891
0000004799
0000090914
0000004797
0000035100
0000004778
0000262144
0000004798
0000035353
0000004833
0000091442
0000004879
0000035505
0000004948
0000177531
0000005038
0000035554
0000005062
0000091574
0000005150
0000035661
0000005135
0000262144
0000005269
0000035816
0000005314
0000092012
0000005358
0000035987
0000005419
0000177469
0000005514
0000036058
0000005557
0000092166
0000005618
0000036115
0000005674
0000262144
0000005756
0000036432
0000005767
0000092670
0000005812
0000036558
0000005823
0000177210
0000005800
0000036681
0000005770
0000092753
0000005780
0000036786
0000005742
0000262144
0000005767
0000036961
0000005831
0000093153
0000000001
0000005823
0000037043
0000005790
0000176985
0000005786
0000037068
0000005775
0000093424
0000005826
0000037144
0000005771
0000262144
0000005784
0000037351
0000005707
0000093741
0000005712
0000037390
0000005701
0000176719
0000005654
0000037521
0000005708
0000093878
0000005713
0000037679
0000005722
0000262144
0000005752
0000037635
0000005789
0000094370
0000005800
0000037726
0000005810
0000176392
0000005808
0000037927
0000005833
0000094507
0000005847
0000038032
0000005823
0000262144
0000005919
0000038273
0000005935
0000095057
0000006014
0000038415
0000006043
0000175978
0000006091
0000038403
0000006113
0000095075
0000006063
0000038515
0000006098
0000262144
0000006120
0000038717
0000006114
0000095479
0000006086
0000038854
0000006082
0000175503
0000006015
0000039003
0000005973
0000095605
0000005988
0000039030
0000005993
0000262144
0000006040
0000039293
0000006030
0000095890
0000005990
0000039371
0000005936
0000175022
0000005930
0000039397
0000005857
0000095939
0000005785
0000039513
0000005717
0000262144
0000005690
0000039667
0000005615
0000096335
0000005550
0000039672
0000005506
0000174506
0000005529
0000039731
0000005534
0000096239
0000005499
0000039711
0000005539
0000262144
0000005603
0000039859
0000005672
0000096633
0000005701
0000039904
0000005721
0000173972
0000005745
0000039906
0000005718
0000096636
0000005692
0000039966
0000005717
0000262144
0000005816
0000040028
0000005935
0000096873
0000006029
0000040073
0000005993
0000173424
0000005998
0000040150
0000006050
0000096872
0000006075
0000040111
0000006115
0000262144
0000006139
0000040186
0000006186
0000097270
0000006145
0000040156
0000006145
0000172870
0000006155
0000040229
0000006206
0000097184
0000006225
0000040239
0000006190
0000262144
0000006223
0000040331
0000006205
0000097481
0000006187
0000040408
0000006154
0000172312
0000006123
0000040432
0000006110
0000097398
0000006103
0000040390
0000006110
0000262144
0000006147
0000040610
0000006079
0000097674
0000006029
0000040588
0000006002
0000171674
0000005975
0000040619
0000005937
0000097619
0000005850
0000040621
0000005780
0000262144
0000005753
0000040693
0000005771
0000097736
0000005828
0000040697
0000005884
0000170992
0000005947
0000040779
0000006002
0000097687
0000005968
0000040815
0000005950
0000262144
0000005977
0000041031
0000006075
0000097811
0000006151
0000041016
0000006265
0000170356
0000006409
0000041024
0000006531
0000097676
0000006589
0000040992
0000006715
0000262144
0000006852
0000041245
0000006981
0000097809
0000007180
0000041315
0000007244
0000169616
0000007332
0000041259
0000007393
0000097782
0000007399
0000041251
0000007422
0000262144
0000000003
0000007501
0000000005
0000041405
0000000009
0000007501
0000000026
0000097905
0000000077
0000007519
0000000122
0000041413
0000000160
0000007556
0000000163
0000168930
0000000166
0000007557
0000000129
0000041381
0000000109
0000007517
0000000090
0000097817
0000000060
0000007493
0000000047
0000041315
0000000062
0000007521
0000000065
0000262144
0000000066
0000007567
0000000055
0000041419
0000000053
0000007583
0000000034
0000097783
0000000021
0000007627
0000000003
0000041339
0000007618
0000168216
0000007658
0000041314
0000007684
0000097527
0000007695
0000041308
0000007707
0000262144
0000007697
0000041350
0000007604
0000097634
0000007542
0000041261
0000007459
0000167475
0000007407
0000041171
0000007293
0000097329
0000007188
0000041073
0000007058
0000262144
0000007046
0000041142
0000007093
0000097276
0000006989
0000041029
0000006883
0000166672
0000006786
0000040952
0000006699
0000097074
0000006605
0000040876
0000006516
0000262144
0000006487
0000040958
0000006406
0000097091
0000006362
0000040954
0000006325
0000165957
0000006271
0000040812
0000006211
0000096918
0000006183
0000040729
0000006080
0000262144
0000006058
0000040728
0000005984
0000096837
0000005888
0000040698
0000005789
0000165159
0000005745
0000040516
0000005709
0000096609
0000005687
0000040370
0000005678
0000262144
0000005743
0000040398
0000005757
0000096590
0000005806
0000040356
0000005853
0000164466
0000005866
0000040228
0000005868
0000096365
0000005952
0000040149
0000005997
0000262144
0000006044
0000040097
0000006131
0000096446
0000006189
0000040024
0000006320
0000163678
0000006386
0000040027
0000006494
0000096156
0000006607
0000039994
0000006755
0000262144
