48458.1
38027.7
38345.5
38540.4
38615.1
38297.6
38422.8
38358.7
37139.2
36819.8
38022
38154.4
38123
38026.7
38057.3
37880.5
37822.4
37830
37719.7
37665.7
37455
37513.9
37460.7
37386.9
36881.8
36860.7
36853.2
36896.3
36830.8
36734.4
36586.2
36648.9
36632.8
36356.9
36377.2
36418.5
36216.5
36155.4
36211.8
36108.7
36012.3
36024.5
36022.5
35917.6
35871
35851.4
35701.1
35650.2
35669.2
35590
35310.2
35286.3
35497.2
35368.1
35369.3
35337.1
35300.9
35141.2
35076.8
35071.4
34980.1
35088.1
34888.4
34835.7
34790.8
34872.5
34694.6
34669.6
34639.6
34897
34525.5
34513.9
34482.4
34474.2
34751.1
34502
34423.1
34540.5
34504.1
34479.8
34441.7
34417.1
34379
34368.2
34363.3
34566.4
34558.9
34458.8
34470.8
34472.8
34453.2
34738.5
187.14
35032.2
152.173
34681.7
203.443
34751.8
209.956
195.391
197.557
34783.3
192.039
239.263
182.765
35029.9
187.531
644.308
174.365
35111.4
928.609
35087.7
989.971
289.65
34990.5
577.636
1216.2
687.673
35168.2
708.095
1416.84
968.529
35413.7
988.382
1447.05
1134.47
35440.8
968.822
1490.69
640.943
35508.4
760.715
1655.96
770.915
35202.6
315.929
1823.58
434.173
35450.1
458.058
1829.51
506.625
35617.1
601.652
2212.43
952.306
35412.1
1141.02
2483.97
1231.31
35636.9
1626.78
2322.47
1744.22
35777
1740.38
2884.24
1676.99
35823.2
1977.44
3373.69
1770.19
35926.3
2179.18
3978.24
2331.46
35932.1
2898.93
4634.12
3361.92
36208.8
3773.49
4763.03
3818.34
36267.5
3400.95
5199.62
3524.17
36295
4140
5408.91
4076.25
36391.7
4198.53
5227.33
4245.45
36631
4881.86
5579.11
5640.65
182.952
36653.1
204.979
7563.3
6455.73
7651.83
36356.6
7639.96
6548.73
7277.18
36521.3
8175.31
6671.46
7256.72
36703
7850.6
6987.9
7928.68
36836.8
10359.9
7245.89
11498.5
37165.7
12335.3
187.261
7205.59
187.143
11830.4
269.15
37022.8
570.788
13052.1
569.651
7145.37
570.945
14815.2
576.113
37108
743.711
14423.6
785.921
7400.16
643.683
14119.3
432.18
37218.2
389.197
13759.6
366.412
7383.57
325.24
13155.8
284.399
37594.5
205.469
13058.2
7781.03
189.395
13271.6
191.047
37461.9
398.823
12252.5
190.129
7793.79
269.339
12094.8
332.765
37479.6
346.281
12381.6
264.996
7932.4
435.559
13721.6
653.422
37451.3
390.032
13175.1
540.159
8115.64
598.548
14425.8
767.292
37437.7
885.924
15083.1
1047.15
8373.22
889.052
15879
796.535
37594.2
964.414
16854.5
925.835
8423.22
687.402
15893.3
749.592
37491.4
1588.63
15478.9
1876.73
8612.11
1779.97
15998.4
1477.8
37533.9
1452.23
15551.5
1289.95
8759.22
2002.17
16199.3
1791.12
37886.5
2066.15
16755.5
2475.15
9053.72
2903.75
17605.5
2311.62
37923.1
2024.1
17110.4
2071.25
9297.38
2243.58
16816.1
1826.64
37833.2
1331.22
16660.7
1105.12
9452.42
1887.6
16866.9
1889.83
37903.5
2061.91
17503.4
2430.65
9598.4
2144.3
17745.2
3037.58
37888.1
3160.88
17928.3
3934.25
9506.64
4104.56
17767.5
3689.07
38101.4
4696.89
18259.6
5218.77
9668.52
4999.15
18062.5
3818.37
38281.6
5327.21
18779.6
6334.72
10446.6
5644.33
17425.4
5457.66
38143
5054.34
17330.9
5326.15
10677.8
5574.81
17073.5
5992.42
38087.3
6664.81
17494.8
6109.32
10986.8
6257.26
17289.3
6008.09
37895.9
7112.88
17157.7
6686.1
11035.2
7810.97
17007.9
7467.45
37945.7
7961.54
17995.6
8351.68
11252.1
8612.89
18372.5
7641.47
38144.9
8674.16
18789.2
8076.95
12194.6
8673.5
18596.3
8534.84
37631.1
8482.52
18636
7591.96
12307.8
7389.24
18701.2
7716.92
37660.4
8392.34
18822
7991.22
13260.2
7396.86
18850.3
7163.06
37594.6
8719.08
19249.4
9571.49
13765.2
11365.4
19378.4
11610.7
37383.1
11469.1
19537.7
9445.25
14135.1
8985.99
19337.8
8880.38
37296.6
9657.8
19154.2
9989.35
14440.6
9404.05
19571.8
10928.8
37286.5
11761.3
20304.6
13146.1
14819.2
13485.6
19139.2
14192.2
37134.6
14567
19325.1
15212.1
15180.8
15134.1
19401.4
15589.9
37130.6
16205
19067.1
15575.5
15035.9
15397.1
19539.4
13728.6
37432
14589.6
19240.9
14359.4
16261.8
14689.6
18848.3
13998.2
36431.8
13599.5
19587.8
13628.6
16821.8
13209.7
19422.1
13155.3
36766.9
13241.4
19760
13000.2
17281.8
12115.1
19471.9
12049.9
36766.9
11666.2
20517
11872.6
17238.1
11400.9
20472.5
11106.5
36087
10709.4
20447.5
10487.8
17765.1
11023.4
20074.3
10947.9
35802
11545
20325
11502.3
18861.2
11340.1
19812.4
10656.9
35505.3
11144.1
20212
10880.3
19456.4
10744.1
19904.3
10052.3
35667.9
10147.9
20761.1
10400.1
20193.3
10393.6
20574.2
10193.1
35504.7
10908.8
20664.3
10109.2
21101.6
10276.7
84.1959
20375.7
9903.36
257.731
35755.8
350.383
10480.3
615.163
20949.8
990.965
9866.92
1342.9
21524.6
1603.58
9921.09
1596.15
20972.3
1239.17
9171.65
1350.69
35329.6
1800.33
9921.49
1238.37
20980.7
1198.82
9511.68
884.933
22113.9
522.737
9938.43
170.598
20882.7
87.8507
9726.84
268.075
35250.1
360.676
10624.6
442.607
21543.4
506.36
10354
895.978
22690.6
714.655
10742.2
579.16
21182.4
350.586
10197
182.158
35887.6
438.146
10496.4
267.564
21791.5
168.048
10285.7
113.934
23122.8
290.179
10634.5
977.148
21856.8
806.587
10181.9
745.262
35705.4
273.619
11000.4
269.973
21832.1
251.492
10878.7
326.662
24111.3
256.115
10957.5
451.812
21796.3
596.633
10521.2
338.542
35382.2
330.591
11387.9
165.546
21468.4
244.162
11009.8
244.741
26503.7
513.542
11246.5
604.235
21883.3
341.418
10746.7
467.91
35528
361.489
11393.2
246.941
22105.2
180.501
10745.2
163.334
26440.6
170.121
11463.7
175.871
22046.7
250.301
10694.5
440.05
35539.7
409.681
10989.7
399.228
22279.5
327.733
10415.1
325.571
26812.4
497.88
11552.4
327.511
25253.4
80.2234
11076.2
88.4998
35700.9
183.95
10717.4
246.887
22099.8
216.26
11527.3
337.626
28052.6
603.715
11681.3
722.811
24548.3
851.606
11082.3
1037.99
34935.5
1189.64
10981.4
1625.5
25636
1466.69
11209.5
1655.64
27909.3
1848.29
11120.9
2426.89
25474.3
2838.08
10948.6
2820.29
36105.3
3230.38
11102.8
3471.28
24438.8
3293.87
11337.2
3122.1
28795.4
3063.36
10791.2
2597.22
25449.8
2288.56
10626.1
2100.14
36058.6
1546.9
10804.9
881.096
25139.6
711.964
10613.5
902.892
29303.2
1178.19
10634.7
1083.69
24602.6
1009.34
10730.3
1457.5
35968.4
2199.45
12196.6
2345.56
26290.7
2207.28
12061.9
2593.3
30507.3
2785.93
12110.9
2397.73
24061.5
2372.99
11814
2205.04
35989.7
2224.52
12093.4
2363.08
23658.4
2321.85
11798.6
2463.6
30748.5
2734.13
11895.6
2882.29
26730.5
3667.03
13315.4
3149.42
35714.9
2836.97
13378
2265.34
26176.9
2098.52
11652
2360.13
31963.6
2476.3
11688.4
2769.73
26268.4
2633.76
11725.6
3138.17
35732.2
2899.93
11976.5
2673.81
25869.9
2580.99
11746
2010.82
32553.3
2500.87
11683.3
2239.8
27180.3
2490.02
12548.2
2613.49
35469.9
2362.58
12518.8
2255.98
28023.4
2263.01
12537.5
2228.79
32296.5
3223.59
13528.3
3238.2
27343.5
3376.44
13470.3
3396.78
34230.1
3580.59
13671.2
3875.11
27140.2
4047.32
13772.6
3683.4
32319.6
2593.34
12594.4
2376.36
28256
2490.37
12839.3
2288.57
34387.3
2324.42
13046.5
2332.04
28098.1
2557.01
12892.1
2350.85
31830.4
2576.28
15251.7
2439.51
28177.7
2591.6
15626.8
2468.49
33885.9
2371
14254
2410.11
26367.9
2491.65
14032.2
2374.86
35174.1
2435.4
14400.5
2250.66
27031.8
2492.78
14276.5
2340.45
34501.3
2454.44
14380.7
2340.68
26942.3
2359.31
14419.5
2205.02
36144.5
2247.56
14251.6
2127.58
27146.9
2269.88
14302.4
2225.48
32706.8
2689.84
16860.3
2416.24
29086
2351.75
16524.1
2204.01
33013.7
2293.09
16406.3
2194
31079.3
2423.8
16463.8
2223.14
33293.9
3699.95
15819.7
3432.95
33736.4
3396.69
15136.6
3089.17
37506.9
3410.64
15193.8
3140.65
34409.3
3666.22
15376.1
3418.94
31984.4
3839.37
15853.9
3530.45
29250.8
3385.3
14794
3163.66
36764.4
3570.39
14798.3
3452.89
29366
3607.59
14733.7
3722.53
30017.5
4331.65
14737.5
4543.53
29125
5235.14
14531.9
5403.52
38030
5933.59
14597.8
5531.14
30215.4
4299.71
15351.9
4001.81
29430.6
4192.18
15324.1
4048.94
29906.7
4069.43
15030.2
3846.63
34415
6004.15
14581.8
5508.95
29688
4263.15
15452.7
3889.8
29055.4
4193.45
15755
3867.11
31328.1
4287.89
15559.8
3853.2
36473.6
4187.41
15596.1
4051.76
31559.3
4141.05
15217.7
3851.64
28620.3
4134.02
15582.2
4314.82
29349.6
4544.35
15567
4466.68
36035.3
4962.44
15552.1
4360.3
29128.6
4328.86
15554.9
3918.33
30023.6
4538.19
15751.5
4449.33
29411.3
4628.51
15580.6
4204.93
35671.1
4132.35
16184.7
3963.85
29158.3
4153.21
16274.3
4163.77
30111.9
4400.22
16541.2
4318.97
28856.4
4659.31
16833.3
4545.02
35423.9
5035.06
16984.1
5108.22
28835.4
5486.06
16674.8
5148.92
29416.4
5473.16
17160.1
5509.44
28340.3
6070.97
16721.4
5979.48
36329.2
6581.77
16916.8
6988.13
28742.1
7556.05
16951.5
7144.07
29584.2
7543.04
16989.8
7292.36
28090.8
7670.32
16537.4
7392.85
35948.5
7345.24
16731.4
6626.7
28284.8
7042.85
16702.6
6456.68
30109.1
8927.15
16892.1
9067.77
27597.2
8125.65
16469
7345.31
34559.5
7831.7
16550.4
7299.53
27444
7195.86
16522.8
7164.8
29603.2
7500.44
16910.1
6819.91
27117.8
7550.12
16418.1
6725.95
34120.9
7080.14
16405.9
6376.55
31995
6808.58
19528
6001.45
26199.9
6435.24
19112.7
5984.97
31402.3
5941.01
19186
5496.91
36687.1
6031
18722.8
5266.52
30917.4
5716.13
18686.4
4966.85
25389.7
5517.76
19575.4
4935.1
30794.2
5019.67
19105.2
4426.24
34993.4
4638.42
19209.9
4035.06
30826.5
4775.73
19086.8
4258.68
25349.2
4973.39
19569.2
4458.89
31132.6
5087.66
18611.1
4568.09
33914.3
5239.7
19262.2
4839.19
31362
5820.19
19103.4
5177.61
25237.1
6254.63
19444.4
5907.74
31031.9
6625.2
18656.2
6112.56
33599.9
7289.38
18970.4
6430.74
31103.4
7820.18
18932.8
6878.67
24925.8
8423.62
19238.5
7778.12
30954.8
8371.5
18716.2
7501.77
32775.6
8337.63
18749
7675.05
30509.6
8460.81
18437.8
8286.75
24551.3
8448.26
18304.2
7750.93
29825.3
7574.28
17747.4
6696.12
33810.1
7462.95
18759.2
6432.93
31754.7
6765.26
18490.9
5966.52
25382.2
6665.22
18646.7
5734.64
31576.5
6217.75
18101.3
5553.68
31962.3
6202.34
17565.4
5378.96
33661.6
5139.69
16415.1
4575.91
25917.9
6216.34
19088.8
5801.8
31212.7
6036.43
18439.3
5353.42
33193.6
5789.07
18401.4
5243.87
31530.7
5839.72
18416.2
5141.07
25376.3
5818.87
18747.2
5251.49
31458.7
5498.19
17845.1
4906.97
30945.3
5372.56
17394
4801.68
31025.3
5223.92
17313.9
4503.08
22712.9
4518.84
19940.3
3882.95
29134.3
4680.42
16479.6
3963.25
27887.8
4521.85
18449
3815.63
32046.7
4653.6
19329.8
4004.34
23005.3
5126.81
20874.8
4279.96
31828.9
4957.02
20211.1
5381.23
29684.6
4815.95
19366.6
5290.59
32063.1
4783.19
19775.2
5351.57
24166.2
5037.22
21247.6
4287.49
31169.9
4974.57
19838.9
5395.41
29853.8
4702.86
19922
5339.79
32682.2
4703.45
19669.8
5203.13
24716.1
5048.09
20687
4430
30722
5006.46
19357.2
5373.84
30356.7
5089.26
19923.2
5447.38
31005.8
5294.12
19609.3
5591.9
24839.4
5835.69
18481
5209
30904.1
5522.99
19420.3
5724.65
31147.1
5705.88
19126.1
6317.83
30955.4
5456.17
17922.2
5926.07
32683.6
6170.59
20640.2
5392.93
30781.2
5979.43
19786.2
5980.47
33734.7
5656.03
19946
5999.58
30761
5582.94
21009.3
5456.1
31005.6
5709.51
20391.4
5715.03
30616.9
5335.14
20854.5
5253.84
33089.5
5119.24
20537.7
5032.98
29918.1
5069.13
19725.1
5039.61
28359
5271.12
20206.4
5145.89
29208.3
4799.94
20445.2
4737.6
30199.5
4744.38
20336
4674.68
28106.1
4700.62
19598.3
4789.98
29475
5120.62
19617.2
6054.88
29614.7
5666.41
21507.7
5847.26
31456.7
5755.62
21704.2
5802.82
29059
5878.51
21606.9
5698.96
29604.8
5695.3
20503.7
5706.4
29863.9
5485.71
68.7775
21613.8
5645.14
32617.1
5723.21
21951
5817.56
28059.6
5724.32
20011.2
5692.27
27569.6
6017.92
21752.2
5659.52
28816
5722.51
21662.6
5667.45
31476.5
5735.08
21167.6
5772.5
28962.9
5781.48
20984.4
5747.66
27561.8
6177.16
19145.5
6013.06
28779.9
5940.23
19068.7
6082.99
31199.3
6207.43
21164.5
6302.12
28559.8
6349.9
20979
6309.43
27401.4
6805.57
19483.9
6421.22
28487.9
6596.97
22196.6
6797.73
30978.3
6856.1
22039.6
6846.71
28351.6
7055.35
19178.4
7228.63
26145.9
7454.67
19135.3
7225.23
27915.2
7204.47
18759
7398.74
31438.7
7694.58
21558
7808.15
28558.2
7829.2
19503.8
7808.41
26020.3
8090.79
19644.6
7676.91
28507.6
7428.8
19507
7479.88
32885
7171.82
19720.5
7218.51
28668.8
7271.83
19818.3
7276.4
25556.9
7568.08
19912.9
7165.15
28479.8
6957.18
20215.5
6739.01
31903.4
6766.39
21943.8
6759.35
29714.9
6794.74
21254.8
6803.97
26347.9
7035.99
21368.3
6960.59
29563.5
7030.6
21841.8
6638.79
30609.9
6624.43
21601.8
6762.17
29395.5
6818.35
22385.2
6974.63
25851.1
7552.13
21819.1
7379.16
29308.9
7540.52
21651
7564.08
30533.8
7913.07
22287.1
8112.64
29199.9
8029.05
21933
8015.21
26548.9
8200.99
21510.8
7756.52
28969.9
7741.45
18549
7812.13
24093.8
8015.54
18806.4
8057.67
26575.5
7973.04
18572.6
7388.1
25575.2
7547.95
18390.7
7141.07
26525
7802.4
22427
7660.14
30127.3
7724.97
22276.7
7773.36
27178.2
7522.26
20952.6
7398
25341.8
7815.41
21090.8
7210.5
27214.2
7019.34
19839.2
7061.74
24724
7044.6
19865.8
7035.46
26655
6934.63
20900.1
6757.76
21619
7035.03
20696.6
6623.74
26524.1
7599.36
22955.8
8151.91
24945.1
6235.47
21493.3
7658.37
25286.5
8331.16
22620.5
8296.87
26257.6
8423.51
22711.7
8413.85
25034.1
7821.44
23290.8
8932.42
23808.1
7322.09
20370.3
7546.45
25881.3
7712
22760.4
8343.15
27007.2
7786.77
20897
7102.04
26258.4
7419.93
21957.3
7376.99
27752.9
7183.52
20510.7
7266.29
23273.1
7038.44
20782.8
6889.48
20130.4
7196.13
21311.1
6622.36
23235
6554.8
21658.6
6634.81
28629.8
6549.86
21981.8
6454.8
25594
6650.25
21972.1
6431.38
27309.2
6806.76
21818.6
6258.37
27615.8
6345.8
22875.7
6402.66
32659.2
6510.01
22877.7
6462.77
27367.7
6343.31
22860
6536.27
28746.5
6936.37
22398.6
6381.06
25388.9
6423.71
20760.2
6476.46
27695.1
6571.02
20899.3
6530.92
27743.4
6544.64
21422.9
6424.24
28038.5
7106.29
20058.7
6542.1
27651.2
59.6333
6673.18
20167.7
6782.94
30980.1
7014.16
20269.5
7143.89
30075.1
6857.65
20587.7
6583.89
27739.8
7463.56
20529.7
7097.29
28480.6
7327.8
19302.8
7510.65
32692.1
7435.06
19581.2
7268.96
28187.8
6880.78
19810.1
7366.1
27952.4
8020.87
19656.8
7400.38
28181.4
7696.08
19086.2
8133.82
34707.4
8533.61
17243.9
7657.27
30421.3
7768.2
17032.6
7547.21
28152.1
8707.68
18377.3
7968.17
31581.2
8489.93
18557.8
8602.08
28063.9
8051.48
16699.7
8274.92
31609.8
8114.38
17064.2
8101.07
24133.4
8507.79
18343.7
8102.16
32206.4
8297.5
18362.8
8346.07
28998.5
8644.38
17867.3
8554.51
26239.3
8581.76
17782.5
8584.36
27032.4
9432.99
17867.8
8984.87
26026.3
8979.46
17853.6
8841.51
28762.1
9006.77
17681.8
8997.02
25699.7
9023.84
17281.8
8896.92
24044.2
9661.63
17776.2
8998.33
25913.9
8849.16
16856.7
8856.57
29613.1
8833.67
16675.5
8810.9
26800.9
8572.93
16961.3
8578.92
24486.1
7910.38
16890
7647.56
27630.7
7826.09
16614.7
8059.19
31091.4
8783.98
18031.5
8881.14
28217
9168.2
17967.1
9441.03
23355.2
9965.68
17176.1
9369.15
27602.2
8780.56
16819.6
8946.53
31428.5
8844.93
16787.2
8697.48
28191.3
8449.7
17814.1
8349.59
24175.2
8814.43
17645.6
7871.76
27617
7798.87
18201.1
9174.71
31768.1
9367.35
18201.3
9443.7
27778.8
9380
16713.7
9413.25
25502.2
9957.96
17051.6
8796.45
28481.2
8903.64
15096.8
8686.67
30227.8
8512
16256.6
8180.21
26542.7
8150.43
15045.8
8354.82
25692.9
8986.31
14267.7
8421.29
25841.1
8435.78
13918.2
8040.52
32136.6
8190.71
13885.8
7599.11
26139.3
7688.32
13765.3
7578.43
25740.8
8075.99
13888.2
7144.31
26193.6
7478.98
15076.7
6825.58
29321.4
6760.99
13838.9
6794.72
24503.3
6746.81
14030.3
6682.21
26710.6
7213.94
14121.6
6497.75
24130.5
6137.58
19484.8
6280.31
28595.3
6245.95
13975.3
6170.24
26879.1
5975.16
14250.6
5800.07
24041.3
6838.97
16501.7
6365.88
22666.8
5915.81
19055.6
6117.35
26200.6
6239.31
19368.2
6158.01
24189.2
6097.86
18150.7
5737.4
25498
169.218
6046.87
305.267
19012.3
501.759
5612.56
1134.24
25429.4
1868.3
6380.94
1335.4
15221.2
1766.92
6328.21
1398.72
29559.3
1905.01
6151.76
1641.09
19193.9
1733.42
5993.7
1630.9
22072.7
1998.41
5761.93
1790.43
19549.4
1949.83
5633.91
1708.69
23364.4
1984.83
6398.7
1603.75
17161.3
1439.58
5362.52
1233.5
20013.5
1314.32
5516.75
168.218
17350.5
5264.28
21708.5
4896.71
19404
5310.88
19956.7
5919.93
17148.1
5720.31
24503.5
6117.73
16588.4
5710.04
24509.7
5956.52
15093.8
5923.75
24048.6
6018.43
14273.5
6155.53
20150.2
5370.31
16516.8
6415.65
23595
6311.67
15681
5520.04
21855.3
6319.32
15209
6432.12
24371.5
6495.06
14843.2
6507.94
23588.4
6377.93
14588.6
6399.62
25167
7355.75
14365.3
6578.89
24078.4
6612.49
14395.3
6621.33
28876.3
6781.44
14263.1
6792.1
24713.7
6876.82
14178.7
6748.12
28158.5
7431.71
14220.6
6583.25
23529.9
6629.12
12331.8
6709.13
29444.6
6589.8
14130.8
6577.12
24327
6819.17
14188.1
6573.09
25464.8
5806.78
12909.4
5115.77
25532.4
6683.57
11972.5
5278.8
18316.1
5344.74
13922.5
6562.2
23511.5
6119.43
12275.4
5446.17
24595.3
5957.28
12156.8
5200.55
24517
6661.23
13775.6
6735.14
28776.8
6540.93
11628.3
5335.13
21310
5234.71
12857.3
5425.51
23680.2
