1.00708
1.00708
1.04016
1.03992
1.03015
1.0321
1.03186
1.03223
1.03894
1.03931
1.03906
1.03918
1.03906
1.03906
1.0387
1.03857
1.03845
1.03845
1.03845
1.03845
1.03833
1.03821
1.03809
1.03796
1.02917
1.03638
1.03638
1.03394
1.03638
1.03638
1.03638
1.03638
1.03638
1.03625
1.03625
1.03613
1.03601
1.03601
1.03748
1.03735
1.03589
1.03577
1.03564
1.03564
1.0354
1.03528
1.03503
1.03491
1.03491
1.03491
1.03503
1.03711
1.03784
1.04297
1.04272
1.04272
1.0426
1.04236
1.04236
1.04236
1.04224
1.04724
1.03674
1.03662
1.03662
1.04211
1.03662
1.04309
1.04297
1.05164
1.04297
1.04285
1.03687
1.04333
1.05151
1.04333
1.05151
1.05151
1.05554
1.05139
1.05139
1.06018
1.05994
1.05933
1.05383
1.05823
1.05786
1.06091
1.0553
1.05261
1.05981
1.0658
1.06409
1.06335
1.06787
1.06677
1.06641
1.06531
1.06567
1.06567
1.06567
1.06421
1.06995
1.06995
1.06995
1.06848
1.07373
1.07373
1.07373
1.07507
1.07678
1.07532
1.08362
1.08362
1.07825
1.07739
1.07739
1.07739
1.08472
1.0929
1.0929
1.0929
1.08142
1.0896
1.0896
1.0896
1.08716
1.08679
1.08679
1.08679
1.08496
1.10022
1.10022
1.10022
1.09802
1.09265
1.09265
1.09265
1.0957
1.09473
1.09473
1.09473
1.09277
1.09326
1.09326
1.09326
1.09045
1.09705
1.09705
1.09705
1.10522
1.09937
1.09937
1.09937
1.09802
1.10474
1.10474
1.10474
1.10315
1.0957
1.0957
1.0957
1.09375
1.10706
1.10706
1.10706
1.10559
1.10828
1.10828
1.10828
1.10681
1.10657
1.10657
1.10657
1.1062
1.10498
1.10498
1.10498
1.1123
1.10315
1.10315
1.10315
1.10181
1.11047
1.11047
1.11047
1.10791
1.11475
1.11475
1.11475
1.11475
1.11194
1.11169
1.11169
1.11169
1.11169
1.09985
1.11096
1.11096
1.11096
1.10254
1.10938
1.10938
1.10938
1.10864
1.10229
1.10229
1.10229
1.10168
1.1001
1.1001
1.1001
1.10352
1.10327
1.10327
1.10327
1.10327
1.10327
1.10327
1.10242
1.10754
1.10754
1.10754
1.10754
1.10754
1.10754
1.10754
1.09875
1.10657
1.10657
1.10657
1.10657
1.10657
1.10657
1.10657
1.10522
1.10498
1.10498
1.10498
1.10498
1.10498
1.10498
1.10498
1.10779
1.10474
1.10474
1.10474
1.10474
1.10474
1.10474
1.12476
1.13782
1.13782
1.13782
1.13782
1.13782
1.13782
1.13782
1.13696
1.13684
1.13684
1.13684
1.13684
1.13684
1.13684
1.13684
1.10742
1.10693
1.10693
1.10693
1.10693
1.10693
1.10693
1.10693
1.10498
1.10486
1.10486
1.10486
1.10486
1.10486
1.10486
1.10486
1.10181
1.13025
1.13025
1.13025
1.13025
1.13025
1.13025
1.13025
1.10291
1.11511
1.11511
1.11511
1.11511
1.11511
1.11511
1.11511
1.1228
1.12231
1.12231
1.12231
1.12231
1.12231
1.12231
1.12231
1.11902
1.13757
1.13757
1.13757
1.13757
1.13757
1.13757
1.13757
1.13416
1.13354
1.13354
1.13354
1.13354
1.13354
1.13354
1.13354
1.13062
1.13025
1.13025
1.13025
1.13025
1.13025
1.13025
1.13025
1.11047
1.11731
1.11731
1.11731
1.11731
1.11731
1.11731
1.11731
1.1084
1.14209
1.14209
1.14209
1.14209
1.14209
1.14209
1.14209
1.14001
1.13953
1.13953
1.13953
1.13953
1.13953
1.13953
1.13953
1.13721
1.13672
1.13672
1.13672
1.13672
1.13672
1.13672
1.13672
1.13391
1.14062
1.14062
1.14062
1.14062
1.14062
1.14062
1.14062
1.14209
1.14233
1.14233
1.14233
1.14233
1.14233
1.14233
1.14233
1.15088
1.15027
1.15027
1.15027
1.15027
1.15027
1.15027
1.15027
1.15515
1.1665
1.1665
1.1665
1.1665
1.1665
1.1665
1.1665
1.15503
1.16467
1.16467
1.16467
1.16467
1.16467
1.17578
1.17578
1.17542
1.17493
1.17493
1.17493
1.17493
1.17493
1.18066
1.18066
1.17993
1.18152
1.18152
1.18152
1.19983
1.19983
1.19983
1.19983
1.18701
1.19373
1.19373
1.19373
1.19617
1.19617
1.19617
1.19617
1.20081
1.2052
1.2052
1.2052
1.2113
1.2113
1.2113
1.2113
1.20947
1.21899
1.21899
1.21899
1.21838
1.21838
1.21838
1.21838
1.21655
1.22559
1.22559
1.22559
1.22522
1.22522
1.22522
1.22522
1.23401
1.23926
1.23926
1.23926
1.23779
1.23779
1.23779
1.23779
1.24182
1.2417
1.2417
1.2417
1.23389
1.23389
1.23389
1.23389
1.23877
1.28601
1.28601
1.28601
1.28503
1.28503
1.28503
1.28503
1.28467
1.28442
1.28442
1.28442
1.2832
1.2832
1.2832
1.2832
1.28125
1.28113
1.28113
1.28113
1.28589
1.28589
1.28589
1.28589
1.27893
1.32458
1.32458
1.32458
1.32349
1.32349
1.32349
1.32349
1.32239
1.32861
1.32861
1.32861
1.32678
1.32678
1.32678
1.32678
1.3324
1.34473
1.34473
1.34473
1.34351
1.34351
1.34351
1.34351
1.35327
1.35278
1.35278
1.35278
1.35193
1.35193
1.35193
1.35193
1.35046
1.3501
1.3501
1.3501
1.349
1.349
1.349
1.349
1.36414
1.36389
1.36389
1.36389
1.36243
1.36243
1.36243
1.36243
1.36243
1.36243
1.36133
1.36133
1.36133
1.36133
1.36133
1.36133
1.36133
1.36133
1.38171
1.38171
1.38171
1.38171
1.38171
1.38171
1.38171
1.38171
1.38037
1.38013
1.38013
1.38013
1.38013
1.38013
1.38013
1.38013
1.38037
1.38037
1.38037
1.38037
1.38037
1.38037
1.38037
1.38037
1.39404
1.38037
1.38037
1.38037
1.38037
1.38037
1.38037
1.38037
1.38049
1.38049
1.38049
1.38049
1.38049
1.38049
1.38049
1.38049
1.37988
1.37988
1.37988
1.37988
1.37988
1.37988
1.37988
1.37988
1.39893
1.39893
1.39893
1.39893
1.39893
1.39893
1.39893
1.39893
1.39368
1.39575
1.39575
1.39575
1.39575
1.39575
1.39575
1.39575
1.39331
1.39331
1.39331
1.39331
1.39331
1.39331
1.39331
1.39331
1.41089
1.41089
1.41089
1.41089
1.41089
1.41089
1.41089
1.41089
1.41028
1.41028
1.41028
1.41028
1.41028
1.41028
1.41028
1.41028
1.41003
1.41455
1.41455
1.41455
1.41455
1.41455
1.41455
1.41455
1.41113
1.41113
1.41113
1.41113
1.41113
1.41113
1.41113
1.41113
1.41016
1.42896
1.42896
1.42896
1.42896
1.42896
1.42896
1.42896
1.4082
1.4082
1.4082
1.4082
1.4082
1.4082
1.4082
1.4082
1.41003
1.41003
1.41003
1.41003
1.41003
1.41003
1.46094
1.46094
1.43896
1.43896
1.43896
1.43896
1.43896
1.43896
1.45825
1.45825
1.45764
1.42371
1.42371
1.42371
1.42371
1.42371
1.45642
1.45642
1.42212
1.42212
1.42212
1.42212
1.42212
1.42212
1.43555
1.43555
1.42981
1.43481
1.43481
1.43481
1.43481
1.43481
1.44299
1.44299
1.43225
1.43225
1.43225
1.43225
1.43127
1.43127
1.43127
1.43127
1.42981
1.42957
1.42957
1.42957
1.42834
1.42834
1.42834
1.42834
1.44031
1.44031
1.44031
1.44031
1.43909
1.43909
1.43909
1.43909
1.43689
1.4668
1.4668
1.4668
1.4646
1.4646
1.4646
1.4646
1.4635
1.4635
1.4635
1.4635
1.4397
1.4397
1.4397
1.4397
1.43384
1.45911
1.45911
1.45911
1.45825
1.45825
1.45825
1.45825
1.46338
1.46338
1.46338
1.46338
1.46118
1.46118
1.46118
1.46118
1.46094
1.46082
1.46082
1.46082
1.45947
1.45947
1.45947
1.45947
1.45837
1.45837
1.45837
1.45837
1.45764
1.45764
1.45764
1.45764
1.45667
1.45654
1.45654
1.45654
1.45715
1.45715
1.45715
1.45715
1.46838
1.46838
1.46838
1.46838
1.47827
1.47827
1.47827
1.47827
1.47729
1.47705
1.47705
1.47705
1.47632
1.47632
1.47632
1.47632
1.52039
1.52039
1.52039
1.52039
1.48242
1.48242
1.48242
1.48242
1.53162
1.53845
1.53845
1.53845
1.55359
1.55359
1.55359
1.55359
1.52612
1.52612
1.52612
1.52612
1.53845
1.53845
1.53845
1.53845
1.53711
1.54492
1.54492
1.54492
1.55188
1.55188
1.55188
1.55188
1.57837
1.57837
1.57837
1.57837
1.56104
1.56104
1.56104
1.56104
1.56909
1.56287
1.56287
1.56287
1.56201
1.56201
1.56201
1.56201
1.56006
1.56006
1.56006
1.56006
1.55981
1.55981
1.55981
1.55981
1.5542
1.53186
1.53186
1.53186
1.53088
1.53088
1.53088
1.53088
1.51965
1.51965
1.51965
1.51965
1.54675
1.54675
1.54675
1.54675
1.64624
1.66943
1.66943
1.66943
1.66699
1.66699
1.66699
1.66699
1.67456
1.67456
1.67456
1.67456
1.72412
1.72412
1.72412
1.72412
1.61694
1.63708
1.63708
1.63708
1.63708
1.63708
1.63708
1.63708
1.69397
1.69397
1.69397
1.69397
1.698
1.698
1.698
1.698
1.71094
1.71094
1.71094
1.71094
1.81641
1.81641
1.81641
1.81641
1.82507
1.82507
1.82507
1.82507
1.83899
1.83899
1.83899
1.83899
1.83777
1.83618
1.83618
1.83618
1.83594
1.83594
1.83594
1.83594
1.86255
1.86255
1.86255
1.86255
1.81494
1.81494
1.81494
1.81494
1.88599
1.81775
1.81775
1.81775
1.8158
1.8158
1.8158
1.8158
2.04468
2.04468
2.04468
2.04468
1.81104
1.81104
1.81104
1.81104
1.91504
1.87537
1.87537
1.87537
1.87598
1.87598
1.87598
1.87598
1.9104
1.9104
1.9104
1.9104
1.92603
1.92603
1.92603
1.92603
1.93567
1.93079
1.93079
1.93079
1.85693
1.85693
1.85693
1.85693
1.95007
1.95007
1.95007
1.95007
1.8396
1.8396
1.8396
1.8396
1.87463
1.86047
1.86047
1.86047
1.85815
1.85815
1.85815
1.85815
1.87927
1.87927
1.87927
1.87927
1.8772
1.8772
1.8772
1.8772
1.88965
1.89673
1.89673
1.89673
1.88733
1.88733
1.88733
1.88733
1.93481
1.93481
1.93481
1.93481
1.92871
1.92871
1.92871
1.92871
1.95203
1.90942
1.90942
1.90942
1.94226
1.94226
1.94226
1.94226
1.9563
1.9563
1.9563
1.9563
1.96704
1.96704
1.96704
1.96704
1.97803
1.92651
1.92651
1.92651
1.92468
1.92468
1.92468
1.92468
1.93506
1.93506
1.93506
1.93506
1.95557
1.95557
1.95557
1.95557
1.95312
1.92639
1.92639
1.92639
1.95251
1.95251
1.95251
1.95251
1.9657
1.9657
1.9657
1.9657
1.95178
1.95178
1.95178
1.95178
1.97925
1.94641
1.94641
1.94641
1.95691
1.95691
1.95691
1.95691
1.97412
1.97412
1.97412
1.97412
2.21863
2.21863
2.21863
2.21863
2.22937
2.16736
2.16736
2.16736
2.21509
2.21509
2.21509
2.21509
2.23352
2.23352
2.23352
2.23352
2.23132
2.23132
2.23132
2.23132
2.27307
2.2262
2.2262
2.2262
2.25183
2.25183
2.25183
2.25183
2.27246
2.27246
2.27246
2.27246
2.28638
2.28638
2.28638
2.28638
2.28503
2.26709
2.26709
2.26709
2.28125
2.28125
2.28125
2.28125
2.29541
2.29541
2.29541
2.29541
2.2937
2.2937
2.2937
2.2937
2.30127
2.29016
2.29016
2.29016
2.29797
2.29797
2.29797
2.29797
2.31042
2.31042
2.31042
2.31042
2.34521
2.34521
2.34521
2.34521
2.34241
2.3042
2.3042
2.3042
2.34009
2.34009
2.34009
2.34009
2.36707
2.36707
2.36707
2.36707
2.38135
2.38135
2.38135
2.38135
2.39209
2.36292
2.36292
2.36292
2.36023
2.36023
2.36023
2.36023
2.25964
2.25964
2.25964
2.25964
2.29285
2.29285
2.29285
2.29285
2.27795
2.30444
2.30444
2.30444
2.30286
2.30286
2.30286
2.30286
2.31677
2.31677
2.31677
2.31677
2.38318
2.38318
2.38318
2.38318
2.22852
2.23755
2.23755
2.23755
2.25256
2.25256
2.25256
2.25256
2.27527
2.27527
2.27527
2.27527
2.29309
2.29309
2.29309
2.29309
2.29846
2.27026
2.27026
2.27026
2.31323
2.31323
2.31323
2.31323
2.39221
2.39221
2.39221
2.39221
2.48364
2.48364
2.48364
2.48364
2.62976
2.41455
2.41455
2.41455
2.67908
2.67908
2.67908
2.67908
2.56287
2.56287
2.56287
2.56287
2.57593
2.57593
2.57593
2.57593
2.57886
2.45483
2.45483
2.45483
2.54016
2.54016
2.54016
2.5376
2.44873
2.44873
2.44873
2.53516
2.4585
2.4585
2.4585
2.5321
2.45508
2.44263
2.44263
2.44263
2.46411
2.46411
2.46411
2.49817
2.44714
2.44714
2.44714
2.49622
2.43506
2.43506
2.43506
2.45654
2.40881
2.37524
2.37524
2.37524
2.42529
2.42529
2.42529
2.44702
2.42212
2.42212
2.42212
2.4436
2.41919
2.41919
2.41919
2.45154
2.41431
2.39136
2.39136
2.39136
2.41211
2.41211
2.41211
2.4104
2.38647
2.38647
2.38647
1.99756
2.38403
2.38403
2.38403
2.41394
1.93176
1.92737
1.92737
1.92737
1.93066
1.93066
1.93066
1.97668
1.97583
1.97583
1.97583
1.97534
1.93909
1.93909
1.92834
1.92834
1.91833
1.91797
1.91797
1.92639
1.98877
1.98877
1.98755
1.98755
1.91565
1.91565
1.94104
1.94104
2.03967
2.03967
2.07861
2.07861
2.09998
2.03857
2.03857
2.15698
2.13037
2.13037
2.17542
2.17542
2.18286
2.18286
2.15747
2.15747
2.22925
2.22925
2.26965
2.26965
1.94849
2.1571
2.1571
1.99817
1.98816
1.98816
2.03809
2.03809
2.04626
2.04626
2.06042
2.06042
2.08606
2.08606
2.07312
2.07312
1.99756
2.07043
2.07043
2.07043
2.07031
2.07031
2.07031
2.06909
2.06909
2.10461
2.10461
2.10352
2.10352
2.15906
2.15906
2.15955
2.15955
2.09729
2.09717
2.10156
2.10156
2.12451
2.12451
2.12366
2.12366
2.12256
2.12256
2.11987
2.11987
2.11938
2.11938
2.11914
2.11914
2.11743
2.11682
2.20874
2.20874
2.25037
2.25037
2.24939
2.24939
2.11072
2.11072
2.12805
2.12805
2.12463
2.12463
2.12231
2.12231
2.1217
2.12134
2.2384
2.2384
2.11938
2.11938
2.11841
2.11841
2.11584
2.11584
2.11462
2.11462
2.28271
2.28271
2.28052
2.28052
2.29175
2.27808
2.27759
2.27759
2.30286
2.30286
2.32874
2.32874
2.30188
2.30188
2.14819
2.14819
2.2998
2.2998
2.29846
2.29846
2.32104
2.31934
2.31848
2.31848
2.3457
2.3457
2.34473
2.34473
2.18774
2.18774
2.34204
2.34204
2.35559
2.35559
2.37646
2.37646
2.38574
2.375
2.37952
2.37952
2.26953
2.26953
2.40295
2.40295
2.26477
2.26477
2.28455
2.28455
2.26086
2.26086
2.28101
2.28101
2.28088
2.25745
2.27869
2.27869
2.2915
2.2915
2.29004
2.29004
2.32544
2.32544
2.32349
2.32349
2.323
2.323
2.255
2.255
2.35071
2.31958
2.31958
2.31958
2.34839
2.34839
2.34644
2.34644
2.34558
2.34558
2.27832
2.27832
2.27759
2.27759
2.27856
2.27856
2.27722
2.27649
2.23975
2.23975
2.27124
2.27124
2.94275
2.94275
2.94128
2.94128
2.93921
2.93921
2.93896
2.93896
2.93799
2.93799
2.40588
2.25757
2.93481
2.93481
2.93176
2.93176
2.27515
2.27515
2.31958
2.31958
2.24609
2.24609
2.94116
2.94116
2.93774
2.93774
2.40002
2.31421
2.89661
2.89661
2.93311
2.93311
2.90845
2.90845
2.9054
2.9054
2.90234
2.90234
2.90027
2.90027
2.9353
2.9353
2.93262
2.46143
2.46069
2.46069
3.02417
3.02417
2.55103
2.55103
2.90454
2.90454
3.05103
3.05103
2.56421
2.56421
2.54797
2.54797
2.49097
3.06409
2.31226
2.31226
3.10718
3.10718
2.33801
2.33801
2.94751
2.94751
2.94592
2.94592
3.13867
3.13867
2.39465
2.39465
2.38965
3.18335
3.18445
3.18445
2.44299
2.44299
2.45447
2.45447
2.45264
2.45264
3.19617
3.19617
3.1416
3.1416
3.11353
3.11353
3.11096
2.37976
2.37878
2.37878
3.13721
3.13721
2.37744
2.37744
2.3772
2.3772
2.41541
2.41541
2.56396
2.56396
2.56262
2.56262
2.41113
2.4104
2.41028
2.41028
2.40894
2.40894
2.40723
2.40723
2.40686
2.40686
2.40637
2.40637
2.40552
2.40552
2.2605
2.2605
2.40234
2.42188
2.13745
2.13745
2.23938
2.23938
2.44116
2.44116
2.22522
2.22522
2.23755
2.23755
2.23694
2.23694
2.25464
2.25464
2.47742
2.48328
2.48254
2.48254
2.46326
2.46326
2.46326
2.5022
2.5022
2.50049
2.50049
2.50024
2.50024
2.6947
2.6947
2.31555
2.31555
2.51404
2.51355
2.51208
2.51208
2.51013
2.51013
2.50903
2.50903
2.50806
2.50806
2.53601
2.53601
2.53357
2.53357
2.35156
2.35156
2.47095
2.38025
2.38
2.38
2.40906
2.40906
2.42188
2.42188
2.36719
2.36719
2.71777
2.71777
2.7157
2.7157
2.73022
2.73022
2.41943
2.50134
2.72571
2.72571
2.78125
2.78125
2.77917
2.77917
2.7915
2.7915
2.77417
2.77417
2.78796
2.78796
2.81299
2.81299
2.84717
2.82556
2.58521
2.58521
2.76221
2.76221
2.48022
2.48022
2.61462
2.61462
2.64331
2.64331
2.47485
2.47485
2.4502
2.4502
2.44849
2.45874
2.65076
2.65076
2.45605
2.45605
2.44958
2.44958
2.67004
2.67004
2.46472
2.46472
2.46326
2.46326
2.90442
2.90442
2.90308
2.90186
2.88916
2.88916
2.8999
2.8999
2.87756
2.87756
2.85681
2.85681
2.85583
2.85583
2.85461
2.85461
2.85364
2.85364
2.85168
2.85181
2.85083
2.85083
2.66797
2.66797
2.66687
2.66687
2.43164
2.43164
2.65735
2.65735
2.99341
2.99341
2.99951
2.99951
2.99487
2.90747
2.9314
2.9314
2.64185
2.64185
2.95789
2.95789
2.94177
2.94177
2.95032
2.95032
2.89038
2.89038
2.88599
2.88599
2.9165
2.62463
2.60938
2.60938
2.89429
2.89429
2.8866
2.8866
2.91064
2.91064
2.61865
2.61865
2.77454
2.77454
2.77234
2.77234
2.76904
2.76794
2.76709
2.76709
2.76489
2.76489
2.78992
2.78992
2.77649
2.77649
2.73267
2.73267
2.75024
2.75024
2.75305
2.75305
2.74438
2.76953
2.76855
2.76855
2.76672
2.76672
2.76538
2.76538
2.34668
2.34668
2.76123
2.76123
3.01343
3.01343
2.75574
2.75574
2.75464
2.7533
2.75305
2.75305
3.00867
3.00867
3.00757
3.00757
2.72095
2.72095
2.71729
2.71729
2.72083
2.72083
2.64722
2.64722
2.57239
2.64246
2.64185
2.64185
2.59851
2.59851
2.49207
2.49207
2.68555
2.68555
2.68396
2.68396
2.57764
2.57764
2.67871
2.67871
2.66541
2.7417
2.64502
2.64502
2.67615
2.67615
2.52087
2.52087
2.672
2.672
2.70056
2.70056
2.57068
2.57068
2.56995
2.56995
2.63818
2.45728
2.45728
2.45728
2.5614
2.5614
2.5614
2.5614
2.60889
2.60889
2.60889
2.60889
2.60583
2.60583
2.60583
2.60583
2.60486
2.60486
2.60486
2.60486
2.60632
2.60632
2.60632
2.60632
2.63513
2.63513
2.63513
2.63513
2.41736
2.41736
2.41736
2.41736
2.60327
2.38562
2.38562
2.38562
2.56213
2.56213
2.56213
2.56213
2.60254
2.60254
2.60254
2.60254
2.60205
2.60205
2.64197
2.64197
2.42737
2.42737
2.60156
2.60156
2.56201
2.56201
2.56323
2.52454
2.48865
2.48865
2.51123
2.51123
2.50977
2.50977
2.54211
2.54211
2.50769
2.50769
2.92578
2.92578
2.80603
2.80603
2.7207
2.67517
2.67529
2.67529
2.7356
2.7356
2.75549
2.75549
2.74329
2.74329
2.71741
2.71741
2.71472
2.71472
2.39172
2.39172
2.71716
2.71155
2.73596
2.73596
2.75183
2.75183
2.29431
2.29431
2.74878
2.74878
2.75916
2.75916
2.22766
2.22766
2.26501
2.26501
2.25378
2.25342
2.25293
2.25293
2.82837
2.82837
2.828
2.828
2.77991
2.77991
2.4325
2.4325
2.21887
2.21887
2.43103
2.43103
2.82568
2.82886
2.81714
2.81714
2.36462
2.36462
2.82544
2.82544
2.74756
2.74756
3.30457
3.30457
2.74609
2.74609
2.74414
2.74414
2.74255
2.73743
2.73694
2.73694
2.74158
2.74158
2.73926
2.73926
2.73743
2.73743
2.73694
2.73694
2.73547
2.73547
2.73474
2.73474
2.73401
