1.03371
1.05384
1.04679
1.03967
1.03591
1.0404
1.03729
1.03685
1.06726
1.07302
1.03926
1.03282
1.03169
1.03261
1.0298
1.0324
1.0315
1.02827
1.02983
1.02914
1.03145
1.02797
1.02731
1.02731
1.03827
1.03649
1.03516
1.03094
1.03087
1.03176
1.03279
1.0293
1.02791
1.03236
1.02872
1.027
1.03071
1.03023
1.02656
1.02754
1.02788
1.02558
1.02393
1.02492
1.02419
1.02319
1.02409
1.02444
1.02254
1.02348
1.02946
1.0292
1.02155
1.02339
1.02206
1.02069
1.02053
1.02402
1.0243
1.02354
1.02512
1.01897
1.02511
1.02597
1.02606
1.02294
1.02756
1.02759
1.02829
1.02011
1.03035
1.03033
1.03103
1.03098
1.02294
1.0298
1.03255
1.02912
1.03026
1.03113
1.0323
1.03376
1.03475
1.03639
1.03696
1.03165
1.03301
1.03677
1.03727
1.03807
1.04015
1.03269
1.29737
1.02577
1.40566
1.03661
1.17807
1.03588
1.20662
1.21915
1.2392
1.03642
1.27251
1.45271
1.13997
1.03087
1.1893
1.3155
1.29139
1.03003
1.87989
1.03161
1.53676
1.27504
1.0368
1.29824
1.37245
1.35874
1.0331
1.47143
1.478
1.15755
1.02794
1.42446
1.64159
1.39695
1.02887
1.229
1.59465
1.18285
1.02899
1.17166
1.72461
1.20976
1.03963
1.4083
1.84321
1.3087
1.03455
1.23373
1.6576
1.3131
1.03166
1.38881
1.86211
1.39191
1.03955
1.38401
1.99769
1.33369
1.03437
1.49207
1.97975
1.46505
1.03327
1.66453
2.33928
1.37099
1.03465
1.55027
2.71141
1.36674
1.03393
1.50717
2.37934
1.43467
1.03612
1.60161
2.87219
1.52121
1.03094
1.80255
2.7555
1.48951
1.0323
1.59835
2.77421
1.43138
1.03394
1.26335
3.46533
1.35241
1.03414
1.30646
3.75322
1.21888
1.0297
1.45738
4.08791
1.33442
1.1426
1.03188
1.27574
1.3562
3.88419
1.3756
1.04295
1.65247
4.30801
1.62092
1.04147
1.64297
4.54627
2.16111
1.04001
2.21752
4.79667
2.08587
1.0391
2.22391
4.91171
1.86215
1.03279
1.86254
1.24809
5.16153
1.3008
1.76154
1.19203
1.04107
1.20101
1.7727
1.43076
5.36156
1.25107
1.63814
1.22389
1.04111
1.31027
1.80644
1.25422
5.35939
1.18508
2.08115
1.22603
1.04148
1.20113
2.14155
1.20205
5.50438
1.32665
2.38333
1.2405
1.03501
1.48935
2.60701
5.30274
1.25889
2.6103
1.18353
1.0424
1.20917
2.93325
1.19114
5.36424
1.17999
3.04118
1.30363
1.04551
1.3359
3.0166
1.50282
5.32329
1.20171
2.80229
1.1732
1.05008
1.50057
2.94304
1.18328
5.26994
1.18184
2.76177
1.14942
1.05443
1.23347
2.75906
1.2952
5.19563
1.28117
2.82991
1.32415
1.05372
1.28776
2.68447
1.1897
5.21721
1.19552
2.8785
1.24182
1.06016
1.27362
3.03109
1.30392
5.13981
1.26713
3.00747
1.22858
1.06282
1.31349
3.11204
1.40626
5.0627
1.1901
3.03368
1.20628
1.05616
1.27791
3.02478
1.28381
4.9155
1.30914
2.94856
1.27445
1.06052
1.26076
3.03568
1.21505
4.79988
1.23179
3.11542
1.2576
1.06743
1.23382
3.18755
1.15809
4.72355
1.20703
3.17691
1.23035
1.0705
1.16811
3.11354
1.20021
4.65258
1.24614
3.07358
1.23282
1.07542
1.22106
3.07093
1.26246
4.70862
1.26954
3.11896
1.34285
1.07366
1.36021
3.08742
1.25735
4.64675
1.40881
3.12888
1.62256
1.07388
1.47179
3.04332
1.25816
4.33765
1.27214
3.26505
1.25704
1.08253
1.23906
3.31327
1.32685
4.25009
1.34073
3.34754
1.32968
1.08843
1.27749
3.30242
1.35601
4.14808
1.41532
3.34607
1.43659
1.10006
1.43443
3.3766
1.46908
4.13486
1.38751
3.40467
1.40678
1.10381
1.35574
3.25618
1.40304
4.07425
1.24496
3.2028
1.40889
1.10245
1.39872
3.1316
1.45975
3.77081
1.37113
3.18812
1.4516
1.12295
1.494
3.1556
1.62973
3.74198
1.66862
3.17944
1.83535
1.12733
1.71188
3.15004
1.91539
3.51267
2.08145
3.149
2.11725
1.1353
1.86993
3.1082
1.72764
3.39479
1.5655
3.10101
1.58948
1.14679
1.68769
3.06638
1.71986
3.31382
2.01952
3.08027
2.08774
1.15472
2.02075
3.11953
1.99517
3.24819
2.12663
3.05838
2.02123
1.16186
2.08548
2.94996
1.96309
3.1784
1.88662
3.11494
1.98942
1.17235
1.97639
3.0976
1.86041
3.11035
1.861
3.07697
1.87765
1.17854
2.02649
3.14299
2.07765
3.14815
2.09126
3.05134
2.39562
1.17487
2.49333
3.10187
2.5038
2.91837
2.54949
3.15684
2.66172
1.21457
2.93258
3.04494
2.97358
2.8287
2.91151
3.07068
2.98897
1.2101
3.15579
3.02417
3.07459
2.75944
3.38115
3.05453
3.38942
1.21718
3.56071
2.90928
3.50349
2.77023
3.59067
2.91499
3.74322
1.24749
4.06169
2.91974
4.04281
2.70288
3.98295
2.96688
4.00436
1.26444
3.89197
2.93893
3.93235
2.55359
4.01966
3.00542
4.18014
1.28263
4.18269
2.95219
4.10026
2.48104
4.14731
2.97982
4.38889
1.28355
4.58071
2.85966
4.35619
2.39679
4.42188
2.87758
4.52777
1.29859
4.35857
2.8811
4.60719
2.30834
4.5522
1.40842
2.91029
4.68007
1.30905
1.29472
1.3336
4.54855
1.40153
2.82635
1.3094
4.82587
1.60466
2.27179
1.58373
4.94312
1.31147
2.81259
1.30544
5.17629
1.65467
1.31637
1.28902
5.00801
1.38576
2.80637
1.40049
5.18155
1.3114
2.21152
1.27718
5.11971
1.36787
2.81207
1.31893
5.20237
1.30595
1.32926
1.33133
4.83021
1.44589
2.73156
1.412
4.80242
1.3041
2.16619
1.31516
4.74088
1.44018
2.76949
1.37935
4.92142
1.39064
1.31174
1.43975
4.86056
1.47048
2.69164
1.40001
4.93226
2.13342
2.12909
1.6248
4.80017
1.3381
2.66478
1.43847
4.94445
1.49229
1.32683
1.39686
4.71776
1.30033
2.67366
1.48517
4.70608
1.42584
2.04907
1.29403
4.77597
1.32566
2.67041
1.41385
4.84387
1.4143
1.34502
1.60217
4.6516
1.35296
2.72219
1.47984
4.70214
1.43134
1.86578
1.35811
4.64851
1.34632
2.65773
1.40926
4.7854
1.35707
1.34626
1.3551
4.59375
1.48729
2.63841
1.30465
4.75069
1.42805
1.87908
1.43179
4.56315
1.3883
2.63646
1.39302
4.79996
1.4306
1.35332
1.48755
4.72608
1.36255
2.608
1.39728
4.90929
1.49143
1.856
1.51109
4.48871
1.51545
2.28557
1.48429
4.59232
1.41578
1.35393
1.43236
4.93706
1.50231
2.62032
1.56653
4.57681
1.43766
1.78187
1.58436
4.49232
1.43576
2.35233
1.4799
4.72544
1.47409
1.39187
1.40323
4.74681
1.29363
2.25074
1.29184
4.69489
1.37315
1.79158
1.38029
4.68843
1.38243
2.25438
1.73935
4.84506
1.74977
1.353
1.90019
4.76167
1.57493
2.36256
1.75814
4.63968
1.74234
1.7436
1.58129
4.8809
1.42543
2.27922
1.33756
4.98745
1.44699
1.36112
1.40768
4.9071
1.44134
2.30317
1.46044
4.96561
1.46779
1.71537
1.4638
4.92314
1.39088
2.35021
1.45869
4.8627
1.49335
1.37013
1.38224
4.29718
1.57826
2.17992
1.80594
4.3111
2.26298
1.65098
2.47259
4.29767
2.93458
2.38191
2.85497
4.43714
3.18755
1.3756
3.65334
4.3352
2.9721
2.41312
3.20499
4.41539
3.07496
1.64364
2.59979
4.33892
2.09049
2.13858
1.44866
3.89113
1.53937
1.3938
1.69849
3.86591
1.36574
2.17261
1.3192
4.45738
1.47931
1.58458
1.41079
4.44468
1.42285
2.1652
1.44422
4.45486
1.44974
1.39913
1.46394
4.41019
1.59616
2.19863
1.49936
4.46474
1.31687
1.56161
1.57894
4.49213
1.99615
2.09063
1.8948
4.19696
1.89218
1.41657
2.11974
4.22226
2.53465
2.02757
2.56887
4.19199
3.47468
1.57986
2.56182
3.86222
3.39473
2.0761
2.7035
3.84835
2.70886
1.47528
2.79924
3.83296
2.63131
2.09437
2.43887
3.78051
3.28357
1.5842
3.618
4.12721
5.24802
2.00311
4.76119
4.04492
5.11751
1.47379
5.87339
3.97233
5.27274
2.00775
5.16378
4.00174
5.52747
1.61259
5.23573
3.39452
5.64675
2.00008
5.34449
3.30713
5.8581
1.50277
6.2229
3.65776
6.52177
2.13651
6.39968
3.6906
7.09955
1.46048
6.1765
3.56918
6.5936
2.06993
6.01937
3.60239
6.48759
1.48185
6.2801
3.59238
5.97257
2.07417
5.92378
3.56941
5.70783
1.42482
5.53922
3.60565
5.94181
2.05646
5.06071
3.59265
5.74208
1.57069
4.87328
3.02729
5.50846
1.91562
5.4657
3.08374
5.69114
1.56488
6.43963
3.09334
6.43728
1.78711
6.04997
3.06213
7.27483
1.54878
4.36781
3.21521
4.46271
1.6434
4.67847
3.31797
5.02868
1.37842
4.75595
3.28956
4.92894
1.60879
4.43723
3.24405
4.93506
1.6195
4.36726
3.18397
4.49308
1.88569
4.42517
3.3271
4.32775
1.41131
4.45011
3.3167
4.53251
1.87482
4.28898
3.33088
4.3143
1.73217
4.48858
3.36439
4.32236
1.89059
3.94582
3.3701
4.10648
1.36816
3.77415
3.34642
3.89423
1.81932
4.73698
3.16833
4.99505
1.77343
4.74018
3.20462
4.77096
1.83384
4.43649
3.22029
4.66612
1.51407
3.15517
3.26631
3.65992
1.84584
4.41078
3.13135
5.05875
1.8025
4.40835
3.07558
4.64715
1.7442
4.08062
3.0764
4.36132
1.43127
3.94494
3.05598
4.265
1.72917
4.38413
3.13131
4.17071
1.83549
4.15745
3.06246
3.818
1.86034
3.94994
3.06428
4.07067
1.45107
3.49512
3.0434
3.78205
1.86381
3.88443
3.03484
4.39835
1.75801
4.15146
3.04884
3.97768
1.84516
3.88447
3.05002
4.25337
1.47094
4.13774
2.92482
4.31291
1.85499
4.32178
2.89765
4.18266
1.75708
4.34977
2.88035
4.35729
1.87352
4.37298
2.79495
4.39492
1.48802
4.21468
2.78045
4.37343
1.87535
4.24363
2.81742
4.4095
1.80853
4.50879
2.77967
4.41443
1.9124
4.14406
2.81768
4.36137
1.45477
4.14073
2.78398
3.96168
1.88267
3.76849
2.77011
3.90913
1.80836
3.84993
2.7978
3.74029
1.92297
3.76522
2.8415
3.88487
1.47368
3.92573
2.8115
4.2124
1.90718
4.06291
2.8174
4.21307
1.78067
3.32624
2.81438
3.1168
1.95179
3.46284
2.85193
3.79757
1.53326
3.73639
2.83559
3.89329
1.95341
4.04934
2.82939
3.90835
1.8146
3.99051
2.79489
4.16282
1.97616
3.89363
2.84116
4.18541
1.55583
3.92798
2.83251
4.15575
1.66977
4.12736
2.36874
4.38965
2.0566
4.42853
2.44533
4.47828
1.69615
4.64251
2.39211
4.82286
1.44238
4.45312
2.44333
4.98082
1.70341
4.98437
2.43748
5.37108
2.12402
5.1559
2.35343
5.57512
1.71746
5.68248
2.36296
6.18148
1.51504
6.0711
2.34666
6.61791
1.71051
5.9594
2.35569
6.42351
2.13278
6.09327
2.33654
6.38224
1.69242
5.86666
2.41432
6.00787
1.564
5.63787
2.32653
5.74459
1.67602
5.09517
2.34814
5.40963
2.14945
5.04202
2.33529
4.97275
1.69295
4.65442
2.3899
4.79456
1.5862
4.33019
2.35375
4.60375
1.68719
4.02027
2.3542
4.33011
2.18146
3.85219
2.34847
3.97574
1.69307
3.76345
2.36654
3.8978
1.62462
3.68892
2.35617
3.80779
1.71444
3.63177
2.39468
3.5442
2.2163
3.65118
2.43229
3.84936
1.75164
4.09035
2.47756
4.29221
1.57493
4.01434
2.32919
4.29671
1.64057
4.37983
2.36568
4.62816
2.1508
4.55924
2.37561
4.92624
1.64964
4.70624
2.4077
4.91953
1.66827
4.74655
2.47546
5.06126
1.54791
5.71629
2.65663
5.93626
2.11195
4.8734
2.32059
4.86621
1.66212
4.8452
2.34841
5.04525
1.60739
5.07685
2.34926
5.23008
1.64196
5.09945
2.35044
5.28803
2.15605
5.25217
2.35377
5.35505
1.64796
5.35699
2.41839
5.46144
1.72577
5.49762
2.49031
5.54432
1.66716
5.60915
2.50528
5.8825
2.41552
6.93658
2.23014
7.37538
1.7715
6.25738
2.61161
6.67205
1.91987
6.61781
2.34417
6.96061
1.61298
6.4801
2.23233
6.7583
2.39245
6.20185
2.11478
6.65973
1.6245
6.1387
2.12923
5.88109
1.80398
6.31679
2.21197
5.92259
1.6064
6.26215
2.15877
5.86553
2.28025
6.25259
2.0597
6.66332
1.65552
6.02594
2.14686
5.7835
1.79618
6.34298
2.14228
5.80802
1.57714
6.39364
2.16859
5.91706
2.23597
6.13865
2.10303
6.49198
1.67525
6.06263
2.19763
5.846
1.76891
5.94895
2.13435
5.7048
1.65446
5.67876
2.15803
5.51871
2.23115
5.34018
2.3384
5.54605
1.65445
5.4322
2.17013
5.39027
1.7225
5.26709
2.20307
4.78335
1.64713
5.44257
2.33469
5.17449
1.69504
4.90102
2.06278
5.21414
1.65377
4.84932
2.09318
5.02579
1.58851
5.12871
2.07878
5.02635
1.65168
5.19577
2.04226
5.33883
1.78712
5.25092
2.07106
5.26418
1.65571
5.52074
2.05489
5.62667
1.61491
5.70417
2.07478
5.80474
1.68832
5.78162
2.16061
5.75052
1.95492
5.75089
2.07652
5.84433
1.72797
6.05602
2.07806
6.16756
1.766
6.13638
2.09417
6.22279
1.79461
6.18819
2.16993
6.06535
1.88053
5.93556
2.14035
5.0412
1.70238
5.19043
1.97956
5.04048
1.69927
5.1107
1.96114
5.05932
1.73192
5.0081
1.96457
5.14796
1.87474
5.33354
2.03476
5.36258
1.68115
5.36618
1.95939
1.96431
5.22539
1.63463
5.16873
1.93273
5.07668
1.7883
5.16629
2.12251
5.23132
2.01614
5.151
1.95773
5.29658
1.74083
5.18084
1.96249
5.2128
1.69484
5.12067
2.00263
5.04062
1.72151
5.05218
2.00867
5.06714
2.01655
4.88956
2.21217
4.90827
1.73313
4.9617
2.21761
4.88553
1.7091
4.80259
2.0019
4.73089
1.74287
4.68297
2.01313
4.71289
2.02862
4.51156
2.16185
4.64706
1.74062
4.51848
1.89063
4.4043
1.71376
4.33988
1.90615
4.36525
1.74792
4.2357
2.18161
4.14718
2.12866
4.16678
2.19474
4.19499
1.77283
4.20767
2.23604
4.11531
1.68967
3.98472
1.94685
3.96882
1.72809
3.96956
2.14352
4.01079
2.14231
3.96297
2.12541
4.06795
1.73124
4.18642
2.14263
4.14267
1.61468
4.31227
2.11631
4.29222
1.71878
4.25731
2.10255
4.25333
2.18224
4.20826
2.08851
4.28729
1.72733
4.38808
2.05361
4.49907
1.66153
4.45044
1.88878
4.42453
1.65165
4.40437
1.94694
4.38274
2.11345
4.36421
1.93519
4.28931
1.65668
4.23987
1.89124
4.48304
1.72872
4.48349
1.90885
4.38555
1.66113
4.36082
1.85604
4.32794
2.15766
4.12804
1.89734
4.10355
1.67071
4.01338
1.90528
4.0024
1.73628
3.81518
1.8696
3.76014
1.67968
3.78456
1.89477
3.78254
2.10462
3.82054
1.93755
3.90379
1.69372
3.92829
2.24907
3.9153
2.19859
3.77687
2.21655
3.76166
1.8436
3.78143
2.23877
4.06211
2.18947
4.1281
2.25258
4.19799
1.8468
3.82844
1.85432
3.86572
1.76552
3.84354
1.85642
3.81959
1.80135
3.92462
1.97754
3.997
2.21102
3.91142
1.9592
4.08413
1.79611
4.19728
2.07454
4.15755
2.14096
4.17671
2.06908
4.19573
1.82606
4.2514
1.97235
4.38354
2.59492
4.39596
1.99525
4.48227
1.84335
3.91755
1.78607
3.60617
2.11142
4.73268
1.92637
3.88865
1.9221
3.53695
1.81455
3.57192
2.13149
3.72073
1.80482
3.52802
1.94743
3.85411
1.76215
3.35949
2.21018
4.0978
1.99984
3.93313
1.87219
3.88518
1.78504
3.53824
2.07014
4.01688
1.95869
4.21486
1.83266
3.97856
1.85035
3.99446
1.89009
4.08489
1.99674
4.10525
2.07324
4.22072
1.96664
4.30686
2.77741
4.23077
1.89861
4.38455
2.06965
4.45745
1.87217
4.3661
1.83137
4.42591
1.84502
4.47865
1.88396
4.38293
1.85932
4.51512
2.05182
4.50934
1.86036
4.63613
1.74776
4.6185
1.76432
4.5032
1.60266
4.43073
1.7618
4.46535
1.75761
4.62757
1.76649
4.44358
1.94833
4.45342
1.80432
4.60041
1.89267
4.60649
1.94439
4.53339
1.89056
4.49229
1.93109
4.4978
1.72911
4.48771
1.87502
4.48855
2.00004
4.26615
2.0067
4.46656
1.73021
2.7328
4.35828
1.99158
4.30476
1.68918
4.16039
1.97574
4.06773
1.59024
4.17498
1.93401
4.38849
2.01917
4.09
1.9393
4.07243
1.67024
3.945
2.05485
3.84609
1.59345
3.91171
2.02074
4.00525
1.67788
4.24545
1.98692
3.95669
2.00152
3.80823
1.99679
3.95702
1.67622
3.82302
2.05836
3.61166
1.4928
3.46992
2.27286
3.8354
1.54836
3.77346
2.29566
3.88132
1.98415
3.5731
2.12981
3.68831
1.4902
3.48906
2.1056
3.41437
1.84412
3.65579
2.33771
3.56466
1.48492
3.62052
2.28626
3.62424
2.32075
3.60477
2.11673
3.60575
1.45785
3.52935
2.11484
3.52602
1.77793
3.43275
2.18012
3.47104
1.78755
3.46674
2.18945
3.46771
2.06736
3.30464
2.17311
3.3051
1.80305
3.31369
2.17545
3.36077
1.78974
3.27855
2.19586
3.27874
1.81904
3.25683
2.23511
3.26725
2.32029
3.16674
2.17514
3.23144
1.80301
3.25231
2.28904
3.22878
1.73189
3.24294
2.30792
3.2347
1.72973
3.307
2.2562
3.29446
2.2771
3.71958
2.25742
3.68071
1.6761
3.57664
2.29143
3.48044
1.64602
3.20585
2.11433
3.15687
1.64429
3.08368
2.13034
2.98656
2.39311
2.96296
2.22436
3.00296
1.68231
3.19207
2.27137
3.13804
1.63033
3.15068
2.26965
3.19501
1.64306
3.30308
2.14216
3.32732
2.31672
3.3005
2.1448
3.52031
1.67348
3.57006
2.08746
3.02957
1.60721
2.96492
2.07881
2.9517
1.66049
2.95162
2.26821
2.96772
2.19093
2.9678
2.22116
3.18433
1.62118
3.13778
2.50262
3.21741
1.68223
3.27302
2.31688
3.40433
1.72711
3.415
2.50506
3.31978
2.16985
3.23722
2.63412
3.26356
1.77785
3.27212
2.69826
3.40646
1.57457
3.33001
2.69836
3.58269
1.74411
3.52644
2.71659
3.57511
2.16729
3.52908
2.6917
3.75787
1.73836
3.58093
2.45825
3.91035
1.72659
3.94771
2.68889
3.92422
1.85875
3.9271
2.65178
3.97146
2.09017
3.87057
2.64078
4.06106
1.88902
4.28524
1.90176
4.10315
1.76702
4.15995
2.66234
4.23424
1.6819
4.31617
2.60697
4.50463
2.30938
3.99927
2.24637
4.03191
1.99496
4.39615
1.94282
4.26353
1.91895
4.18352
1.91548
4.2487
1.86424
4.26653
2.04294
4.52834
2.19242
2.36333
4.51802
2.27198
1.95978
2.53147
4.66347
2.6862
1.7802
3.70614
4.01556
6.82241
2.44805
6.10286
4.0709
6.97978
1.70379
5.85302
4.17805
5.59947
1.93493
5.44254
4.29549
4.68207
2.04731
3.18174
4.45216
2.92506
1.90023
3.33002
4.5443
3.58253
2.38702
3.473
4.19862
3.60349
2.15954
3.97377
4.85447
3.17654
2.23914
2.26669
4.67427
2.55294
2.12695
4.88131
2.3077
5.23824
1.89592
4.82051
2.24407
4.32988
2.15446
4.49878
2.27368
4.4777
2.20859
4.46993
1.82816
4.23261
2.42806
4.23663
2.07723
4.17484
2.55297
4.02861
2.21994
4.72513
2.20792
3.92364
2.35865
4.30131
2.32098
4.57295
2.03745
4.03524
2.38954
3.94136
2.03831
3.89506
2.43861
3.87154
1.88138
3.99088
2.49019
3.98209
2.21129
3.68678
2.52342
3.88516
1.83384
3.84913
2.50734
3.85518
1.70831
3.75683
2.51657
3.75034
1.7709
3.70338
2.51995
3.76992
1.95465
3.62319
2.50646
3.8403
1.85775
3.80981
2.88268
3.78762
1.66812
3.80526
2.49886
3.79138
1.78504
3.65218
2.48792
3.76902
2.16598
4.53808
2.7274
4.79408
1.69433
3.64093
2.93752
4.60043
2.61129
4.54124
2.50143
3.6477
1.8422
3.9226
2.85586
4.39581
2.24332
4.29902
2.89145
4.55889
1.76085
3.54017
2.54507
3.50707
1.68839
3.56747
3.03364
4.38912
2.03453
4.43246
2.73016
4.23687
2.32229
