0.33
3.50
5.43
7.36
9.29
11.25
13.20
15.15
17.09
19.03
20.98
22.94
24.90
26.87
28.84
30.79
32.77
34.75
36.72
38.68
40.65
42.63
44.61
46.60
48.58
50.58
52.57
54.56
56.55
58.54
60.57
62.64
64.72
66.80
68.89
70.99
73.07
75.16
77.25
79.33
81.43
83.53
85.63
87.75
89.86
91.97
94.10
96.22
98.36
100.49
102.63
104.78
106.92
109.05
111.19
113.34
115.49
117.65
119.80
121.96
124.11
126.26
128.42
130.59
132.75
134.92
137.10
139.27
141.43
143.59
145.75
147.92
150.08
152.24
154.41
156.57
158.74
160.93
163.10
165.28
167.45
169.62
171.80
174.00
176.17
178.34
180.50
182.67
184.85
187.01
189.17
191.33
191.49
193.65
193.80
195.96
196.11
198.27
198.41
198.43
198.44
200.61
200.75
200.76
200.77
202.94
203.08
203.10
203.11
205.26
205.41
207.56
207.71
207.72
209.86
210.01
210.02
210.03
212.17
212.33
212.34
212.36
214.50
214.64
214.65
214.67
216.82
216.96
216.97
216.99
219.13
219.28
219.29
219.30
221.43
221.57
221.59
221.60
223.72
223.88
223.90
223.92
226.04
226.19
226.20
226.22
228.36
228.50
228.51
228.52
230.64
230.80
230.82
230.83
232.94
233.08
233.10
233.11
235.22
235.38
235.39
235.40
237.50
237.64
237.65
237.67
239.78
239.92
239.94
239.95
242.04
242.19
242.21
242.23
244.33
244.48
244.49
244.50
246.59
246.74
246.76
246.77
248.87
249.01
249.03
249.04
251.11
251.26
251.28
251.30
251.31
253.41
253.56
253.58
253.62
253.63
255.71
255.96
255.97
255.99
258.18
258.33
258.35
258.37
260.45
260.60
260.62
260.63
262.75
262.90
262.93
262.94
265.23
265.39
265.40
265.43
265.44
265.45
265.47
267.52
267.66
267.67
267.69
267.71
267.72
267.74
267.75
269.80
269.95
269.97
269.98
270.02
270.03
270.04
270.05
272.10
272.25
272.27
272.28
272.31
272.32
272.34
272.35
274.41
274.56
274.58
274.61
274.62
274.64
274.66
276.70
276.85
276.87
276.88
276.92
276.93
276.95
276.96
279.00
279.15
279.16
279.17
279.21
279.22
279.24
279.25
281.28
281.42
281.44
281.45
281.50
281.51
281.53
281.54
283.56
283.71
283.73
283.74
283.79
283.80
283.82
283.83
285.85
286.01
286.02
286.04
286.09
286.10
286.12
286.13
288.14
288.28
288.30
288.31
288.37
288.38
288.40
288.41
290.41
290.56
290.58
290.60
290.66
290.67
290.69
290.70
292.72
292.87
292.89
292.91
292.98
292.99
293.01
293.03
295.11
295.27
295.29
295.30
295.37
295.38
295.40
295.42
297.41
297.56
297.58
297.59
297.67
297.68
297.70
297.71
299.72
299.87
299.89
299.91
299.99
300.01
300.03
300.04
302.03
302.18
302.20
302.22
302.31
302.33
302.35
302.36
304.36
304.51
304.53
304.54
304.65
304.66
304.69
304.70
306.69
306.86
306.89
306.91
307.03
307.04
307.07
307.09
309.07
309.23
309.26
309.27
309.40
309.41
309.44
309.45
311.42
311.58
311.61
311.62
311.76
311.78
311.81
311.83
313.80
313.96
313.98
314.00
314.14
314.16
314.19
314.21
316.17
316.33
316.36
316.37
316.53
316.55
316.58
316.59
318.54
318.70
318.74
318.75
318.92
318.93
319.11
319.12
321.07
321.22
321.25
321.27
321.45
321.46
321.65
321.66
323.61
323.77
323.81
323.82
324.16
324.17
324.21
324.22
326.17
326.33
326.37
326.38
326.73
326.74
326.78
326.80
328.73
328.89
328.93
328.94
329.30
329.32
329.36
329.38
331.30
331.46
331.50
331.52
331.89
331.91
332.05
332.06
334.15
334.31
334.35
334.37
334.76
334.78
334.83
334.85
336.77
336.93
336.98
337.00
337.40
337.42
337.47
337.49
339.40
339.56
339.61
339.63
340.04
340.06
340.11
340.13
342.04
342.21
342.26
342.28
342.70
342.72
342.78
342.79
344.70
344.86
344.91
344.93
345.36
345.38
345.44
345.45
347.34
347.51
347.56
347.58
348.03
348.05
348.11
348.13
350.04
350.21
350.27
350.29
350.75
350.77
350.84
350.86
352.74
352.91
352.98
353.00
353.47
353.49
353.56
353.58
355.44
355.60
355.66
355.68
356.16
356.18
356.25
356.27
358.10
358.27
358.34
358.36
358.86
358.88
358.95
358.98
360.81
360.98
361.06
361.08
361.58
361.61
361.68
361.70
363.53
363.70
363.78
363.81
364.32
364.35
364.36
364.44
364.46
364.47
366.28
366.44
366.46
366.47
366.55
366.57
366.59
366.60
367.13
367.15
367.17
367.18
367.27
367.28
367.30
367.32
369.12
369.28
369.30
369.31
369.40
369.41
369.43
369.45
369.98
370.00
370.03
370.04
370.13
370.14
370.16
370.18
371.99
372.16
372.18
372.20
372.28
372.30
372.33
372.35
372.90
372.91
372.94
372.95
373.04
373.05
373.08
373.09
374.89
375.05
375.08
375.09
375.18
375.20
375.22
375.23
375.80
375.82
375.84
375.85
375.95
375.97
375.99
376.00
377.86
378.01
378.04
378.05
378.15
378.17
378.20
378.21
378.80
378.81
378.83
378.85
378.95
378.96
378.99
379.00
380.84
381.00
381.03
381.04
381.15
381.16
381.20
381.21
381.79
381.81
381.83
381.85
381.95
381.96
381.99
382.01
383.80
383.96
383.99
384.01
384.11
384.13
384.15
384.17
384.75
384.76
384.79
384.81
384.92
384.93
384.96
384.98
386.77
386.93
386.96
386.97
387.08
387.09
387.15
387.16
387.77
387.78
387.81
387.82
387.93
387.95
387.98
387.99
389.75
389.91
389.94
389.95
390.07
390.09
390.27
390.29
390.90
390.92
390.95
390.97
391.09
391.10
391.29
391.31
393.07
393.23
393.26
393.27
393.39
393.41
393.59
393.60
394.22
394.23
394.27
394.28
394.40
394.42
394.61
394.63
396.39
396.54
396.58
396.60
396.72
396.74
396.92
396.94
397.56
397.57
397.61
397.62
397.90
397.91
397.95
397.96
399.71
399.87
399.90
399.91
400.19
400.21
400.24
400.25
400.89
400.91
400.94
400.96
401.24
401.25
401.29
401.31
403.04
403.20
403.24
403.25
403.54
403.56
403.59
403.61
404.27
404.29
404.33
404.34
404.63
404.65
404.69
404.70
406.42
406.58
406.62
406.63
406.92
406.93
406.97
406.99
407.66
407.67
407.72
407.73
408.03
408.04
408.09
408.10
409.84
410.00
410.04
410.06
410.36
410.38
410.42
410.43
411.12
411.13
411.18
411.19
411.50
411.51
411.55
411.57
413.28
413.43
413.48
413.49
413.80
413.81
413.86
413.87
414.58
414.59
414.64
414.65
414.95
414.96
415.01
415.02
416.76
416.92
416.96
416.98
417.28
417.30
417.35
417.37
418.09
418.11
418.16
418.18
418.49
418.51
418.57
418.59
420.32
420.49
420.54
420.56
420.87
420.89
420.94
420.95
421.69
421.70
421.75
421.77
422.09
422.11
422.16
422.18
423.92
424.09
424.14
424.15
424.47
424.49
424.54
424.58
425.33
425.34
425.39
425.41
425.73
425.74
425.80
425.82
427.55
427.77
427.89
427.91
428.24
428.25
428.31
428.32
429.09
429.11
429.16
429.18
429.51
429.52
429.58
429.59
431.33
431.54
431.60
431.61
431.94
431.96
432.01
432.03
432.81
432.83
432.88
432.90
433.24
433.26
433.32
433.33
435.05
435.22
435.28
435.30
435.64
435.66
435.73
435.76
436.56
436.58
436.64
436.66
437.00
437.02
437.08
437.10
438.84
439.00
439.06
439.08
439.43
439.45
439.51
439.53
440.36
440.37
440.44
440.46
440.80
440.82
440.88
440.90
442.63
442.80
442.86
442.88
443.23
443.25
443.31
443.33
444.17
444.18
444.26
444.28
444.64
444.66
444.73
444.74
446.49
446.66
446.73
446.75
447.10
447.12
447.19
447.21
448.05
448.06
448.14
448.15
448.51
448.53
448.61
448.63
450.39
450.55
450.63
450.64
451.01
451.02
451.10
451.12
451.98
452.00
452.07
452.09
452.45
452.47
452.55
452.57
454.31
454.48
454.56
454.58
454.95
454.96
455.04
455.06
455.94
455.95
456.03
456.05
456.42
456.43
456.52
456.53
458.26
458.43
458.51
458.54
458.92
458.94
459.02
459.04
459.92
459.94
460.02
460.03
460.41
460.43
460.51
460.55
462.28
462.46
462.54
462.56
462.95
462.97
463.05
463.08
463.98
464.00
464.09
464.10
464.49
464.51
464.59
464.61
466.33
466.50
466.59
466.61
466.99
467.01
467.10
467.12
468.04
468.05
468.14
468.16
468.55
468.57
468.66
468.68
470.40
470.57
470.66
470.68
471.08
471.10
471.19
471.21
472.14
472.16
472.25
472.27
472.67
472.69
472.78
472.80
474.54
474.72
474.81
474.83
475.23
475.25
475.35
475.37
476.32
476.34
476.44
476.46
476.87
476.90
476.99
477.01
478.75
478.93
479.04
479.06
479.47
479.49
479.58
479.61
480.58
480.60
480.70
480.72
481.14
481.17
481.26
481.29
482.96
483.23
483.33
483.36
483.79
483.82
483.93
483.95
484.89
484.92
485.03
485.06
485.50
485.52
485.63
485.66
487.33
487.51
487.61
487.64
488.07
488.09
488.19
488.22
489.19
489.22
489.33
489.36
489.80
489.83
489.94
489.96
491.69
491.88
491.98
492.01
492.44
492.47
492.58
492.60
493.58
493.61
493.72
493.74
494.19
494.22
494.33
494.36
496.08
496.26
496.38
496.40
496.87
496.90
497.01
497.04
498.03
498.05
498.17
498.20
498.66
498.69
498.82
498.84
500.55
500.74
500.86
500.89
501.40
501.43
501.55
501.57
502.57
502.59
502.72
502.75
503.22
503.24
503.38
503.41
505.12
505.30
505.42
505.45
505.92
505.94
506.08
506.10
507.11
507.14
507.27
507.30
507.77
507.79
507.93
507.95
509.67
509.85
509.98
510.00
510.47
510.49
510.63
510.66
511.68
511.71
511.85
511.88
512.35
512.38
512.52
512.55
514.26
514.45
514.58
514.62
515.08
515.12
515.26
515.30
516.32
516.36
516.50
516.54
517.01
517.05
517.19
517.23
518.93
519.13
519.27
519.31
519.79
519.82
519.97
520.01
521.05
521.09
521.23
521.28
521.76
521.80
521.95
521.99
523.69
523.88
524.03
524.08
524.56
524.61
524.76
524.81
525.85
525.90
526.05
526.10
526.61
526.66
526.81
526.86
528.61
528.82
528.97
529.03
529.55
529.60
529.76
529.82
530.94
531.00
531.17
531.23
531.76
531.81
531.96
532.02
533.79
534.02
534.17
534.23
534.76
534.82
534.97
535.22
536.31
536.36
536.52
536.74
537.26
537.32
537.49
537.71
539.40
539.62
539.78
539.84
540.37
540.42
540.58
540.81
541.89
541.94
542.12
542.34
542.88
542.93
543.10
543.32
545.01
545.22
545.38
545.44
545.98
546.03
546.20
546.42
547.52
547.57
547.74
547.96
548.50
548.55
548.73
548.94
550.63
550.84
551.01
551.06
551.62
551.68
551.86
552.08
553.17
553.22
553.40
553.62
554.16
554.21
554.39
554.60
556.29
556.51
556.68
556.73
557.28
557.33
557.51
557.73
558.83
558.88
559.06
559.28
559.83
559.89
560.23
560.28
561.98
562.19
562.37
562.59
563.14
563.20
563.53
563.59
564.67
564.73
565.06
565.13
565.68
565.74
566.07
566.13
567.78
568.00
568.17
568.39
568.96
569.16
569.61
569.67
570.75
570.82
571.15
571.21
571.77
571.83
572.16
572.22
573.88
574.10
574.28
574.50
575.07
575.13
575.46
575.53
576.61
576.67
577.01
577.07
577.64
577.71
578.04
578.10
579.76
579.98
580.16
580.38
580.95
581.01
581.35
581.41
582.50
582.56
582.90
582.96
583.54
583.60
583.93
583.99
585.63
585.80
585.86
586.20
586.26
586.81
586.87
587.20
587.26
588.34
588.40
588.74
588.80
589.37
589.42
589.76
589.82
591.43
591.64
591.97
592.02
592.60
592.65
592.99
593.05
594.11
594.17
594.94
595.09
595.65
595.71
596.05
596.11
597.72
597.93
598.28
598.34
598.91
598.97
599.31
599.37
600.43
600.49
600.84
600.89
601.47
601.53
601.88
601.93
603.55
603.75
604.09
604.15
604.74
604.79
605.14
605.20
606.26
606.31
606.67
606.73
607.32
607.37
607.72
607.78
609.38
609.59
609.94
610.00
610.59
610.64
611.01
611.06
612.13
612.19
612.54
612.60
613.18
613.24
613.59
613.65
615.24
615.45
615.80
615.86
616.45
616.51
616.86
616.92
617.99
618.05
618.41
618.47
619.06
619.12
619.48
619.55
621.15
621.37
621.73
621.79
622.39
622.46
622.82
622.89
623.96
624.03
624.50
624.57
625.17
625.24
625.60
625.67
627.27
627.49
627.85
627.92
628.52
628.59
628.96
629.02
630.11
630.17
630.54
630.61
631.21
631.28
631.65
631.71
633.30
633.51
633.88
633.95
634.56
634.63
635.00
635.06
636.14
636.21
636.58
636.65
637.30
637.37
637.75
637.82
639.47
639.69
640.06
640.13
640.77
640.84
641.23
641.30
642.46
642.53
642.93
643.01
643.66
643.73
644.24
644.46
646.26
646.50
646.89
646.97
647.63
647.71
648.11
648.19
649.37
649.45
649.85
649.93
650.59
650.67
651.08
651.16
652.90
653.14
653.53
653.61
654.28
654.37
654.77
654.86
656.04
656.13
656.54
656.62
657.30
657.38
657.78
657.86
659.58
659.83
660.24
660.32
661.01
661.09
661.51
661.60
662.79
662.88
663.30
663.38
664.06
664.14
664.54
664.62
666.39
666.64
667.05
667.13
667.81
667.89
668.30
668.37
669.56
669.64
670.05
670.13
670.83
670.93
671.35
671.43
673.17
673.43
673.83
673.92
674.61
674.69
675.11
675.20
676.39
676.48
676.89
676.98
677.67
677.76
678.18
678.27
680.00
680.27
680.69
680.78
681.47
681.57
681.99
682.09
683.28
683.38
683.81
683.91
684.60
684.71
685.13
685.23
686.96
687.22
687.65
687.75
688.45
688.55
688.99
689.09
690.28
690.39
690.83
690.93
691.64
691.75
692.18
692.28
694.00
694.29
694.72
694.82
695.51
695.61
696.05
696.15
697.33
697.43
697.87
697.97
698.69
698.79
699.24
699.34
701.06
701.33
701.77
701.86
702.58
702.67
703.12
703.22
704.40
704.52
704.97
705.06
705.78
705.87
706.32
706.42
708.15
708.40
708.85
708.94
709.64
709.74
710.18
710.27
711.43
711.53
711.97
712.07
712.77
712.87
713.31
713.40
715.10
715.35
715.79
715.88
716.59
716.69
717.14
717.23
718.40
718.49
718.95
719.04
719.76
719.85
720.30
720.39
722.07
722.32
722.78
722.88
723.59
723.68
724.15
724.24
725.41
725.51
725.97
726.06
726.79
726.88
727.35
727.44
729.14
729.40
729.87
729.96
730.69
730.78
731.25
731.34
732.51
732.60
733.08
733.17
733.91
734.00
734.49
734.61
736.32
736.57
737.04
737.13
737.86
737.96
738.53
738.69
739.87
739.97
740.45
740.54
741.28
741.37
741.85
741.94
743.64
743.90
744.36
744.45
745.20
745.29
745.77
745.85
747.04
747.13
747.61
747.69
748.45
748.54
749.03
749.11
750.84
751.08
751.56
751.65
752.40
752.49
752.97
753.17
754.38
754.47
754.96
755.05
755.81
755.90
756.39
756.49
758.25
758.50
758.99
759.08
759.86
759.96
760.44
760.54
761.76
761.85
762.34
762.43
763.20
763.30
763.79
763.89
765.60
765.88
766.36
766.45
767.22
767.31
767.81
767.90
769.07
769.17
769.66
769.76
770.50
770.60
771.08
771.17
772.83
773.10
773.59
773.69
774.42
774.53
775.02
775.12
776.25
776.36
776.84
776.95
777.68
777.79
778.27
778.37
780.04
780.31
780.79
780.90
781.65
781.76
782.26
782.37
783.52
783.64
784.12
784.24
785.04
785.14
785.62
785.73
787.57
787.86
788.33
788.45
789.25
789.37
789.84
789.95
791.17
791.29
791.77
791.89
792.70
792.82
793.30
793.45
795.28
795.58
796.05
796.18
796.98
797.11
797.59
797.72
798.95
798.97
799.10
799.11
799.59
799.60
799.73
799.75
800.56
800.58
800.71
800.73
801.22
801.23
801.36
801.38
803.20
803.40
803.52
803.54
804.02
804.03
804.17
804.18
804.98
805.00
805.13
805.15
805.63
805.64
805.78
805.79
807.01
807.02
807.16
807.18
807.66
807.68
807.81
807.83
808.61
808.63
808.76
808.78
809.25
809.27
809.41
811.21
811.51
811.99
812.13
812.91
813.05
813.53
813.68
814.92
815.07
815.54
815.79
816.64
816.78
817.27
817.41
819.21
819.52
820.00
820.15
820.94
821.08
821.57
821.71
822.90
823.07
823.56
823.69
824.48
824.62
825.10
825.23
827.06
827.36
827.83
827.96
828.76
828.88
829.38
829.50
830.70
830.82
831.31
831.43
832.22
832.33
832.82
832.93
834.74
835.10
835.58
835.69
836.48
836.58
837.07
837.17
838.38
838.49
838.98
839.08
839.89
839.99
840.50
840.60
842.44
842.71
843.21
843.31
844.13
844.23
844.74
844.84
846.07
846.17
846.68
846.79
847.60
847.70
848.21
848.32
850.16
850.47
850.98
851.08
851.90
852.00
852.51
852.61
853.83
853.94
854.45
854.56
855.35
855.45
855.96
856.06
857.86
858.13
858.63
858.73
859.51
859.62
860.11
860.22
861.42
861.55
862.07
862.20
863.05
863.34
864.12
864.36
864.36
