0000262144
0000262144
0000262144
0000262144
0000262144
0000262144
0000262144
0000262144
0000262144
0000262144
0000262144
0000262144
0000262144
0000262144
0000262144
0000262144
0000262144
0000262144
0000262144
0000262144
0000262144
0000262144
0000262144
0000262144
0000262144
0000262144
0000262144
0000262144
0000262144
0000262144
0000262144
0000262144
0000262144
0000262144
0000262144
0000262144
0000262144
0000262144
0000262144
0000262144
0000262144
0000262144
0000262144
0000262144
0000262144
0000262144
0000262144
0000262144
0000262144
0000262144
0000262144
0000262144
0000262144
0000262144
0000262144
0000262144
0000262144
0000262144
0000262144
0000262144
0000262144
0000262144
0000262144
0000262144
0000262144
0000262144
0000262144
0000262144
0000262144
0000262144
0000262144
0000262144
0000262144
0000262144
0000262144
0000262144
0000262144
0000262144
0000262144
0000262144
0000262144
0000262144
0000262144
0000262144
0000262144
0000262144
0000262144
0000262144
0000262144
0000262144
0000262144
0000262144
0000000002
0000262144
0000000002
0000262144
0000000002
0000262144
0000000002
0000000002
0000000002
0000262144
0000000002
0000000003
0000000002
0000262144
0000000002
0000000008
0000000002
0000262144
0000000012
0000262144
0000000014
0000000003
0000262144
0000000006
0000000017
0000000008
0000262144
0000000008
0000000017
0000000012
0000262144
0000000012
0000000018
0000000013
0000262144
0000000009
0000000021
0000000007
0000262144
0000000008
0000000025
0000000008
0000262144
0000000004
0000000031
0000000005
0000262144
0000000005
0000000030
0000000006
0000262144
0000000007
0000000036
0000000011
0000262144
0000000014
0000000043
0000000016
0000262144
0000000019
0000000048
0000000022
0000262144
0000000022
0000000069
0000000022
0000262144
0000000023
0000000091
0000000023
0000262144
0000000027
0000000103
0000000030
0000262144
0000000042
0000000118
0000000050
0000262144
0000000052
0000000147
0000000054
0000262144
0000000050
0000000192
0000000048
0000262144
0000000044
0000000236
0000000048
0000262144
0000000048
0000000290
0000000053
0000262144
0000000067
0000000352
0000000079
0000000002
0000262144
0000000002
0000000098
0000000440
0000000119
0000262144
0000000128
0000000540
0000000135
0000262144
0000000147
0000000657
0000000171
0000262144
0000000190
0000000822
0000000190
0000262144
0000000210
0000001005
0000000232
0000262144
0000000256
0000000002
0000001198
0000000002
0000000262
0000000003
0000262144
0000000006
0000000294
0000000006
0000001431
0000000006
0000000321
0000000006
0000262144
0000000007
0000000349
0000000008
0000001686
0000000007
0000000363
0000000005
0000262144
0000000004
0000000406
0000000004
0000001956
0000000004
0000000470
0000000003
0000262144
0000000002
0000000522
0000002276
0000000002
0000000556
0000000002
0000262144
0000000004
0000000587
0000000002
0000002666
0000000003
0000000609
0000000004
0000262144
0000000004
0000000649
0000000004
0000003048
0000000005
0000000676
0000000007
0000262144
0000000005
0000000699
0000000006
0000003481
0000000007
0000000737
0000000008
0000262144
0000000009
0000000789
0000000013
0000003950
0000000010
0000000891
0000000009
0000262144
0000000010
0000000969
0000000010
0000004467
0000000008
0000001007
0000000009
0000262144
0000000018
0000001071
0000000024
0000005078
0000000022
0000001150
0000000017
0000262144
0000000016
0000001210
0000000017
0000005717
0000000022
0000001265
0000000021
0000262144
0000000019
0000001320
0000000024
0000006395
0000000029
0000001378
0000000026
0000262144
0000000023
0000001448
0000000024
0000007165
0000000026
0000001531
0000000018
0000262144
0000000015
0000001620
0000000012
0000007988
0000000019
0000001679
0000000020
0000262144
0000000022
0000001790
0000000026
0000008916
0000000025
0000001865
0000000035
0000262144
0000000035
0000001972
0000000048
0000010007
0000000050
0000002084
0000000049
0000262144
0000000058
0000002230
0000000063
0000011039
0000000065
0000002332
0000000062
0000262144
0000000072
0000002497
0000000078
0000012155
0000000070
0000002552
0000000071
0000262144
0000000063
0000002678
0000000066
0000013294
0000000074
0000002842
0000000080
0000262144
0000000082
0000002994
0000000080
0000014693
0000000086
0000003110
0000000084
0000262144
0000000100
0000003214
0000000102
0000016047
0000000121
0000003344
0000000110
0000262144
0000000108
0000003528
0000000123
0000017552
0000000113
0000003712
0000000112
0000262144
0000000122
0000003860
0000000123
0000019106
0000000127
0000003988
0000000129
0000262144
0000000127
0000004178
0000000133
0000020704
0000000133
0000004355
0000000153
0000262144
0000000161
0000004568
0000000168
0000022466
0000000171
0000004750
0000000168
0000262144
0000000170
0000005005
0000000190
0000024344
0000000194
0000005193
0000000213
0000262144
0000000212
0000005446
0000000190
0000026190
0000000208
0000005599
0000000222
0000262144
0000000219
0000005801
0000000233
0000028194
0000000240
0000006026
0000000265
0000262144
0000000297
0000006340
0000000322
0000030290
0000000317
0000006591
0000000356
0000262144
0000000368
0000006789
0000000380
0000032479
0000000380
0000007073
0000000394
0000262144
0000000445
0000007278
0000000475
0000034817
0000000480
0000007525
0000000491
0000262144
0000000528
0000007739
0000000560
0000037169
0000000601
0000007886
0000000615
0000262144
0000000642
0000008173
0000000672
0000039515
0000000677
0000008428
0000000689
0000262144
0000000727
0000008775
0000000739
0000041968
0000000777
0000009072
0000000792
0000262144
0000000807
0000009392
0000000830
0000044578
0000000852
0000009692
0000000893
0000262144
0000000902
0000010024
0000000932
0000047194
0000000975
0000010314
0000001007
0000262144
0000001032
0000010582
0000001063
0000049893
0000001072
0000010876
0000001122
0000262144
0000001140
0000011322
0000001140
0000052561
0000001168
0000011726
0000001177
0000262144
0000001205
0000012067
0000001246
0000055370
0000001293
0000012543
0000001341
0000262144
0000001372
0000012941
0000001380
0000058069
0000001425
0000000001
0000013382
0000001430
0000000003
0000262144
0000000004
0000001479
0000000007
0000013805
0000000011
0000001511
0000000020
0000060931
0000000022
0000001550
0000000018
0000014227
0000000014
0000001568
0000000019
0000262144
0000000019
0000001613
0000000015
0000014666
0000000015
0000001654
0000000010
0000063826
0000000006
0000001716
0000000002
0000014943
0000000001
0000001767
0000000003
0000262144
0000000004
0000001829
0000000005
0000015382
0000000006
0000001815
0000000010
0000066660
0000000008
0000001833
0000000007
0000015795
0000000004
0000001869
0000000002
0000262144
0000000005
0000001889
0000000003
0000016197
0000000002
0000001924
0000000002
0000069625
0000000004
0000001991
0000000011
0000016549
0000000010
0000002044
0000000010
0000262144
0000000003
0000002092
0000000004
0000016946
0000000003
0000002140
0000000004
0000072609
0000000003
0000002160
0000000005
0000017379
0000000007
0000002199
0000000004
0000262144
0000000004
0000002229
0000000002
0000017871
0000000003
0000002259
0000000003
0000075519
0000000006
0000002291
0000000007
0000018301
0000000004
0000002339
0000000005
0000262144
0000000004
0000002383
0000000003
0000018826
0000000002
0000002423
0000000002
0000078554
0000000002
0000002453
0000000002
0000019289
0000000003
0000002473
0000000005
0000262144
0000000005
0000002521
0000000005
0000019814
0000000004
0000002587
0000000005
0000081503
0000000006
0000002655
0000000004
0000020251
0000000001
0000002685
0000000002
0000262144
0000000002
0000002753
0000000003
0000020701
0000000003
0000002780
0000000004
0000084570
0000000008
0000002788
0000000009
0000021218
0000000011
0000002841
0000000013
0000262144
0000000014
0000002849
0000000018
0000021724
0000000017
0000002914
0000000021
0000087555
0000000030
0000002961
0000000030
0000022215
0000000045
0000003004
0000000045
0000262144
0000000051
0000003109
0000000050
0000022769
0000000053
0000003196
0000000052
0000090542
0000000041
0000003264
0000000032
0000023208
0000000028
0000003277
0000000026
0000262144
0000000020
0000003364
0000000012
0000023888
0000000010
0000003407
0000000010
0000093613
0000000014
0000003440
0000000013
0000024354
0000000013
0000003456
0000000019
0000262144
0000000025
0000003551
0000000033
0000024897
0000000039
0000003614
0000000054
0000096528
0000000064
0000003702
0000000065
0000025341
0000000067
0000003770
0000000068
0000262144
0000000071
0000003828
0000000068
0000025852
0000000068
0000003869
0000000072
0000099383
0000000067
0000003893
0000000056
0000026485
0000000048
0000003961
0000000038
0000262144
0000000033
0000004087
0000000027
0000027104
0000000025
0000004191
0000000030
0000102331
0000000029
0000004256
0000000031
0000027651
0000000031
0000004394
0000000039
0000262144
0000000032
0000004511
0000000031
0000028313
0000000025
0000004644
0000000022
0000105135
0000000033
0000004752
0000000042
0000028742
0000000039
0000004772
0000000043
0000262144
0000000044
0000004927
0000000051
0000029474
0000000052
0000004962
0000000072
0000107964
0000000079
0000005044
0000000096
0000030045
0000000099
0000005140
0000000093
0000262144
0000000098
0000005241
0000000107
0000030525
0000000107
0000005317
0000000106
0000110851
0000000113
0000005466
0000000126
0000031080
0000000130
0000005550
0000000127
0000262144
0000000132
0000005682
0000000136
0000031701
0000000143
0000005821
0000000147
0000113649
0000000150
0000005958
0000000160
0000032300
0000000164
0000006109
0000000168
0000262144
0000000172
0000006226
0000000181
0000032901
0000000183
0000006324
0000000182
0000116478
0000000176
0000006422
0000000171
0000033470
0000000159
0000006522
0000000154
0000262144
0000000155
0000006634
0000000146
0000034279
0000000142
0000006723
0000000137
0000119217
0000000134
0000006807
0000000134
0000034886
0000000124
0000006893
0000000144
0000262144
0000000153
0000007054
0000000157
0000035508
0000000161
0000007210
0000000164
0000121859
0000000178
0000007306
0000000179
0000036004
0000000189
0000007352
0000000202
0000262144
0000000212
0000007457
0000000201
0000036754
0000000217
0000007603
0000000209
0000124571
0000000215
0000007706
0000000221
0000037300
0000000221
0000007745
0000000219
0000262144
0000000223
0000007906
0000000211
0000038004
0000000209
0000008047
0000000206
0000127103
0000000215
0000008153
0000000219
0000038598
0000000222
0000008219
0000000237
0000262144
0000000257
0000008294
0000000250
0000039345
0000000255
0000008437
0000000258
0000129600
0000000275
0000008552
0000000291
0000039940
0000000281
0000008643
0000000288
0000262144
0000000282
0000008782
0000000271
0000040763
0000000269
0000008903
0000000280
0000132021
0000000311
0000009032
0000000295
0000041365
0000000297
0000009134
0000000297
0000262144
0000000298
0000009262
0000000279
0000042149
0000000262
0000009410
0000000255
0000134325
0000000253
0000009496
0000000250
0000042655
0000000246
0000009654
0000000232
0000262144
0000000218
0000009852
0000000217
0000043310
0000000222
0000009978
0000000231
0000136660
0000000230
0000010123
0000000221
0000043812
0000000231
0000010244
0000000260
0000262144
0000000269
0000010501
0000000259
0000044552
0000000261
0000010698
0000000255
0000139019
0000000262
0000010873
0000000253
0000045254
0000000264
0000011013
0000000271
0000262144
0000000288
0000011142
0000000310
0000046063
0000000326
0000011279
0000000350
0000141250
0000000368
0000011432
0000000388
0000046636
0000000401
0000011547
0000000407
0000262144
0000000410
0000011716
0000000421
0000047421
0000000422
0000011815
0000000427
0000143442
0000000442
0000012037
0000000470
0000047966
0000000499
0000012161
0000000522
0000262144
0000000532
0000012320
0000000566
0000048797
0000000563
0000012544
0000000574
0000145518
0000000580
0000012752
0000000591
0000049307
0000000593
0000012931
0000000590
0000262144
0000000611
0000013028
0000000649
0000050108
0000000675
0000013249
0000000686
0000147581
0000000677
0000013345
0000000674
0000050672
0000000687
0000013510
0000000707
0000262144
0000000712
0000013668
0000000701
0000051481
0000000703
0000013846
0000000699
0000149445
0000000689
0000013939
0000000674
0000052185
0000000663
0000014134
0000000667
0000262144
0000000690
0000014359
0000000701
0000053061
0000000710
0000014505
0000000726
0000151247
0000000720
0000014674
0000000701
0000053664
0000000689
0000014792
0000000690
0000262144
0000000705
0000014965
0000000722
0000054475
0000000722
0000015163
0000000733
0000153055
0000000749
0000015262
0000000765
0000055062
0000000795
0000015484
0000000846
0000262144
0000000881
0000015737
0000000930
0000055904
0000000952
0000015963
0000000950
0000154798
0000000949
0000016140
0000000934
0000056541
0000000937
0000016358
0000000950
0000262144
0000000922
0000016496
0000000910
0000057458
0000000900
0000016625
0000000915
0000156477
0000000903
0000016792
0000000902
0000058078
0000000934
0000017007
0000000935
0000262144
0000000925
0000017225
0000000949
0000058843
0000000992
0000017419
0000000995
0000158068
0000000998
0000017574
0000000994
0000059318
0000000977
0000017726
0000000971
0000262144
0000001002
0000017948
0000001014
0000060149
0000001065
0000018157
0000001097
0000159651
0000001132
0000018342
0000001133
0000060601
0000001158
0000018499
0000001179
0000262144
0000001203
0000018637
0000001191
0000061519
0000001224
0000018799
0000001267
0000161079
0000001295
0000018959
0000001363
0000062118
0000001398
0000019126
0000001471
0000262144
0000001507
0000019274
0000001545
0000062913
0000001588
0000019441
0000001632
0000162428
0000001682
0000019592
0000001743
0000063437
0000001764
0000019707
0000001837
0000262144
0000001872
0000019947
0000001907
0000064170
0000001975
0000020104
0000001996
0000163820
0000002056
0000020268
0000002095
0000064634
0000002108
0000020485
0000002156
0000262144
0000002234
0000020655
0000002290
0000065439
0000002359
0000020765
0000002418
0000165088
0000002436
0000020852
0000002470
0000065915
0000002460
0000021057
0000002476
0000262144
0000002493
0000021213
0000002510
0000066585
0000002508
0000021345
0000002505
0000166284
0000002472
0000021611
0000002418
0000067215
0000002389
0000021688
0000002381
0000262144
0000002383
0000021895
0000002400
0000068059
0000002381
0000022112
0000002368
0000167417
0000002343
0000022267
0000002323
0000068575
0000002308
0000022508
0000002291
0000262144
0000002284
0000022679
0000002297
0000069482
0000002298
0000022852
0000002279
0000168571
0000002249
0000022934
0000002251
0000070013
0000002238
0000023023
0000002205
0000262144
0000002216
0000023196
0000002267
0000070944
0000002217
0000023261
0000002252
0000169621
0000002216
0000023338
0000002175
0000071426
0000002206
0000023361
0000002146
0000262144
0000002169
0000023438
0000002194
0000072138
0000002265
0000023595
0000002308
0000170637
0000002366
0000023688
0000002410
0000072660
0000002452
0000023771
0000002467
0000262144
0000002529
0000023968
0000002564
0000073350
0000002626
0000024137
0000002653
0000171512
0000002684
0000024216
0000002752
0000073916
0000002799
0000024345
0000002792
0000262144
0000002831
0000024456
0000002878
0000074751
0000002861
0000024543
0000002901
0000172401
0000002885
0000024677
0000002874
0000075100
0000002859
0000024801
0000002843
0000262144
0000002840
0000024982
0000002875
0000075988
0000002900
0000025029
0000002889
0000173171
0000002855
0000025165
0000002861
0000076388
0000002810
0000025334
0000002813
0000262144
0000002810
0000025651
0000002821
0000077220
0000002837
0000025814
0000002872
0000173958
0000002901
0000025934
0000002877
0000077674
0000002854
0000026152
0000002881
0000262144
0000000001
0000002887
0000026375
0000002880
0000078438
0000002901
0000026531
0000002904
0000174551
0000002875
0000026631
0000002866
0000078821
0000002884
0000026759
0000002863
0000262144
0000002839
0000026944
0000002868
0000079632
0000002870
0000027167
0000002829
0000175066
0000002832
0000027363
0000002817
0000080007
0000002834
0000027508
0000002852
0000262144
0000002888
0000027773
0000002934
0000080741
0000002935
0000027936
0000002937
0000175519
0000002922
0000028042
0000002888
0000080989
0000002920
0000028182
0000002882
0000262144
0000002920
0000028398
0000002872
0000081747
0000002858
0000028622
0000002875
0000176002
0000002878
0000028773
0000002878
0000082025
0000002855
0000028934
0000002885
0000262144
0000002894
0000029108
0000002973
0000082660
0000003026
0000029222
0000003077
0000176440
0000003104
0000029315
0000003150
0000083007
0000003170
0000029335
0000003165
0000262144
0000003228
0000029592
0000003306
0000083746
0000003351
0000029704
0000003396
0000176767
0000003373
0000029770
0000003417
0000084114
0000003409
0000029981
0000003397
0000262144
0000003459
0000030217
0000003445
0000084748
0000003454
0000030363
0000003498
0000177073
0000003522
0000030602
0000003607
0000085005
0000003673
0000030711
0000003741
0000262144
0000003787
0000030922
0000003832
0000085779
0000003890
0000031079
0000003973
0000177314
0000004014
0000031248
0000004072
0000086143
0000004056
0000031486
0000004060
0000262144
0000004123
0000031723
0000004172
0000086872
0000004202
0000031856
0000004220
0000177462
0000004271
0000032024
0000004271
0000087122
0000004221
0000032059
0000004194
0000262144
0000004176
0000032302
0000004178
0000087720
0000004205
0000032501
0000004192
0000177543
0000004226
0000032615
0000004268
0000087963
0000004326
0000032620
0000004379
0000262144
0000004478
0000032865
0000004517
0000088552
0000004625
0000032972
0000004672
0000177530
0000004739
0000033109
0000004799
0000088750
0000004775
0000033180
0000004788
0000262144
0000004886
0000033517
0000004859
0000089218
0000004872
0000033750
0000004881
0000177604
0000004857
0000033845
0000004908
0000089446
0000004870
0000033890
0000004899
0000262144
0000004933
0000034073
0000004963
0000089875
0000004941
0000034257
0000004944
0000177618
0000005002
0000034342
0000004980
0000090092
0000004991
0000034349
0000004992
0000262144
0000005009
0000034663
0000005003
0000090666
0000004921
0000034779
0000004861
0000177607
0000004822
0000034929
0000004784
0000090948
0000004756
0000035088
0000004745
0000262144
0000004799
0000035343
0000004787
0000091462
0000004805
0000035433
0000004829
0000177540
0000004895
0000035544
0000004925
0000091581
0000004962
0000035623
0000005005
0000262144
0000005103
0000035805
0000005148
0000092102
0000005164
0000035920
0000005239
0000177473
0000005255
0000036063
0000005370
0000092250
0000005412
0000036163
0000005479
0000262144
0000005549
0000036394
0000005548
0000092694
0000005581
0000036529
0000005600
0000177204
0000005642
0000036678
0000005692
0000092802
0000005713
0000036795
0000005685
0000262144
0000005693
0000036993
0000005676
0000093250
0000005621
0000037063
0000005599
0000177004
0000005634
0000037103
0000005609
0000093445
0000005594
0000037156
0000005579
0000262144
0000005617
0000037346
0000005555
0000093877
0000005503
0000037424
0000005454
0000176707
0000005411
0000037408
0000005411
0000093973
0000005364
0000037532
0000005387
0000262144
0000005390
0000037644
0000005395
0000094412
0000005404
0000037814
0000005367
0000176390
0000005399
0000037852
0000005351
0000094525
0000005400
0000037979
0000005433
0000262144
0000005439
0000038116
0000005484
0000095089
0000005503
0000038233
0000005514
0000175968
0000005544
0000038352
0000005550
0000095121
0000005567
0000038463
0000005587
0000262144
0000005687
0000038582
0000005766
0000095602
0000005804
0000038749
0000005874
0000175492
0000005918
0000038791
0000005887
0000095707
0000005897
0000038909
0000005958
0000262144
0000006024
0000039145
0000006049
0000095965
0000006025
0000039290
0000006027
0000175023
0000006019
0000039398
0000006020
0000096034
0000006043
0000039463
0000005972
0000262144
0000005975
0000039680
0000005959
0000096318
0000005950
0000039745
0000005934
0000174495
0000005869
0000039712
0000005814
0000096313
0000005764
0000039830
0000005664
0000262144
0000005657
0000040025
0000005621
0000096662
0000005571
0000040030
0000005491
0000173948
0000005464
0000040063
0000005491
0000096741
0000005466
0000040054
0000005420
0000262144
0000005490
0000040223
0000005561
0000096944
0000005661
0000040268
0000005706
0000173395
0000005783
0000040235
0000005835
0000096911
0000005887
0000040144
0000005907
0000262144
0000005959
0000040284
0000006049
0000097242
0000006118
0000040328
0000006188
0000172869
0000006247
0000040352
0000006313
0000097290
0000006299
0000040402
0000006243
0000262144
0000006283
0000040525
0000006234
0000097562
0000006125
0000040598
0000006067
0000172327
0000006032
0000040659
0000005965
0000097489
0000005942
0000040605
0000005879
0000262144
0000005884
0000040747
0000005894
0000097732
0000005952
0000040703
0000005999
0000171648
0000006000
0000040756
0000005996
0000097700
0000005954
0000040666
0000005926
0000262144
0000005913
0000040741
0000005857
0000097879
0000005796
0000040689
0000005786
0000170981
0000005762
0000040603
0000005777
0000097770
0000005808
0000040557
0000005850
0000262144
0000005978
0000040756
0000006068
0000097894
0000006161
0000040796
0000006247
0000170366
0000006285
0000040851
0000006284
0000097805
0000006378
0000040830
0000006396
0000262144
0000006460
0000040950
0000006514
0000097934
0000006580
0000041060
0000006631
0000169608
0000000002
0000006695
0000000006
0000041046
0000000035
0000006768
0000000076
0000097764
0000000117
0000006874
0000000118
0000041039
0000000112
0000006904
0000000095
0000262144
0000000101
0000006954
0000000068
0000041141
0000000047
0000007031
0000000034
0000097846
0000000044
0000007089
0000000044
0000041098
0000000050
0000007163
0000000048
0000168929
0000000033
0000007221
0000000024
0000041093
0000000018
0000007271
0000000016
0000097770
0000000012
0000007358
0000000008
0000041034
0000000006
0000007367
0000262144
0000007415
0000041170
0000007424
0000097765
0000007485
0000041118
0000007502
0000168236
0000007613
0000041050
0000007652
0000097554
0000007612
0000040974
0000007581
0000262144
0000007615
0000041119
0000007634
0000097605
0000007651
0000041234
0000007635
0000167452
0000007604
0000041223
0000007480
0000097397
0000007308
0000041183
0000007136
0000262144
0000007078
0000041266
0000006891
0000097325
0000006742
0000041259
0000006690
0000166681
0000006581
0000041245
0000006474
0000097183
0000006399
0000041089
0000006241
0000262144
0000006230
0000041106
0000006188
0000097208
0000006121
0000040912
0000006060
0000165947
0000006032
0000040924
0000005999
0000097024
0000006003
0000040866
0000005906
0000262144
0000005976
0000040820
0000005875
0000097011
0000005810
0000040659
0000005732
0000165171
0000005726
0000040573
0000005741
0000096741
0000005726
0000040565
0000005747
0000262144
0000005815
0000040651
0000005891
0000096711
0000005921
0000040634
0000005941
0000164489
0000005991
0000040615
0000006015
0000096429
0000006049
0000040545
0000006079
0000262144
0000006099
0000040503
0000006137
0000096544
0000006134
0000040367
0000006151
0000163681
0000006200
0000040273
0000006227
0000096246
0000006283
0000040061
0000006363
0000262144
