53927.5
42769
42353.3
42221.6
41920.7
41492.5
41428.6
41684.9
41645.8
41803.8
41615.2
41093
41393.8
41090.7
40859.7
41290.2
40896.9
40796.4
40764.4
41129.8
40767
40600.1
40406.1
40578.2
40542.3
40181.2
40253.9
40113
40297.5
40114.8
39121.2
38818
38735.6
38696.2
38524.7
38523
38379.5
38375
38221.9
38221.9
38065.7
38058.1
37912.6
37943.7
37794.6
37815.2
37734.8
37705.4
37639.4
37578.8
37526.1
37424.9
37403.4
37343.4
37350.5
37147.4
37050.2
36991.2
37019.6
36998
36978.7
36828.2
36834.1
36785.4
37047.6
36932.4
36954.2
36969.9
36847.3
36878.4
36714.7
36733.3
36751.4
36722.6
36737.4
36811.1
36713.9
36759.4
36745.4
36567.8
36610.5
36754.9
36708.1
36683.7
36686.7
36700.8
36844.7
36876.7
36838.2
36928.7
36955.6
37116.9
205.513
37214.9
398.948
37184.6
393.515
37251.8
515.114
451.672
520.113
37171.1
530.025
787.301
512.467
37324.2
506.686
1999.69
502.637
37259.5
2993.84
37287.4
3506.72
748.735
37447.5
1527.37
3702.12
2028.92
37624.1
1869.23
1952.29
1556.94
37695.7
1742.97
4181.36
3072.98
37796.8
1738.96
4138.15
1346.53
37804.1
1908.45
5184.15
2013.9
37762.6
976.829
6108.71
1290.33
38028.5
659.03
3879.55
1011.64
37947.1
1739.31
6219.23
1192.96
37979.1
3505.82
7303.14
3911.31
38012.7
2619.42
5635.76
3495.84
38226
5527.05
9539.9
5225.9
38185.4
5061.65
11186.1
5215.32
38473.1
5977.96
11280.2
5781.75
38443.2
8967.65
14184.7
10053.8
38616.3
10010.1
15415.9
7505.31
38625.2
10745.3
16314.5
9309.12
38846.2
8729.17
17259.8
9919.58
38931.3
11047.6
17398.8
10739.3
39020.1
6521.04
19190.3
12894.6
408.42
38937.9
288.266
12375.9
21764.7
18580.7
39002.1
21424.4
23369.5
18777.1
39251
18975.9
21525.2
20320.1
39342.2
23000.3
25096.1
21942
38047.8
24574.9
24379
18168.1
39591.8
22988.7
314.599
26815.1
502.406
29479.5
785.243
39697
1403.56
32075.3
1512.4
27121.9
1459.12
35053.5
1564.77
39934.8
1172.91
35303.8
826.775
27185
1755.87
37342.1
1284.04
40066.5
564.945
37458.2
1002.01
27948.6
1016.8
36225.3
763.18
40041.6
498.269
36848.7
28908.8
507.445
30775.1
456.653
40278.3
604.242
37730.4
469.345
29417.3
759.012
36766.3
1002.54
40256.7
1009.03
35981.3
1037.28
29417
1267.91
38236.5
1758.42
40402.7
930.049
39176.2
1174.95
29922.9
1604.25
39042.4
1939.25
40740.7
1171
39154.8
2834.54
29783.3
1993.5
40777.7
2248.08
40752.1
1924.48
42047.2
2314.99
30159.6
2009.59
42966.4
2323.13
40930.2
4346.84
44002.9
5690.92
30520.2
5309.47
45605.4
4213.54
41029.2
3806.94
43663.2
2511.74
30487.2
5187.45
45785.7
4935.89
41172.8
4564.28
43126.7
2578.64
29908.9
5569.99
47380.9
3273.74
41163.3
4535.17
48609.7
5328.99
30586.6
6174.49
48920.5
4364.17
41279.5
3328.03
49352.6
2990.39
30442.1
4523.25
48888.7
4720.84
41170
5099.83
50508.1
6024.6
30052.1
5980.62
50463.2
8181.65
41491.1
8167.98
50205.9
10628.4
29931.3
10764
50215.7
10732.5
41745.8
12597.6
52099.4
12383.9
30196.1
13731.8
47666.4
7423.79
41766.7
14601.2
51042.2
12859.1
29591.7
13902.2
45244.3
12302.8
41992.1
11611.7
46939.6
13495.2
29981.7
14721.3
50553.7
16097.8
42339.1
10697.3
50349.3
14641.8
30708.9
13119.7
46698.8
13438.8
42158.1
18597.5
48929.3
18756.2
30645.3
20705.3
48087.7
16389
42278.7
18803
50256.4
17068.6
31002.2
19778.1
50772.5
19708.8
42627.4
18292.1
50120.1
20059.7
31303.1
21080.2
50940.1
21807.1
42904
21324.7
50317
23105.7
31828
22523.5
51431.4
24521.7
43015.6
22166.4
50723.2
24517.3
32732.1
24286.9
51043.4
16551.2
43193.2
24701.7
52377.5
25369.5
33122.7
26639.1
51496.1
27665.5
43295
26933.2
52505
26285.5
33258.5
28608.9
51110.5
29181
43553.9
27910.8
51676.1
28933.5
33991.1
29654.8
52302
32915.6
43655.5
33375.7
52833.5
33946
34735.9
33493.1
50990.5
28006.2
44025.3
29150.1
50084.2
35878
35088.9
31367
49128.6
31957.4
44015.6
37143.4
50707
39539.5
35981.7
35707.3
48782.4
38405.4
44225.7
39744.5
49970.6
39359.7
36829.6
41470.3
48984.1
42570.1
44476.1
41962.2
50264.3
42101.7
36894
41926.4
50246.1
40109.8
44800.1
39697.5
50816.7
39350.7
37664.5
40000
49382.1
37370.3
44573.4
34900.6
51010.2
37005
38206.5
36384.7
50967.7
36610.1
45027.5
36094
50429
36717.8
38794.3
36644.7
49868.4
36276.2
45058.2
38129.2
52528.8
37437.1
40834.4
37139.4
51569.2
36099.2
45558
37401.7
52213.3
36345.9
40976
37162.6
52021.6
35857.6
45762.2
36357.5
51944.1
36940.4
41866
37048.1
52000.2
36108.8
46178.2
36748.9
52141
35598.5
42823.3
38124.9
249.704
51125.9
34749.5
744.742
46545.5
813.694
38340.5
1604.64
51138.4
2713.47
37905.5
4594.76
42964.3
4946.65
38657.9
4298.5
50999.3
3251.65
37351.1
4503.54
46724.6
4207.76
39735.6
3767.02
51375.1
3656.96
38550
2506.05
44043.5
1277.43
38945.1
485.87
50232.5
253.755
38025
745.391
46419.6
705.94
43026
1201.69
53217.5
922.129
40933.8
1519.16
45410.4
1329.92
42086.7
1587.69
52698.5
978.888
41038
498.556
46740.5
1226.22
40046.2
763.779
51114.9
502.168
39348.9
503.564
44689.1
903.35
39713
2725.12
50279.9
2439.51
38607.5
2448.74
46080.2
726.091
40180.6
1010.13
50787
661.965
39468.7
998.877
45286.7
763.496
40180.9
1276.13
50750.1
1775.26
38695.4
986.213
46247.4
633.53
42621.8
492.848
52150
407.53
40504.9
483.271
47528.1
1389.12
42052.7
1665.37
51885.5
838.746
39427.8
1108.66
47409.1
741.369
39806.5
609.994
52797.5
482.753
39736.4
497.083
48562
496.679
38985.3
478.414
51978.1
559.626
39134.5
996.805
47603.2
1170.96
40045.5
1243.52
52631.3
973.022
38262.8
962.493
48558.1
1481.66
39456.1
991.793
52324.9
246.627
37689.2
469.018
47920.9
481.746
39441.7
722.106
52493.6
450.739
39236.1
570.622
49288.4
1453.47
37659.5
2013.11
52329.4
2348.35
37223.6
1939.59
48344.3
3096.59
37786.5
3704.87
52479
4168.5
38362.8
5212.28
49807.3
6102.09
37392.2
6218.81
52136.3
8480.92
36511.9
7184.61
48525.5
10964.6
37266.1
10502.5
51156.7
10949.9
36886.9
10683.2
50913.7
8724.7
36473.4
6989.29
51878.8
6124.24
36545.1
5189.65
48695.2
4521.88
38121.7
2911.12
52578.4
2462.98
37554.9
2382.53
50996.8
3309.71
37173.2
3107.97
52308.8
3135.37
37077.4
4052.1
49171.7
5661.67
37045.8
7597.59
51167
7589.01
36341.6
10312
51455.3
10760.9
36549.8
11210.7
51347.2
11297
36525.4
11060.9
49553.3
10833.2
36588.9
11187.8
51892.4
11165.6
36173.8
11547.2
51679.8
8680.02
35638.5
6310.53
52051.9
7442.99
35367
4508.52
49682.9
6168.27
36035
5875.24
50689.8
3935.42
35243.1
6282.42
51538.3
6313.57
35670.5
4374.05
51394.2
6479.73
35808.2
8411.1
50003.3
6570.6
35027.3
7200.43
52010.8
5489.34
35481.9
5146.21
51153.2
7661.9
38836.2
9020.15
55305
8133.93
38871.3
8923.74
49410
8526.81
39479.9
9463.15
54958.8
8609.04
37844.5
11310.6
51057.3
11690.4
37858.5
10472.2
54607.6
10178
37808.5
9863.25
49563.8
11170.5
38156.1
14341
54151.1
14999.2
38447.5
14918.5
51091.6
15602
38300.9
15084.4
54814.4
14697.2
38524.3
14132
49866.7
14495.3
38977.1
14324.1
54814.4
15529.7
38329
14000
51481.9
15151.6
38755.5
14958.6
55410.4
16202.5
38896.5
14349.5
49722.4
2754.13
39515.8
17065.6
54542.5
17567.5
38730.1
16072
51069.3
16558.2
39425.8
15770.1
55089.6
15822.5
39648.2
14723.5
49528.8
16140.1
40000.4
14144.2
55265.7
14967.2
39853.9
13705.6
51040.6
12125.4
39535.9
12681
55318.8
10403.3
39489.2
14652.5
49994.5
13910.1
39661.7
14379.3
54069.6
13224.7
38214.4
14335.9
50614.1
15279.8
38486.7
14018.3
54791.5
15281
38634.2
14534.3
49722.7
15417.5
38247.4
14108.2
55417.9
14192.7
37689.5
13152.4
50032.1
14276
38276.4
13548.7
56607.8
14967.4
38461.5
13763.1
49985.1
15529.3
38697.3
14753.3
55208.5
15630.8
37905.4
14522.2
50414.3
15661.6
37452.3
14884.6
55775.7
16801.6
37656.3
16714.7
49732
18739.7
37781.4
18305.8
55636.7
18550.5
37600.8
17873.8
50457.6
18702.9
37597.3
15270
55871.9
18158.8
36885.3
16835.4
49640.4
17438.8
37497.2
16815.8
55480.7
17123.9
36819.2
16957.8
49894.3
18833
37182.3
18023.9
55854.8
19577.1
37504.7
18838.9
49701.4
20021.8
37728.8
19149.9
55747.4
20359
37063.9
17916.2
50275
19852
37312.2
18652.4
55728.7
19604.2
36983.9
18240.5
50102.3
16531.8
37385.6
18243.7
55684
18459.2
37315.2
18381.4
50129.5
20764.9
37483.4
18836
55790.5
19822.5
37198.3
19973.3
50079.5
22197.6
38336.3
21840.5
55400.5
20315.6
37569.2
19423.7
49922.7
19645.3
37957.7
17927.8
54937.1
20002.6
38053.1
19973.4
50487.6
20840.5
38632
21005
55844.7
21718.1
38274
20934.1
49723.6
22480.2
38456.4
21768.7
55059.9
23411.5
38588.8
21990.9
50727.4
22114.3
39370.9
21434.5
54770.6
22747.6
39248.4
21655.4
49551.8
22678.8
39043.9
21889.1
55579.6
24460.8
39798.7
22890.7
49773.2
23229.1
40269.8
22569.7
55512.3
24277.6
39983.4
22274.9
48968
22814.6
40562
20142.1
55543.7
21074.9
40835.8
17896.2
49937.7
22570.7
36979.4
20783
55896.5
19528.4
41180.3
17950.8
48960.7
18976.7
41361.5
17031.6
55743.3
18261.7
40558.6
17339
52399.1
20541.9
36952.1
18756.4
50146.1
19300
36544.2
17754.8
50322.9
18864.9
36401.7
17260.7
50993.4
17776.2
36455.5
17011.3
52286.5
17773
41600.9
16807.3
54569.1
17809.7
40792.2
17227
49902.9
18152.8
40070.4
17682.9
55154
19397.7
40638.5
18162.2
50299.6
20059.9
41260.4
18906.7
54945.7
20051.7
39883
18584.9
49875.6
21143
39844.9
19962.3
53578.1
23330.5
39312.9
22160.8
50471.4
26315.3
40117.5
23450.2
54552.5
26038.5
39212.8
23460.8
50084.7
25819.2
38735.5
22679.3
53590.8
24539
38792.2
22193.6
50774.5
24752
38974.2
22151.5
53448.8
23080.3
38588.1
21336.8
50000.9
23532.6
38386
21275.2
53813.7
24733.2
37460.8
21019.9
50959.7
24568.3
39069.9
22776.1
53833.3
23240.4
38114.6
21488.8
49937.9
23447.2
38003.3
21540.3
53575.1
23191.3
37886.3
20563.3
51028.7
22397
38781.2
19868.2
54527.1
19632.7
37782.3
17052.8
49719.6
17845
37841.2
15848.3
55800.5
16785.3
37793.2
15255.9
51209.4
16212.6
38956.1
14729.7
55905.8
15565.4
37851.7
14039.1
49673.6
15570.9
37923.2
14178.6
55346.5
16054.2
37925.2
14450
51348.6
16188.4
38616.7
15134.8
55040.1
16022.7
38184.3
14246.6
49522.8
16277.9
38393.5
14457.1
54535.6
16287
37499.2
14516.4
51509.6
16948.6
38951.9
14818.2
54788.2
15844.1
37766.4
13863.7
49693.6
15834.9
38126.4
13945.7
52085.8
16413.3
40428.7
14120
50024.1
16148.4
39124.8
14394.3
51432.9
16051.5
40392.9
13882.7
46081.5
16150
41112.5
13865.1
50739.2
16294.2
41515.1
13782
49103.2
16583.4
41864.3
14403.8
50764.8
15824.2
40826.1
16637.2
47961.7
15043.1
39464.8
15995
50718
14994.8
39001.7
15850
51359.3
15984.3
40623.6
14161.8
50784.7
15179.9
39199.8
15919.4
48056
15139.1
38557.5
15771.7
50017
15133.7
38811.9
15654.5
51705.4
16164.6
40369.8
14341.9
50423.1
15661.4
39244.9
16285.1
47411.8
15719.4
38699.4
16387.2
50454.4
15995
38611.2
16927
51722.4
17294.3
40108.4
15627.3
49664.6
16121
38034.5
17523.7
47998.7
16526.7
37653.6
17313.4
50014.8
16223.1
37602.9
17055.2
51451.8
16701.3
39374.7
15152.1
50382.8
16180.3
38000.2
16910
47822.8
16180.5
37929.9
16758.6
49885.4
15806
40691.3
15563.3
52519.1
16066.7
39460.4
15804
50423.5
14890.5
41109.6
14897.1
49455.6
15143.4
41551.7
14984.7
50582.6
15305.6
42070.5
15205.5
53272.2
16019.2
41466.9
15871
50942.6
7604.46
42690
14933.9
49464.2
15033.3
42714
14939.3
50473.4
14560
42776.5
14798.7
52866.5
15308.7
41010.8
15761.7
50304.6
15221.6
42829.5
15202.4
49710.1
15040.2
42662.2
14575.2
50795.1
14664.1
43056.9
15140.3
52801.6
15519.3
40951.2
16165.2
50660.6
15109.2
41539.1
15462.1
49819.9
16199.4
41321
16144.7
50290.4
16472.4
42657.4
16790.4
53653.6
246.476
17384
41552.2
16924.2
52925.9
17140.1
42260
17657.9
49714.3
17429.1
41786.1
17223.2
52547.2
17103.4
40689.9
17507.6
55145.2
18584.8
41425.3
17335.8
51900.5
17475.2
41648.4
17030
51083.1
16471.4
25418.6
16985.3
52263
16712
41662.7
16543.6
54681.3
17658
40383.6
16922.9
52297.2
17165.2
41799.4
17162.3
51088.7
17358.5
41177.9
17250.6
51607.4
17163.3
40697.7
17272.7
55043.2
18682
41540.9
17879.6
52775.2
17995.9
41571.7
18213.9
51140.2
18126.1
40352.9
17720.6
51550.3
18356.2
41158.5
18517.7
55066.2
19122.7
40389.3
18080.4
51609.3
18049.4
39904
18599.8
51205.8
18810.6
40994.1
18640.5
52035.2
18888.8
41651.8
18457.6
55229
18827.4
41305.1
18239.2
52024.1
18310.5
42089.8
18314.3
50973
18379.4
41955.4
18315.4
51932.4
17977.9
41637.1
17945.4
55212.8
19249.4
41080.1
17813.8
50928.5
17793.1
41451.8
18124.3
50890.7
18062.5
40911
17879.8
51122.9
18702.2
41994.5
18956.2
54741.7
20008.1
41065.7
18732.4
51050.4
18820.2
41358.4
19728.1
50788.6
19919.4
42036.9
20194.1
50958.8
20019.6
42039.6
20075.4
55176.3
21393.4
41845.5
19779.1
50943.1
20400.1
41947.8
20293.4
50653.8
20248.7
42186.2
20386.1
48842.8
20029.8
43109.1
20216.3
53499.9
21004.7
41414.8
19724.6
48707.6
19690.2
42819.6
19848.3
47131.4
19519.6
42320.7
19032.1
48605.1
19511.4
33451.5
16711.9
51931.9
20198.4
41711.9
19223.3
47990
19081.3
42502.5
19571.8
46257.8
19419.7
42475.8
19868.7
47557.7
19771.3
41177.4
18802.7
50038
20567
42207.2
19516.7
46901.1
19065.1
42172.3
19027.3
45962.9
19192.1
41687.2
19053.3
47480.4
19078.8
41880.9
19242.9
50722.9
20473.9
40972.5
18694.1
46657.7
18543.5
40249.8
18239.8
45786.8
19159.2
40582.6
19293.1
47224.5
19435
43086.2
20102.8
49068.5
20930
41444.4
19635.2
47049.2
19690.3
42938
19707.8
45915.8
19281.4
42291.2
18918.3
46975.3
18380.2
40603.8
18361.1
50136
19355.1
41193
17805.2
46890.6
18155.5
40609.8
17655.8
46108.5
17387.4
41156.8
17196
47076.3
17084.3
41699.4
16965.2
50362.7
17835.1
41649.2
17004.7
47103
16649.3
41912.3
16704.8
45775.5
16359.6
41458.4
16711.5
46720.6
16648.9
41375.4
16688.4
50416.6
18144.9
41423.3
16840.2
46700.9
16681.9
40866
16284.4
45768.8
16290.5
40497.3
16074.9
46038.9
16674.4
41149.8
16709
50854.5
18642.8
41127
17717.2
47811.9
17733.5
40891.9
16964.4
46122.9
16783
40074.8
16961.4
46031
17079.7
39575.1
16759.1
50800.4
18507.9
39653.1
17359.2
46251.2
17000.7
39639.7
17149.9
46063.4
17405.6
39829.7
17227.3
46058.3
17329
39436.5
17474.1
50420.1
18893.6
38902.5
17310.6
47428.5
17611.7
39391
17581.7
46779.1
17652.4
39442.8
17273.7
46946.8
17659.6
39062.4
17737.8
51806.6
19039
38806.5
17968.6
46803.6
18018.5
38569.1
18122.4
46908.6
18356.2
37553.8
18431.8
46778.8
18950.7
38770.1
18900.9
52015.1
20054.5
37936.3
19003.4
47023.3
19074.1
38031.4
18875.1
46508.9
19212.1
37763.3
19257.1
46538.9
19094.5
37051
19166.1
52025.7
20776.7
37410.8
19535.7
46258.3
19811
37763.8
20199.2
46868.2
19817.3
36432.2
19836.4
45907
20023.5
36624.6
19713.8
51634.1
21895.7
36810.9
20229.1
45820.9
20183.6
36774.8
22349.9
45691.3
21466.6
37157.5
19949.2
45526.3
19764.6
36747.7
19860.4
51032.9
21731.7
37430
20297.3
44919.3
19394.5
36656.9
20249.5
45237.6
20332.5
37276.8
20048
44378
19798.7
36421.8
19344
50837.5
20762.3
36584.9
19659.7
45230.1
19808.1
36844.7
19717.1
44605.4
19765.9
36429
19523.7
43889.9
19787.9
36494.1
19312.8
49184.8
21398
36795.2
20103.2
43225.6
20089.3
36810
20330
44063.1
20294.7
36621.4
20400.7
43952.5
20155.3
36862.1
20165.4
50596.1
21368.9
36651.5
19392.7
43970.7
19320.6
35935.5
18747.3
45765.6
18642.2
35466.9
18456.4
45547.2
18107.4
36434.4
18022.4
52748.4
18867.9
35304.2
17231.3
45747.3
17408.5
35048.5
16978.8
47140.2
17070.9
35786.8
16668.1
45739.4
16622.3
35720.1
16387.2
52597.7
17267.5
35752.4
15707.6
45050.9
15188.6
35109.6
15046.9
45870
14902.6
35657.7
14557.3
42616.1
16596.6
37498.6
16391.4
47123.7
17273.1
37353.4
15516.7
42467.6
16079
37801.3
15937.4
43592.6
15597.4
37610.5
15582.6
42768.5
15495.4
37989.4
15020
47164.4
16730.5
37853.1
14988.7
43112.5
14958.5
37663.6
14649.9
42959.6
424.797
14742.7
1285.94
38253.2
5130.14
14725.2
5364.99
42761.2
6712.09
14726.5
5543.05
37932.5
6825.49
15072
5493.9
47581.4
6994.41
16425.2
5852.91
38136.7
5950.55
14902.2
4625.79
43047
5800.19
15143.4
4715.02
38778.5
6123.79
15336.2
5271.08
43287.3
5741.14
14898.1
4568.25
38273.8
3909.96
15311.8
3525.9
43715.2
2620.5
15459
1719.86
38185.9
1313.55
15286.7
48222.7
17014.2
38372.4
15136.5
43824
15334
37555.1
14916.3
42192.7
15461.8
37934.8
12744.3
44400.4
15189
36822.4
15263.2
48609.6
16869.9
37003.6
15171
43861.9
15445.3
36785.7
15499.7
44020.8
15836.8
36665.8
15902.1
43877
16064.6
36957.1
16336.9
47734.1
17791.2
36901.9
16331.6
42974.9
16355.3
36525.1
16476.3
43595.8
16580.6
36438
17119.7
43446.6
17079.1
36594.4
17353.8
48308.3
14358.6
36659.4
17753.2
43929.8
17796.4
36134.7
17649.1
43484
17620.6
36454.2
17568.6
43179.6
17628.7
35242.9
17325
47565.6
18672.9
35047.5
16870.9
42574.1
16784.1
34923.1
16691.4
42743.2
16952.7
33549.7
15861
42457.7
16351.1
33592.8
16466.1
47274.7
17611.1
33149.2
16248.7
42397.1
16342.2
33951.5
16587.7
42816.6
16157.6
33395.5
16311.2
43126.2
18151.5
33826.4
17678.1
49209.4
19287.1
34076.5
17151.7
43671.7
17077.3
34190.8
16701.9
43353.5
14312.9
32983.2
14086.4
40612.7
13775.5
22678.4
11213.5
36010.1
