1.00462
1.00462
1.00714
1.00714
1.00714
1.00714
1.00714
1.00714
1.00714
1.00714
1.00714
1.00714
1.00716
1.00716
1.0132
1.01317
1.01315
1.01315
1.01314
1.01311
1.01311
1.01311
1.01309
1.01308
1.01308
1.01308
1.01308
1.01309
1.01309
1.01309
1.01309
1.01309
1.01309
1.01309
1.01311
1.01312
1.01309
1.01308
1.01306
1.01306
1.01306
1.01302
1.01305
1.013
1.01302
1.013
1.01299
1.01299
1.01297
1.01299
1.01297
1.01295
1.01292
1.01292
1.01291
1.01486
1.01485
1.01485
1.01486
1.01486
1.01488
1.01488
1.01489
1.01486
1.01292
1.01291
1.01288
1.01288
1.01288
1.01288
1.01289
1.01286
1.01289
1.01297
1.01295
1.01295
1.01306
1.01308
1.01306
1.01453
1.01451
1.01448
1.01453
1.01451
1.01451
1.01448
1.01453
1.01463
1.01477
1.02083
1.0206
1.0202
1.02008
1.01991
1.01982
1.01965
1.01546
1.01553
1.01941
1.01941
1.01941
1.0192
1.0192
1.0192
1.0192
1.01884
1.01878
1.01878
1.01878
1.01855
1.01855
1.01842
1.01808
1.01808
1.01793
1.01784
1.01784
1.01784
1.01746
1.01736
1.01736
1.01736
1.01706
1.01691
1.01691
1.01691
1.01659
1.01657
1.01657
1.01657
1.01634
1.01624
1.01624
1.01624
1.01633
1.01634
1.01634
1.01634
1.01646
1.01651
1.01651
1.01651
1.0166
1.01662
1.01662
1.01662
1.01668
1.01668
1.01668
1.01668
1.01411
1.01401
1.01401
1.01401
1.01378
1.0233
1.0233
1.0233
1.02309
1.02301
1.02301
1.02301
1.02274
1.02269
1.02269
1.02269
1.02246
1.02243
1.02243
1.02243
1.0222
1.02213
1.02213
1.02213
1.02185
1.02173
1.02173
1.02173
1.02139
1.02124
1.02124
1.02124
1.02106
1.02101
1.02101
1.02101
1.02089
1.02072
1.02072
1.02072
1.02072
1.02057
1.02055
1.02055
1.02055
1.02055
1.02026
1.02014
1.02014
1.02014
1.01991
1.0199
1.0199
1.0199
1.01976
1.01971
1.01971
1.01971
1.01956
1.01947
1.01947
1.01947
1.01926
1.01907
1.01907
1.01907
1.01907
1.01907
1.01907
1.01881
1.01889
1.01889
1.01889
1.01889
1.01889
1.01889
1.01889
1.01863
1.01862
1.01862
1.01862
1.01862
1.01862
1.01862
1.01862
1.01842
1.01834
1.01834
1.01834
1.01834
1.01834
1.01834
1.01834
1.026
1.02599
1.02599
1.02599
1.02599
1.02599
1.02599
1.02582
1.02585
1.02585
1.02585
1.02585
1.02585
1.02585
1.02585
1.02553
1.0255
1.0255
1.0255
1.0255
1.0255
1.0255
1.0255
1.02519
1.02516
1.02516
1.02516
1.02516
1.02516
1.02516
1.02516
1.02481
1.02473
1.02473
1.02473
1.02473
1.02473
1.02473
1.02473
1.02435
1.02434
1.02434
1.02434
1.02434
1.02434
1.02434
1.02434
1.0239
1.02382
1.02382
1.02382
1.02382
1.02382
1.02382
1.02382
1.02347
1.02562
1.02562
1.02562
1.02562
1.02562
1.02562
1.02562
1.02954
1.0295
1.0295
1.0295
1.0295
1.0295
1.0295
1.0295
1.02884
1.0287
1.0287
1.0287
1.0287
1.0287
1.0287
1.0287
1.02812
1.03181
1.03181
1.03181
1.03181
1.03181
1.03181
1.03181
1.03122
1.03116
1.03116
1.03116
1.03116
1.03116
1.03116
1.03116
1.03067
1.03067
1.03067
1.03067
1.03067
1.03067
1.03067
1.03067
1.03024
1.03326
1.03326
1.03326
1.03326
1.03326
1.03326
1.03326
1.03465
1.0347
1.0347
1.0347
1.0347
1.0347
1.0347
1.0347
1.03639
1.03403
1.03403
1.03403
1.03403
1.03403
1.03403
1.03403
1.03371
1.04343
1.04343
1.04343
1.04343
1.04343
1.04343
1.04343
1.04297
1.04285
1.04285
1.04285
1.04285
1.04285
1.04285
1.04285
1.04254
1.04251
1.04251
1.04251
1.04251
1.04251
1.04251
1.04251
1.04202
1.04823
1.04823
1.04823
1.04823
1.04823
1.04028
1.04028
1.04015
1.04016
1.04016
1.04016
1.04016
1.04016
1.04536
1.04536
1.04546
1.04749
1.04749
1.04749
1.04533
1.04533
1.04533
1.04533
1.0448
1.04982
1.04982
1.04982
1.04965
1.04965
1.04965
1.04965
1.04964
1.04958
1.04958
1.04958
1.04948
1.04948
1.04948
1.04948
1.04773
1.07579
1.07579
1.07579
1.05101
1.05101
1.05101
1.05101
1.05074
1.05527
1.05527
1.05527
1.05504
1.05504
1.05504
1.05504
1.05327
1.07452
1.07452
1.07452
1.06094
1.06094
1.06094
1.06094
1.0607
1.06064
1.06064
1.06064
1.0605
1.0605
1.0605
1.0605
1.0603
1.0652
1.0652
1.0652
1.06499
1.06499
1.06499
1.06499
1.05975
1.05963
1.05963
1.05963
1.05948
1.05948
1.05948
1.05948
1.05949
1.07162
1.07162
1.07162
1.07133
1.07133
1.07133
1.07133
1.07108
1.06355
1.06355
1.06355
1.06335
1.06335
1.06335
1.06335
1.06299
1.07028
1.07028
1.07028
1.07004
1.07004
1.07004
1.07004
1.05878
1.05873
1.05873
1.05873
1.05856
1.05856
1.05856
1.05856
1.05823
1.06795
1.06795
1.06795
1.05797
1.05797
1.05797
1.05797
1.05763
1.05753
1.05753
1.05753
1.05702
1.05702
1.05702
1.05702
1.05661
1.05656
1.05656
1.05656
1.05602
1.05602
1.05602
1.05602
1.05602
1.05602
1.05571
1.05574
1.05574
1.05574
1.05574
1.05574
1.05574
1.05574
1.05571
1.05571
1.05571
1.05571
1.05571
1.05571
1.05571
1.05571
1.05554
1.0554
1.0554
1.0554
1.0554
1.0554
1.0554
1.0554
1.05525
1.05525
1.05525
1.05525
1.05525
1.05525
1.05525
1.05525
1.06616
1.06613
1.06613
1.06613
1.06613
1.06613
1.06613
1.06613
1.06567
1.06567
1.06567
1.06567
1.06567
1.06567
1.06567
1.06567
1.06554
1.1024
1.1024
1.1024
1.1024
1.1024
1.1024
1.1024
1.10205
1.10205
1.10205
1.10205
1.10205
1.10205
1.10205
1.10205
1.10182
1.10181
1.10181
1.10181
1.10181
1.10181
1.10181
1.10181
1.10165
1.10165
1.10165
1.10165
1.10165
1.10165
1.10165
1.10165
1.1013
1.06924
1.06924
1.06924
1.06924
1.06924
1.06924
1.06924
1.06908
1.06908
1.06908
1.06908
1.06908
1.06908
1.06908
1.06908
1.06892
1.06882
1.06882
1.06882
1.06882
1.06882
1.06882
1.06882
1.06894
1.06894
1.06894
1.06894
1.06894
1.06894
1.06894
1.06894
1.06863
1.06857
1.06857
1.06857
1.06857
1.06857
1.06857
1.06857
1.06831
1.06831
1.06831
1.06831
1.06831
1.06831
1.06831
1.06831
1.06805
1.06795
1.06795
1.06795
1.06795
1.06795
1.06761
1.06761
1.06757
1.06757
1.06757
1.06757
1.06757
1.06757
1.06726
1.06726
1.06725
1.06732
1.06732
1.06732
1.06732
1.06732
1.06703
1.06703
1.0668
1.0668
1.0668
1.0668
1.0668
1.0668
1.06647
1.06647
1.06636
1.0663
1.0663
1.0663
1.0663
1.0663
1.06599
1.06599
1.06593
1.06593
1.06593
1.06593
1.06578
1.06578
1.06578
1.06578
1.06572
1.06554
1.06554
1.06554
1.06551
1.06551
1.06551
1.06551
1.05989
1.05989
1.05989
1.05989
1.05951
1.05951
1.05951
1.05951
1.06459
1.06453
1.06453
1.06453
1.06438
1.06438
1.06438
1.06438
1.0641
1.0641
1.0641
1.0641
1.064
1.064
1.064
1.064
1.06381
1.06364
1.06364
1.06364
1.06355
1.06355
1.06355
1.06355
1.06337
1.06337
1.06337
1.06337
1.06314
1.06314
1.06314
1.06314
1.06306
1.06302
1.06302
1.06302
1.06299
1.06299
1.06299
1.06299
1.06279
1.06279
1.06279
1.06279
1.0627
1.0627
1.0627
1.0627
1.06232
1.06224
1.06224
1.06224
1.06224
1.06224
1.06224
1.06224
1.07777
1.07777
1.07777
1.07777
1.07762
1.07762
1.07762
1.07762
1.08131
1.08119
1.08119
1.08119
1.08096
1.08096
1.08096
1.08096
1.08083
1.08083
1.08083
1.08083
1.08069
1.08069
1.08069
1.08069
1.08041
1.08037
1.08037
1.08037
1.08031
1.08031
1.08031
1.08031
1.08017
1.08017
1.08017
1.08017
1.08685
1.08685
1.08685
1.08685
1.07957
1.08655
1.08655
1.08655
1.08636
1.08636
1.08636
1.08636
1.08601
1.08601
1.08601
1.08601
1.08574
1.08574
1.08574
1.08574
1.08553
1.08551
1.08551
1.08551
1.08524
1.08524
1.08524
1.08524
1.09579
1.09579
1.09579
1.09579
1.09561
1.09561
1.09561
1.09561
1.09555
1.0954
1.0954
1.0954
1.09528
1.09528
1.09528
1.09528
1.095
1.095
1.095
1.095
1.09485
1.09485
1.09485
1.09485
1.09456
1.0945
1.0945
1.0945
1.09415
1.09415
1.09415
1.09415
1.09364
1.09364
1.09364
1.09364
1.09348
1.09348
1.09348
1.09348
1.10504
1.10515
1.10515
1.10515
1.09308
1.09308
1.09308
1.09308
1.10471
1.10471
1.10471
1.10471
1.10443
1.10443
1.10443
1.10443
1.10414
1.10396
1.10396
1.10396
1.10362
1.10362
1.10362
1.10362
1.10349
1.10349
1.10349
1.10349
1.10312
1.10312
1.10312
1.10312
1.11374
1.10292
1.10292
1.10292
1.10286
1.10286
1.10286
1.10286
1.10275
1.10275
1.10275
1.10275
1.11314
1.11314
1.11314
1.11314
1.11305
1.11296
1.11296
1.11296
1.11281
1.11281
1.11281
1.11281
1.11261
1.11261
1.11261
1.11261
1.11243
1.11243
1.11243
1.11243
1.11697
1.112
1.112
1.112
1.11177
1.11177
1.11177
1.11177
1.11656
1.11656
1.11656
1.11656
1.11626
1.11626
1.11626
1.11626
1.11633
1.11147
1.11147
1.11147
1.11607
1.11607
1.11607
1.11607
1.11574
1.11574
1.11574
1.11574
1.11552
1.11552
1.11552
1.11552
1.12326
1.11552
1.11552
1.11552
1.11528
1.11528
1.11528
1.11528
1.12294
1.12294
1.12294
1.12294
1.12265
1.12265
1.12265
1.12265
1.12259
1.12253
1.12253
1.12253
1.12222
1.12222
1.12222
1.12222
1.12209
1.12209
1.12209
1.12209
1.12201
1.12201
1.12201
1.12201
1.1216
1.12154
1.12154
1.12154
1.12611
1.12611
1.12611
1.12611
1.12125
1.12125
1.12125
1.12125
1.15211
1.15211
1.15211
1.15211
1.15198
1.12079
1.12079
1.12079
1.15186
1.15186
1.15186
1.15186
1.15155
1.15155
1.15155
1.15155
1.15144
1.15144
1.15144
1.15144
1.15114
1.09715
1.09715
1.09715
1.15086
1.15086
1.15086
1.15086
1.15053
1.15053
1.15053
1.15053
1.15038
1.15038
1.15038
1.15038
1.09645
1.09645
1.09645
1.09645
1.09618
1.09618
1.09618
1.09618
1.09608
1.09608
1.09608
1.09608
1.10623
1.10623
1.10623
1.10623
1.10597
1.14917
1.14917
1.14917
1.14899
1.14899
1.14899
1.14899
1.15767
1.15767
1.15767
1.15767
1.15715
1.15715
1.15715
1.15715
1.15672
1.15648
1.15648
1.15648
1.15608
1.15608
1.15608
1.15608
1.15565
1.15565
1.15565
1.15565
1.15532
1.15532
1.15532
1.15532
1.15494
1.15491
1.15491
1.15491
1.15457
1.15457
1.15457
1.15457
1.15407
1.15407
1.15407
1.15407
1.15363
1.15363
1.15363
1.15363
1.15312
1.15311
1.15311
1.15311
1.15274
1.15274
1.15274
1.15274
1.15233
1.15233
1.15233
1.15233
1.15213
1.15213
1.15213
1.15213
1.15179
1.15161
1.15161
1.15161
1.15138
1.15138
1.15138
1.15138
1.15105
1.15105
1.15105
1.15105
1.15074
1.15074
1.15074
1.15074
1.15051
1.15048
1.15048
1.15048
1.15022
1.15022
1.15022
1.15022
1.14992
1.14992
1.14992
1.14992
1.14964
1.14964
1.14964
1.14964
1.14929
1.14922
1.14922
1.14922
1.14888
1.14888
1.14888
1.14888
1.14857
1.14857
1.14857
1.14857
1.14798
1.14798
1.14798
1.14798
1.14783
1.14781
1.14781
1.14781
1.14757
1.14757
1.14757
1.14757
1.14737
1.14737
1.14737
1.14737
1.14697
1.14697
1.14697
1.14697
1.14677
1.14687
1.14687
1.14687
1.14662
1.14662
1.14662
1.14662
1.14638
1.14638
1.14638
1.14638
1.19412
1.19412
1.19412
1.19412
1.19373
1.14572
1.14572
1.14572
1.18042
1.18042
1.18042
1.18042
1.18402
1.18402
1.18402
1.18402
1.18086
1.18086
1.18086
1.18086
1.18163
1.17963
1.17963
1.17963
1.18251
1.18251
1.18251
1.1797
1.15349
1.15349
1.15349
1.19724
1.15324
1.15324
1.15324
1.19688
1.1528
1.14294
1.14294
1.14294
1.19653
1.19653
1.19653
1.19614
1.15236
1.15236
1.15236
1.23633
1.15228
1.15228
1.15228
1.2361
1.15199
1.15193
1.15193
1.15193
1.19539
1.19539
1.19539
1.19525
1.15161
1.15161
1.15161
1.23503
1.15144
1.15144
1.15144
1.1946
1.15099
1.15088
1.15088
1.15088
1.19421
1.19421
1.19421
1.19411
1.1506
1.1506
1.1506
1.23346
1.15018
1.15018
1.15018
1.19318
1.14977
1.14958
1.14958
1.14958
1.23215
1.23215
1.23215
1.2318
1.19208
1.19208
1.19208
1.23129
1.19162
1.19162
1.23093
1.23093
1.23071
1.23055
1.23055
1.23021
1.23007
1.23007
1.22995
1.22995
1.2527
1.2527
1.25249
1.25249
1.25218
1.25218
1.25183
1.25183
1.25172
1.25156
1.25156
1.2514
1.25116
1.25116
1.25085
1.25085
1.25044
1.25044
1.25006
1.25006
1.24998
1.24998
1.24973
1.24973
1.2493
1.24924
1.24924
1.24919
1.24895
1.24895
1.24887
1.24887
1.24831
1.24831
1.24805
1.24805
1.24765
1.24765
1.24734
1.24734
1.24715
1.22369
1.22369
1.24666
1.22316
1.22316
1.22279
1.22279
1.24582
1.24582
1.22231
1.22231
1.22183
1.22183
1.22144
1.22144
1.22104
1.13583
1.13583
1.16856
1.16856
1.16855
1.16855
1.16823
1.16823
1.2197
1.2197
1.21936
1.21936
1.16753
1.16753
1.16731
1.16731
1.16713
1.13463
1.13455
1.13455
1.16675
1.16675
1.16658
1.16658
1.16652
1.16652
1.16635
1.16635
1.16618
1.16618
1.16595
1.16595
1.16568
1.13316
1.13312
1.13312
1.1653
1.1653
1.16512
1.16512
1.16478
1.16478
1.16457
1.16457
1.16432
1.16432
1.16412
1.16412
1.164
1.13145
1.13135
1.13135
1.16356
1.16356
1.16347
1.16347
1.16316
1.16316
1.13107
1.13107
1.1627
1.1627
1.13083
1.13083
1.1306
1.13034
1.13023
1.13023
1.13005
1.13005
1.12987
1.12987
1.12973
1.12973
1.12964
1.12964
1.16071
1.16071
1.16049
1.16049
1.16037
1.16042
1.16023
1.16023
1.20161
1.20161
1.20139
1.20139
1.20099
1.20099
1.20078
1.20078
1.20053
1.20053
1.20039
1.20039
1.20024
1.15895
1.15887
1.15887
1.1998
1.1998
1.19957
1.19957
1.19934
1.19934
1.1993
1.1993
1.19914
1.19914
1.19908
1.19908
1.19916
1.15797
1.158
1.158
1.19887
1.19887
1.19855
1.19855
1.19846
1.19846
1.19815
1.19815
1.15694
1.15694
1.15674
1.15674
1.15656
1.1564
1.15634
1.15634
1.1564
1.1564
1.15627
1.15627
1.15593
1.15593
1.15578
1.15578
1.20161
1.20161
1.18362
1.18362
1.2012
1.12518
1.12505
1.12505
1.19395
1.19395
1.19424
1.19424
1.19438
1.19438
1.19455
1.19455
1.1947
1.1947
1.19478
1.19478
1.19513
1.1953
1.19533
1.19533
1.19576
1.19576
1.24559
1.24559
1.24591
1.24591
1.24611
1.24611
1.24632
1.24632
1.24658
1.24658
1.24678
1.19725
1.19742
1.19742
1.24719
1.24719
1.24709
1.24709
1.24709
1.24709
1.24719
1.24719
1.24739
1.24739
1.24779
1.24779
1.24773
1.24776
1.24788
1.24788
1.24802
1.24802
1.24815
1.24815
1.24811
1.24811
1.24821
1.24821
1.24831
1.24831
1.29272
1.29272
1.29288
1.19968
1.19983
1.19983
1.24905
1.24905
1.24904
1.24904
1.24921
1.24921
1.24934
1.24934
1.2435
1.2435
1.24342
1.24342
1.2437
1.20108
1.20117
1.20117
1.24405
1.24405
1.24414
1.24414
1.24419
1.24419
1.20163
1.20163
1.20175
1.20175
1.24454
1.24454
1.24449
1.24463
1.19917
1.19917
1.24509
1.24509
1.24525
1.24525
1.24556
1.24556
1.24602
1.24602
1.24619
1.24619
1.24615
1.24615
1.24648
1.2467
1.24672
1.24672
1.24687
1.24687
1.24704
1.24704
1.24719
1.24719
1.24748
1.24748
1.24774
1.24774
1.24794
1.24794
1.24817
1.20592
1.20609
1.20609
1.24995
1.24995
1.24898
1.24898
1.24931
1.24931
1.24948
1.24948
1.24962
1.24962
1.25005
1.25005
1.2502
1.20258
1.20331
1.20331
1.2504
1.2504
1.25052
1.25052
1.25056
1.25056
1.25093
1.25093
1.25128
1.25128
1.25145
1.25145
1.2516
1.20367
1.2038
1.2038
1.20393
1.20393
1.20415
1.20415
1.20448
1.20448
1.20482
1.20482
1.205
1.205
1.20514
1.20514
1.20543
1.20555
1.20569
1.20569
1.20592
1.20592
1.20625
1.20625
1.2065
1.2065
1.20683
1.20683
1.20709
1.20709
1.20728
1.20728
1.20746
1.19719
1.19737
1.19737
1.20772
1.20772
1.20795
1.20795
1.20825
1.20825
1.19817
1.19817
1.19969
1.19969
1.20863
1.20863
1.19855
1.19478
1.19463
1.19463
1.20258
1.20258
1.2029
1.2029
1.20601
1.20601
1.20622
1.20622
1.21213
1.21213
1.20993
1.20993
1.21478
1.19759
1.19748
1.19748
1.2149
1.2149
1.2151
1.2151
1.21533
1.21533
1.21539
1.21539
1.21558
1.21558
1.21577
1.21577
1.21599
1.19847
1.19846
1.19846
1.21626
1.21626
1.21617
1.21617
1.22359
1.22359
1.22397
1.22397
1.22414
1.22414
1.22438
1.22438
1.22458
1.21762
1.21794
1.21794
1.22565
1.22565
1.22626
1.22626
1.22673
1.22673
1.22728
1.22728
1.22758
1.22758
1.22824
1.22824
1.22864
1.22168
1.22189
1.22189
1.22925
1.22925
1.22951
1.22951
1.22282
1.22282
1.20662
1.20662
1.20695
1.20695
1.18954
1.18954
1.18968
1.18971
1.1898
1.1898
1.19002
1.19002
1.18654
1.18654
1.18507
1.18507
1.18538
1.18538
1.1857
1.1857
1.18584
1.18584
1.19962
1.19946
1.19926
1.19926
1.19885
1.19885
1.19844
1.19844
1.19803
1.19803
1.19753
1.19753
1.1971
1.1971
1.19673
1.19673
1.19644
1.1962
1.19606
1.19606
1.19554
1.19554
1.19507
1.19507
1.19434
1.19434
1.19397
1.19397
1.34457
1.34457
1.34473
1.34473
1.34502
1.34512
1.34537
1.34537
1.34569
1.34569
1.34584
1.34584
1.34596
1.34596
1.34601
1.34601
1.34639
1.34639
1.34552
1.34552
1.34579
1.34595
1.34605
1.34605
1.34622
1.34622
1.34634
1.34634
1.34636
1.34636
1.34636
1.34636
1.34651
1.34651
1.34651
1.34651
1.34673
1.34673
1.34673
1.34673
1.33752
1.33752
1.33752
1.33752
1.33789
1.33794
1.33794
1.33794
1.338
1.338
1.338
1.338
1.33826
1.33826
1.33826
1.33826
1.33855
1.33855
1.33855
1.33855
1.33871
1.33871
1.33871
1.33871
1.3389
1.3389
1.3389
1.3389
1.33896
1.33896
1.33896
1.33896
1.33925
1.33925
1.33925
1.33945
1.33943
1.33954
1.33954
1.33977
1.33977
1.34003
1.34003
1.34013
1.34013
1.34038
1.34038
1.34042
1.34042
1.34055
1.34055
1.34074
1.3407
1.34081
1.34081
1.34091
1.34091
1.34103
1.34103
1.34109
1.34109
1.34146
1.34146
1.34171
1.34171
1.34201
1.34201
1.34946
1.34227
1.34247
1.34247
1.34964
1.34964
1.34279
1.34279
1.34299
1.34299
1.3432
1.3432
1.34332
1.34332
1.34351
1.34351
1.34386
1.34398
1.34409
1.34409
1.34425
1.34425
1.34435
1.34435
1.35063
1.35063
1.3443
1.3443
1.35056
1.35056
1.35072
1.35072
1.35092
1.35103
1.351
1.351
1.35094
1.35094
1.35117
1.35117
1.35124
1.35124
1.35126
1.35126
1.3513
1.3513
1.35164
1.35164
1.35165
1.35164
1.35168
1.35168
1.35182
1.35182
1.35182
1.35182
1.35201
1.35201
1.35213
1.35213
1.35217
1.35217
1.35226
1.35226
1.3522
1.35223
1.35225
1.35225
1.35222
1.35222
1.34657
1.34657
1.34663
1.34663
1.34656
1.34656
1.34657
1.34657
1.34654
1.34654
1.34662
