1.00534
1.00657
1.01313
1.01148
1.01216
1.01756
1.01459
1.0167
1.01137
1.01621
1.01053
1.0188
1.01433
1.01525
1.01547
1.01172
1.01352
1.00964
1.01258
1.01247
1.01485
1.01198
1.01095
1.0122
1.01345
1.01259
1.01142
1.01333
1.01154
1.01392
1.01021
1.00994
1.00951
1.01043
1.0098
1.0087
1.01047
1.00925
1.01055
1.00942
1.00969
1.00871
1.00978
1.00846
1.00948
1.00783
1.00705
1.00756
1.00668
1.00637
1.0063
1.00622
1.00529
1.00525
1.00594
1.00532
1.00578
1.00554
1.00562
1.0052
1.00576
1.00641
1.00737
1.00661
1.00276
1.00223
1.00222
1.00203
1.00193
1.002
1.00245
1.00342
1.00224
1.00325
1.00252
1.00306
1.00297
1.00308
1.0034
1.00672
1.00576
1.00592
1.00505
1.00721
1.00544
1.00707
1.00568
1.00615
1.00555
1.00317
1.00473
1.00318
1.27177
1.00337
1.09545
1.00416
1.12258
1.00492
1.07116
1.06093
1.01681
1.00505
1.07623
1.02146
1.05057
1.00473
1.0594
1.05916
1.04388
1.00303
1.04685
1.0046
1.04751
1.06516
1.00254
1.06941
1.15428
1.03638
1.00251
1.08361
1.12986
1.16969
1.00325
1.08737
1.08178
1.09165
1.00171
1.21082
1.13905
1.17899
1.00278
1.1127
1.18835
1.03854
1.00215
1.11333
1.21928
1.01799
1.002
1.23251
1.17323
1.08427
1.00516
1.0378
1.25513
1.01938
1.00681
1.02649
1.32544
1.05982
1.00561
1.14657
1.18299
1.07974
1.00563
1.05427
1.46931
1.08394
1.00641
1.16707
1.5138
1.10968
1.00565
1.08004
1.41943
1.10657
1.00511
1.16504
1.48014
1.18322
1.00529
1.15378
1.53812
1.14061
1.00443
1.11974
1.67317
1.21826
1.00407
1.10233
1.68817
1.09887
1.00414
1.04945
1.83319
1.14943
1.00479
1.09151
1.71882
1.15402
1.09651
1.00923
1.08343
1.1116
1.64491
1.28488
1.00783
1.15738
1.66181
1.33077
1.00814
1.35887
1.57665
1.4485
1.0059
1.41333
1.67455
1.41817
1.03102
1.33573
1.5898
1.13706
1.00518
1.2563
1.00991
1.63301
1.01667
1.27254
1.04292
1.00674
1.13308
1.25584
1.05032
1.67338
1.04566
1.21049
1.04244
1.00485
1.05601
1.22072
1.08953
1.66874
1.0472
1.20672
1.05079
1.00568
1.33478
1.26012
1.05349
1.64326
1.04712
1.36643
1.04658
1.00931
1.06354
1.3868
1.63672
1.05013
1.34333
1.07523
1.00801
1.29616
1.28195
1.09331
1.58157
1.0606
1.47516
1.06871
1.00995
1.04319
1.53455
1.04434
1.626
1.05619
1.44551
1.03912
1.00899
1.25019
1.39452
1.18741
1.59731
1.12133
1.42467
1.08736
1.00858
1.15164
1.45105
1.05952
1.61023
1.17682
1.42309
1.02785
1.01145
1.03961
1.38545
1.06787
1.60886
1.04712
1.37829
1.02561
1.01242
1.07009
1.36952
1.08891
1.61338
1.07397
1.35055
1.05508
1.01142
1.04251
1.37647
1.05486
1.60431
1.02695
1.32005
1.05753
1.01762
1.0733
1.31878
1.06832
1.62681
1.04506
1.28894
1.03752
1.01659
1.05912
1.27815
1.07564
1.62096
1.04954
1.29812
1.05017
1.01741
1.14129
1.2958
1.03962
1.62555
1.06237
1.30208
1.10125
1.02246
1.10969
1.28196
1.08053
1.6348
1.05377
1.28036
1.07246
1.02185
1.06026
1.30532
1.12567
1.64735
1.0953
1.30835
1.10516
1.02038
1.13896
1.27403
1.12151
1.64709
1.12434
1.32057
1.12579
1.02555
1.16943
1.29043
1.17982
1.65421
1.15819
1.35579
1.20425
1.02585
1.15313
1.31586
1.063
1.63106
1.10524
1.30256
1.1295
1.02319
1.25654
1.30771
1.07927
1.61711
1.24326
1.30159
1.18004
1.0307
1.11016
1.35466
1.13751
1.61756
1.15126
1.35884
1.1919
1.03101
1.15688
1.32247
1.0272
1.59873
1.08994
1.30547
1.14939
1.02925
1.11003
1.28818
1.21199
1.58492
1.17924
1.3107
1.17478
1.02915
1.14402
1.32197
1.10788
1.56991
1.14141
1.28407
1.16418
1.03314
1.08243
1.29661
1.23462
1.5453
1.27027
1.29649
1.05273
1.03138
1.21789
1.27297
1.2799
1.52949
1.24053
1.2597
1.24225
1.03584
1.23752
1.2434
1.24649
1.5103
1.15652
1.28077
1.16306
1.03612
1.25505
1.28854
1.26038
1.48473
1.20578
1.26502
1.20211
1.03782
1.24452
1.25726
1.26578
1.46581
1.26263
1.28108
1.29127
1.03803
1.25208
1.29597
1.25358
1.44368
1.27565
1.27948
1.32746
1.04462
1.29623
1.30893
1.27706
1.42405
1.2202
1.3186
1.22652
1.04588
1.27928
1.32229
1.2614
1.39681
1.22168
1.32429
1.24289
1.04635
1.27653
1.31142
1.28536
1.38595
1.30039
1.31385
1.3314
1.0435
1.36768
1.30356
1.37414
1.37066
1.37523
1.30206
1.42729
1.05506
1.42293
1.29382
1.43265
1.34242
1.49075
1.27907
1.43697
1.04938
1.47805
1.29554
1.47826
1.33369
1.51908
1.29646
1.50828
1.0533
1.4556
1.24171
1.47662
1.26775
1.47824
1.24964
1.52249
1.05075
1.50169
1.24274
1.50724
1.25126
1.49719
1.23627
1.44288
1.05137
1.48399
1.23697
1.47905
1.24421
1.50261
1.23796
1.52335
1.05256
1.5066
1.22832
1.41493
1.23001
1.47114
1.09168
1.25903
1.51706
1.06673
1.0502
1.04194
1.44793
1.10004
1.25526
1.01752
1.46753
1.07163
1.21968
1.06331
1.47097
1.05441
1.26248
1.06212
1.48148
1.04038
1.05098
1.07608
1.44558
1.02122
1.26582
1.04226
1.45831
1.03113
1.20369
1.08343
1.38639
1.0793
1.2709
1.07424
1.39516
1.06757
1.06211
1.22521
1.34791
1.08919
1.20752
1.30572
1.36914
1.28056
1.15325
1.09164
1.34902
1.11845
1.21466
1.04815
1.37144
1.08496
1.06024
1.06042
1.45464
1.03989
1.26111
1.07072
1.46194
1.06031
1.18333
1.12071
1.46742
1.04545
1.27308
1.03818
1.47873
1.06124
1.08393
1.07756
1.46788
1.05848
1.26789
1.02775
1.46362
1.05547
1.17166
1.02924
1.46428
1.03829
1.26363
1.01202
1.49197
1.06338
1.08453
1.26034
1.3524
1.09532
1.20463
1.37436
1.36646
1.21349
1.11409
1.09354
1.37066
1.09689
1.20439
1.08339
1.39798
1.08119
1.06491
1.08263
1.38035
1.08848
1.20083
1.06204
1.42592
1.08012
1.09965
1.0942
1.42131
1.08559
1.20305
1.08326
1.42502
1.05109
1.06455
1.0783
1.4294
1.07719
1.2033
1.09271
1.46724
1.07469
1.09188
1.06468
1.45132
1.08134
1.20304
1.08397
1.48412
1.13274
1.06158
1.11058
1.46873
1.09133
1.19949
1.32037
1.46517
1.31304
1.08642
1.09779
1.50393
1.1015
1.20334
1.10027
1.49125
1.05023
1.06127
1.06691
1.50527
1.04633
1.20145
1.02284
1.51241
1.02183
1.07403
1.09753
1.53648
1.10367
1.19913
1.15554
1.55067
1.24042
1.06142
1.08955
1.55609
1.12515
1.20804
1.11044
1.50172
1.12856
1.06156
1.11595
1.51855
1.09702
1.20453
1.09741
1.55828
1.14042
1.06227
1.0359
1.54492
1.05408
1.19887
1.04967
1.55837
1.07363
1.05869
1.05923
1.5661
1.04757
1.20507
1.06522
1.56768
1.02295
1.05829
1.04369
1.57595
1.05696
1.21318
1.054
1.57965
1.06563
1.04733
1.21656
1.5739
1.17072
1.20911
1.23209
1.59066
1.25078
1.05635
1.28624
1.59289
1.2554
1.19546
1.26627
1.59974
1.25223
1.04806
1.0651
1.61159
1.0284
1.19121
1.14626
1.61935
1.27527
1.05795
1.19118
1.60729
1.13086
1.19738
1.07977
1.62028
1.15178
1.05974
1.12745
1.61412
1.07909
1.19008
1.13994
1.59938
1.08042
1.05702
1.13913
1.61117
1.03958
1.19797
1.11975
1.61822
1.05647
1.05898
1.04732
1.4699
1.0818
1.1124
1.11764
1.47179
1.10294
1.07603
1.1322
1.45625
1.15972
1.11166
1.11979
1.45631
1.25446
1.0665
1.31496
1.49003
1.36237
1.11087
1.27965
1.47573
1.19214
1.07903
1.19634
1.48311
1.27703
1.11775
1.28775
1.46862
1.34363
1.07098
1.31152
1.45474
1.45472
1.11165
1.28217
1.45781
1.52393
1.07684
1.51586
1.45338
1.53269
1.11421
1.49875
1.46331
1.60643
1.06685
1.56703
1.44526
1.59086
1.10748
1.50328
1.4345
1.40347
1.07908
3.0665
1.42142
1.57861
1.1111
1.4943
1.42261
1.5297
1.07895
1.56726
1.40537
1.55336
1.10128
1.52267
1.39879
1.54643
1.09125
1.35596
1.39233
1.57991
1.10034
1.49002
1.39056
1.54494
1.08013
1.35187
1.38789
1.47322
1.09655
1.12609
1.38555
1.49505
1.09036
1.13619
1.38311
1.47934
1.09367
1.2632
1.40855
1.18421
1.09394
1.64282
1.41634
1.61815
1.09502
1.66204
1.40567
1.75903
1.0978
1.74376
1.39856
1.7183
1.08759
1.81497
1.42097
1.87524
1.09903
1.77799
1.39659
1.86586
1.06423
1.78846
1.39757
1.81749
1.09748
1.70933
1.39701
1.69277
1.08379
1.61678
1.39816
1.67337
1.10312
1.59856
1.40589
1.30785
1.06652
1.54457
1.41336
1.56225
1.10609
1.48893
1.40692
1.47861
1.07742
1.51788
1.41908
1.51698
1.10145
1.53091
1.41096
1.31554
1.06975
1.60309
1.41679
1.57925
1.11178
1.61666
1.40837
1.66507
1.07185
1.62337
1.41769
1.65661
1.11977
1.64151
1.40309
1.62849
1.0672
1.57454
1.39818
1.56348
1.11233
1.55239
1.38778
1.53007
1.06799
1.45349
1.38694
1.53604
1.1133
1.44711
1.39312
1.48969
1.06138
1.46801
1.37929
1.43312
1.10827
1.17897
1.37821
1.13522
1.064
1.42321
1.37049
1.39073
1.11766
1.373
1.37329
1.40435
1.06049
1.39344
1.37622
1.37077
1.1136
1.19197
1.35544
1.28294
1.05316
1.28213
1.3564
1.12068
1.12726
1.41228
1.33848
1.50174
1.0605
1.43825
1.33584
1.4072
1.11076
1.40394
1.32936
1.41665
1.04934
1.43144
1.31318
1.3829
1.12819
1.46483
1.31351
1.47035
1.05639
1.44835
1.30657
1.4737
1.11186
1.50845
1.2947
1.57148
1.05717
1.52032
1.28673
1.51104
1.13965
1.5347
1.27518
1.58095
1.04949
1.47726
1.2629
1.51228
1.13751
1.57832
1.25696
1.57226
1.05141
1.49671
1.24979
1.56002
1.15239
1.60656
1.22831
1.70299
1.04696
1.71411
1.22667
1.86792
1.13571
1.5945
1.394
1.62892
1.04511
1.87293
1.21197
1.92377
1.15223
1.93555
1.19853
1.93579
1.03955
1.96542
1.20942
2.03081
1.0869
1.76717
1.37385
1.82786
1.16323
1.84016
1.38134
1.90387
1.12765
1.80566
1.37956
1.89443
1.14386
1.93607
1.38106
1.90988
1.08952
2.03727
1.20232
2.06817
1.05123
2.01904
1.20286
2.01054
1.14103
1.71831
1.20408
1.88447
1.04234
1.75777
1.19252
1.86381
1.13811
1.76977
1.19603
1.81616
1.05095
1.76974
1.20735
1.76979
1.14137
1.70464
1.20963
1.69327
1.05255
1.54595
1.21523
1.50909
1.138
1.41392
1.21884
1.41818
1.05362
1.40394
1.22735
1.43817
1.13789
1.39029
1.22516
1.43339
1.05506
1.44977
1.21553
1.49214
1.13597
1.47793
1.2331
1.55813
1.06248
1.54932
1.23788
1.55112
1.14029
1.51921
1.23303
1.47558
1.05084
1.40744
1.23766
1.4892
1.13392
1.47067
1.23076
1.48626
1.05525
1.4857
1.24274
1.51068
1.14314
1.46611
1.22667
1.49104
1.04952
1.46991
1.23727
1.45916
1.13744
1.51979
1.23602
1.60921
1.03641
1.6738
1.2386
1.79507
1.15469
1.84496
1.22644
1.84709
1.01302
1.95935
1.23416
2.01328
1.14119
2.07038
1.22572
2.13004
1.01156
2.16092
1.22987
2.23119
1.16125
2.18294
1.22547
2.2062
1.02283
2.17209
1.23103
2.20847
1.14076
2.1495
1.2299
2.19713
1.0244
2.18561
1.22607
2.19701
1.16468
2.15967
1.21872
2.21009
1.0355
2.16849
1.22597
2.19371
1.13912
2.15575
1.21496
2.24137
1.02938
2.11008
1.21751
2.24684
1.16419
2.21078
1.22062
2.25289
1.08405
2.09858
1.15992
2.24216
1.19169
2.20306
1.20757
2.27114
1.08722
2.20824
1.16255
2.27177
1.27276
2.1792
1.13271
2.24038
1.11108
2.19291
1.12639
2.27015
1.20987
2.25706
1.14605
2.31465
1.1151
2.24916
1.13884
2.21019
1.22319
2.36253
1.17584
2.31728
1.11514
2.33414
1.16725
2.3312
1.15946
2.31347
1.16505
2.37267
1.11479
2.32771
1.17146
2.2912
1.21941
2.31423
1.18353
2.29597
1.12113
2.32778
1.17859
2.24289
1.15675
2.26588
1.15943
2.31882
1.11192
2.24384
1.17531
2.20804
1.2217
2.21763
1.18594
2.19673
1.11086
2.17956
1.18452
2.15555
1.1591
2.11963
1.16596
2.16532
1.11702
2.11643
1.17647
2.08559
1.22307
2.12857
1.20141
2.09834
1.11195
2.14232
1.1996
2.11095
1.16025
2.08868
1.18191
2.20307
1.11383
2.15666
1.19202
2.14578
1.22289
2.18768
1.19042
2.18589
1.11887
2.24149
1.143
2.25824
1.16104
2.28719
1.17673
2.33242
1.10834
2.371
1.15691
2.38324
1.21325
2.33339
1.13525
2.33185
1.1186
2.337
1.12647
2.35146
1.16362
2.34215
1.1379
2.33022
1.11027
3.01814
1.11979
2.40978
1.21713
2.40356
1.11821
2.41733
1.1138
2.42332
1.11297
2.41116
1.17029
2.37795
1.12955
2.32181
1.11935
2.33266
1.10482
2.3437
1.21834
2.36404
1.10546
2.34807
1.11315
2.32222
1.10079
2.31684
1.16939
2.34096
1.14009
2.26771
1.11336
2.277
1.12698
2.28967
1.20907
2.19499
1.12811
2.20148
1.11948
2.18199
1.11668
2.1357
1.16006
1.2037
2.10837
1.13727
2.12096
1.05438
2.11137
1.12435
2.0652
1.21804
2.06533
1.12491
2.07967
1.05409
2.058
1.13881
2.0437
1.12502
2.02568
1.13684
2.0314
1.05524
2.03122
1.12267
2.06934
1.16661
2.06137
1.47626
2.07557
1.05686
2.07092
1.11784
2.0735
1.12155
2.02929
1.13464
2.05729
1.0592
2.02786
1.12204
2.03897
1.16314
2.01574
1.1249
2.00496
1.05246
1.99321
1.12462
1.98543
1.11911
1.93559
1.1227
1.94423
1.0501
1.93081
1.1192
1.90173
1.16828
1.90416
1.13582
1.88446
1.05503
1.89389
1.12174
1.86652
1.12376
1.85863
1.1269
1.89721
1.05702
1.8752
1.13045
1.8376
1.15987
1.86114
1.12131
1.87257
1.06068
1.88459
1.11292
1.92808
1.12918
1.9151
1.11803
1.94954
1.06201
1.93063
1.09671
1.93062
1.16976
1.92082
1.09141
1.92047
1.06107
1.94229
1.09798
1.95983
1.13009
1.90265
1.09892
1.94331
1.06017
1.94562
1.09153
1.91766
1.16726
1.88782
1.10145
1.88757
1.05734
1.86868
1.08732
1.83434
1.13096
1.79256
1.10859
1.82672
1.06119
1.7942
1.09896
1.75875
1.16938
1.72857
1.09118
1.70943
1.06856
1.71288
1.09681
1.7195
1.13102
1.68078
1.10381
1.71507
1.06898
1.68001
1.09275
1.68417
1.17466
1.67661
1.09668
1.67891
1.12451
1.65701
1.07517
1.68396
1.16726
1.66974
1.10542
1.68895
1.11948
1.70567
1.078
1.70822
1.2561
1.70213
1.08379
1.70282
1.12103
1.71221
1.26565
1.60702
1.20638
1.66641
1.08432
1.71059
1.11527
1.71352
1.08044
1.69976
1.2913
1.71112
1.08377
1.69232
1.14835
1.68241
1.0936
1.70466
1.23945
1.69146
1.07785
1.71068
1.15103
1.7361
1.0776
1.73472
1.293
1.72191
1.08707
1.72466
1.14408
1.72692
1.08407
1.70656
1.24756
1.69093
1.09933
1.69832
1.14784
1.70574
1.10788
1.71807
1.29234
1.69032
1.10069
1.68715
1.14705
1.68794
1.04663
1.62454
1.28599
1.6661
1.09631
1.70057
1.15188
1.66152
1.04766
1.6797
1.29698
1.70821
1.05314
1.73935
1.12378
1.74917
1.07709
1.77636
1.23377
1.7761
1.069
1.83919
1.13153
1.82271
1.07953
1.8566
1.27718
1.88642
1.07349
1.92091
1.13502
1.93548
1.05938
1.9488
1.23874
1.76565
1.07493
1.97244
1.14076
1.98449
1.06304
1.99165
1.27993
1.99949
1.0631
1.97627
1.1397
1.97876
1.06901
1.97478
1.24136
1.92721
1.06615
1.97931
1.13546
1.97775
1.06699
2.0001
1.26941
2.0005
1.06958
1.99975
1.1378
1.97595
1.0716
1.97296
1.23827
1.92334
1.06888
1.93099
1.11801
1.93816
1.07551
1.95233
1.28142
1.93705
1.08868
1.93528
1.14321
1.89606
1.09208
1.90775
1.2417
1.84505
1.09089
1.86283
1.13185
1.86185
1.09062
1.87784
1.27419
1.85183
1.0943
1.87833
1.1391
1.84928
1.09228
1.83955
1.24157
1.80344
1.10411
1.85387
1.11412
1.84578
1.09537
1.84981
1.24915
1.8541
1.1042
1.85184
1.11305
1.83575
1.10697
1.82245
1.1899
1.78034
1.10965
1.78906
1.11846
1.78081
1.11897
1.76614
1.24496
1.75077
1.12471
1.70771
1.11246
1.69037
1.11439
1.69188
1.20217
1.65244
1.12504
1.66787
1.11873
1.66617
1.12533
1.66714
1.24586
1.65592
1.12516
1.65162
1.1113
1.65369
1.13741
1.63246
1.19444
1.59157
1.14141
1.63411
1.11245
1.60531
1.12775
1.58448
1.24421
1.58044
1.15109
1.57646
1.11974
1.57383
1.14247
1.57978
1.20544
1.53275
1.14771
1.56473
1.12143
1.55783
1.14542
1.45716
1.25502
1.52229
1.14419
1.57384
1.1241
1.58457
1.15408
1.58615
1.22584
1.52661
1.13722
1.56616
1.14285
1.58769
1.15161
1.557
1.27782
1.56358
1.11681
1.55989
1.1603
1.58415
1.14578
1.61087
1.22843
1.57123
1.16086
1.60645
1.14771
1.59238
1.15342
1.57966
1.28477
1.57503
1.14105
1.58945
1.15472
1.58388
1.14722
1.57438
1.2487
1.56586
1.1121
1.56591
1.17665
1.56454
1.12554
1.53799
1.28582
1.54533
1.1408
1.54492
1.15131
1.55215
1.13186
1.546
1.21845
1.54708
1.1578
1.62872
1.14257
1.62562
1.15302
1.66349
1.23961
1.68389
1.17115
1.71542
1.12202
1.73434
1.15652
1.74199
1.18674
1.73172
1.17124
1.79865
1.10903
1.78137
1.17603
1.79714
1.2045
1.81351
1.16747
1.85088
1.10977
1.86717
1.16732
1.88634
1.18004
1.88776
1.16769
1.96107
1.11851
2.01045
1.18317
2.02985
1.22425
2.0445
1.14965
2.09622
1.1879
1.71826
1.09258
1.75302
1.31897
1.74068
1.09809
1.79366
1.18424
1.80129
1.08777
1.81715
1.31227
1.83334
1.08836
1.86508
1.17279
1.87296
1.07927
1.90293
1.31519
1.85584
1.08028
1.92618
1.17527
1.9354
1.08252
1.94723
1.31608
1.42875
1.95439
1.30092
1.0734
1.576
1.94056
2.24657
1.18022
2.36654
1.92677
2.51837
1.08288
2.35787
1.93845
2.45168
1.31228
2.21704
1.88996
2.05945
1.07182
1.68798
1.93122
1.47598
1.16265
1.64438
1.93537
1.78424
1.05367
1.71308
1.93302
1.82849
1.30144
1.35414
1.93094
1.22023
1.06924
1.27471
1.94645
1.21572
1.1585
1.3103
1.92255
1.36025
1.0782
1.30784
1.93624
1.30428
1.87768
1.06837
1.94661
1.15417
1.91765
1.08015
1.93585
1.32016
1.89289
1.0662
2.09188
1.13943
1.88895
1.10021
1.89072
1.29532
1.84853
1.08539
1.88121
1.1277
1.85293
1.08546
1.84057
1.28235
1.82383
1.09098
1.79888
1.133
1.77785
1.08684
1.74894
1.29755
1.68791
1.07851
1.73179
1.14613
1.71753
1.08746
1.70202
1.27497
1.67444
1.0871
1.64335
1.13025
1.62756
1.08946
1.60428
1.29282
1.74602
1.08602
1.56696
1.13094
1.55622
1.09597
1.56728
1.28674
1.57341
1.09537
1.57493
1.14106
1.57744
1.10434
1.58496
1.2953
1.5891
1.10328
1.59898
1.13648
1.60889
1.1041
1.61297
1.29034
1.60361
1.1464
1.66111
1.12235
1.65216
1.14518
1.64246
1.29615
1.61486
1.15264
1.64598
1.12431
1.64653
1.14328
1.6381
1.27801
1.65372
1.16102
1.66276
1.10113
1.59775
1.13576
1.63133
1.25867
1.61923
1.13485
1.69753
1.1091
1.71193
1.12901
1.73833
1.24893
1.82524
1.15449
1.85789
1.17607
1.92507
1.35993
2.22112
1.48655
