0.02 0 0 1.82311e+09 0 0 0 0 0 1.82311e+09 0 0 0 0 0 0 0 0 0 0 0 0 0 1.04081e+06 0 0 0 0
0.0700215 0 0 6.39038e+09 0 0 0 0 0 6.39038e+09 0 0 0 0 0 0 0 0 0 0 0 0 0 1.04081e+06 0 0 0 0
0.120227 0 0 1.12587e+10 0 0 0 0 0 1.12587e+10 0 0 0 0 0 0 0 0 0 0 0 0 0 1.04081e+06 0 0 0 0
0.170047 0 0 1.68062e+10 0 0 0 0 0 1.68062e+10 0 0 0 0 0 0 0 0 0 0 0 0 0 1.04081e+06 0 0 0 0
0.22007 0 0 2.33281e+10 0 0 0 0 0 2.33281e+10 0 0 0 0 0 0 0 0 0 0 0 0 0 1.04081e+06 0 0 0 0
0.270235 0 0 3.05746e+10 0 0 0 0 0 3.05746e+10 0 0 0 0 0 0 0 0 0 0 0 0 0 1.04081e+06 0 0 0 0
0.320006 0 0 3.81151e+10 0 0 0 0 0 3.81151e+10 0 0 0 0 0 0 0 0 0 0 0 0 0 1.04081e+06 0 0 0 0
0.370004 0 0 4.60811e+10 0 0 0 0 0 4.60811e+10 0 0 0 0 0 0 0 0 0 0 0 0 0 1.04081e+06 0 0 0 0
0.42012 0 0 5.45148e+10 0 0 0 0 0 5.45148e+10 0 0 0 0 0 0 0 0 0 0 0 0 0 1.04081e+06 0 0 0 0
0.470014 0 0 6.28783e+10 0 0 0 0 0 6.28783e+10 0 0 0 0 0 0 0 0 0 0 0 0 0 1.04081e+06 0 0 0 0
0.520089 0 0 6.92677e+10 0 0 0 0 0 6.92677e+10 0 0 0 0 0 0 0 0 0 0 0 0 0 1.04081e+06 0 0 0 0
0.57003 0 0 7.39713e+10 0 0 0 0 0 7.39713e+10 0 0 0 0 0 0 0 0 0 0 0 0 0 1.04081e+06 0 0 0 0
0.62001 0 0 7.90656e+10 0 0 0 0 0 7.90656e+10 0 0 0 0 0 0 0 0 0 0 0 0 0 1.04081e+06 0 0 0 0
0.670199 0 0 8.43217e+10 0 0 0 0 0 8.43217e+10 0 0 0 0 0 0 0 0 0 0 0 0 0 1.04081e+06 0 0 0 0
0.720312 0 0 8.85031e+10 0 0 0 0 0 8.85031e+10 0 0 0 0 0 0 0 0 0 0 0 0 0 1.04081e+06 0 0 0 0
0.770115 0 0 9.13334e+10 0 0 0 0 0 9.13334e+10 0 0 0 0 0 0 0 0 0 0 0 0 0 1.04081e+06 0 0 0 0
0.820222 0 0 9.37004e+10 0 0 0 0 0 9.37004e+10 0 0 0 0 0 0 0 0 0 0 0 0 0 1.04081e+06 0 0 0 0
0.870259 0 0 9.91953e+10 0 0 0 0 0 9.91953e+10 0 0 0 0 0 0 0 0 0 0 0 0 0 1.04081e+06 0 0 0 0
0.920266 0 0 1.01476e+11 0 0 0 0 0 1.01476e+11 0 0 0 0 0 0 0 0 0 0 0 0 0 1.04081e+06 0 0 0 0
0.970363 0 0 1.03081e+11 0 0 0 0 0 1.03081e+11 0 0 0 0 0 0 0 0 0 0 0 0 0 1.04081e+06 0 0 0 0
