1.28
18.20
29.85
41.43
52.95
64.42
75.83
87.41
98.66
109.86
120.99
132.08
143.11
154.08
165.00
175.86
186.67
197.43
208.13
218.79
229.38
239.94
250.44
260.88
271.27
281.61
291.90
302.15
312.35
322.49
332.59
342.64
352.69
362.69
372.64
382.54
392.40
402.21
411.97
421.70
431.39
440.99
450.54
460.05
469.52
478.95
488.33
497.68
506.99
516.25
525.47
534.65
543.79
552.96
562.01
571.02
580.00
588.93
597.83
606.69
615.51
624.28
633.03
641.74
650.40
659.06
667.70
676.30
684.86
693.38
701.87
710.27
718.66
727.02
735.34
743.63
751.88
752.29
760.49
760.91
769.09
769.50
777.64
778.05
778.11
786.17
786.57
786.62
786.68
794.70
795.11
795.17
795.22
803.21
803.62
803.67
803.72
811.72
812.13
812.18
812.23
820.15
820.56
820.61
820.66
828.55
828.96
829.02
829.07
836.92
837.34
837.39
837.44
845.26
845.67
845.73
845.79
845.84
853.64
854.04
854.10
854.15
854.21
854.26
854.32
854.37
862.12
862.53
862.58
862.65
862.70
870.43
870.85
870.91
870.97
878.66
879.08
879.15
879.20
886.85
887.27
887.36
887.41
895.04
895.46
895.55
895.61
903.23
903.65
903.76
903.81
911.39
911.81
911.94
911.99
919.53
919.95
920.10
920.16
927.62
928.03
928.08
928.13
928.31
928.36
928.42
928.47
935.92
936.32
936.37
936.58
936.64
944.14
944.54
944.60
944.65
944.89
944.95
945.00
945.06
952.52
952.92
952.98
953.03
953.32
953.37
953.42
953.48
960.91
961.32
961.38
961.43
961.77
961.82
961.88
961.93
969.34
969.74
969.80
969.85
970.24
970.29
970.35
970.40
977.77
978.18
978.23
978.29
978.73
978.78
978.84
978.89
986.26
986.66
986.72
986.77
987.27
987.33
987.39
987.44
994.77
995.17
995.23
995.28
995.84
995.90
995.96
996.01
1003.30
1003.71
1003.77
1003.83
1004.46
1004.51
1004.57
1004.63
1011.88
1012.29
1012.35
1012.41
1013.11
1013.17
1013.23
1013.28
1020.50
1020.91
1020.97
1021.02
1021.80
1021.86
1021.92
1021.98
1029.16
1029.57
1029.63
1029.69
1030.54
1030.60
1030.66
1030.72
1037.91
1038.32
1038.38
1038.43
1039.37
1039.43
1039.50
1039.55
1046.69
1047.10
1047.17
1047.22
1048.24
1048.30
1048.36
1048.42
1055.66
1056.07
1056.14
1056.19
1057.29
1057.35
1057.42
1057.47
1075.11
1075.52
1075.59
1075.64
1076.81
1076.87
1076.94
1077.00
1084.11
1084.54
1084.61
1084.66
1085.91
1085.98
1086.05
1086.10
1093.30
1093.71
1093.79
1093.84
1095.17
1095.24
1095.31
1095.36
1102.54
1102.95
1103.03
1103.08
1104.49
1104.56
1104.63
1104.69
1111.80
1112.22
1112.30
1112.35
1113.83
1114.28
1114.35
1114.41
1121.48
1121.90
1121.98
1122.08
1124.02
1124.08
1124.17
1124.22
1131.26
1131.68
1131.76
1131.82
1133.80
1133.87
1133.95
1134.01
1141.02
1141.44
1141.53
1141.59
1143.64
1143.70
1143.79
1143.85
1150.78
1151.20
1151.29
1151.35
1153.47
1153.54
1153.63
1153.69
1160.60
1161.02
1161.11
1161.17
1163.34
1163.41
1163.51
1163.56
1170.45
1170.87
1170.98
1171.03
1173.27
1173.34
1173.45
1173.50
1180.47
1180.89
1181.00
1181.05
1183.35
1183.41
1183.52
1183.58
1190.53
1190.96
1191.07
1191.13
1193.45
1193.52
1193.64
1193.69
1200.62
1201.27
1201.39
1201.44
1203.84
1203.91
1204.03
1204.09
1210.98
1211.41
1211.54
1211.59
1214.04
1214.11
1214.24
1214.30
1221.14
1221.57
1221.71
1221.76
1224.26
1224.33
1224.47
1224.52
1231.31
1231.74
1231.88
1231.93
1234.45
1234.52
1234.66
1234.72
1241.47
1241.90
1242.04
1242.10
1244.67
1244.74
1244.90
1244.95
1251.65
1252.10
1252.25
1252.31
1254.94
1255.01
1255.17
1255.24
1261.95
1262.39
1262.56
1262.62
1265.28
1265.36
1265.53
1265.59
1272.25
1272.70
1272.88
1272.94
1275.64
1275.71
1275.90
1275.96
1282.58
1283.02
1283.21
1283.28
1286.01
1286.09
1286.29
1286.35
1292.95
1293.40
1293.60
1293.67
1296.41
1296.48
1296.54
1296.75
1296.82
1303.44
1303.86
1303.92
1303.98
1304.20
1304.25
1304.32
1304.37
1307.16
1307.22
1307.29
1307.35
1307.57
1307.63
1307.70
1307.75
1314.39
1314.83
1314.90
1314.96
1315.19
1315.24
1315.31
1315.37
1318.17
1318.24
1318.31
1318.54
1318.61
1325.15
1325.61
1325.85
1325.92
1325.98
1328.83
1328.89
1328.97
1329.02
1329.28
1329.33
1329.41
1329.46
1335.88
1336.30
1336.38
1336.43
1336.70
1336.75
1336.83
1336.88
1339.76
1339.83
1339.91
1339.96
1340.23
1340.29
1340.37
1340.42
1346.82
1347.24
1347.32
1347.60
1347.65
1347.73
1347.79
1350.69
1350.76
1350.84
1350.89
1351.18
1351.24
1351.32
1351.38
1357.79
1358.26
1358.35
1358.40
1358.70
1358.75
1358.84
1358.89
1361.83
1361.93
1361.98
1362.29
1362.34
1362.43
1362.48
1368.87
1369.31
1369.39
1369.45
1369.76
1369.82
1369.90
1369.96
1372.93
1373.00
1373.08
1373.14
1373.47
1373.52
1373.61
1373.66
1379.99
1380.43
1380.51
1380.57
1380.90
1380.96
1381.05
1381.10
1384.09
1384.15
1384.24
1384.30
1384.64
1384.69
1384.79
1391.14
1391.62
1391.68
1392.03
1392.08
1392.18
1392.23
1395.24
1395.31
1395.40
1395.46
1395.82
1395.87
1395.97
1396.03
1402.35
1403.03
1403.12
1403.18
1403.55
1403.60
1403.70
1403.76
1406.82
1406.88
1406.98
1407.04
1407.42
1407.48
1407.58
1407.63
1413.91
1414.33
1414.44
1414.49
1414.88
1414.93
1415.04
1415.09
1418.11
1418.18
1418.28
1418.34
1418.74
1418.79
1418.90
1418.96
1425.12
1425.55
1425.65
1425.71
1426.12
1426.17
1426.28
1426.34
1429.48
1429.55
1429.66
1429.71
1430.14
1430.19
1430.31
1430.36
1436.55
1436.98
1437.09
1437.15
1437.58
1437.63
1437.75
1437.81
1440.93
1440.99
1441.11
1441.16
1441.61
1441.67
1441.79
1441.85
1447.99
1448.45
1448.57
1448.62
1449.08
1449.14
1449.26
1449.32
1452.50
1452.56
1452.69
1452.74
1453.22
1453.27
1453.40
1453.46
1459.62
1460.08
1460.21
1460.26
1460.74
1460.80
1460.93
1460.99
1464.21
1464.28
1464.41
1464.47
1464.97
1465.02
1465.16
1465.22
1471.27
1471.72
1471.86
1471.92
1472.42
1472.48
1472.62
1472.68
1475.93
1476.00
1476.14
1476.87
1477.40
1477.46
1477.60
1477.66
1483.77
1484.22
1484.36
1484.42
1484.96
1485.01
1485.16
1485.22
1488.58
1488.64
1488.79
1488.85
1489.40
1489.46
1489.62
1489.67
1495.73
1496.18
1496.33
1496.38
1496.95
1497.01
1497.16
1497.22
1500.54
1500.61
1500.77
1500.82
1501.40
1501.46
1502.05
1502.10
1508.01
1508.47
1508.63
1508.69
1509.28
1509.34
1509.91
1509.97
1513.33
1513.39
1513.56
1513.61
1514.22
1514.28
1514.88
1514.93
1520.97
1521.42
1521.59
1521.65
1522.27
1522.33
1522.92
1522.98
1526.42
1526.48
1526.66
1526.72
1527.36
1527.42
1528.02
1528.08
1533.97
1534.43
1534.61
1534.67
1535.73
1535.79
1535.97
1536.03
1539.44
1539.51
1539.70
1539.75
1540.83
1540.89
1541.08
1541.14
1547.09
1547.56
1547.75
1547.81
1548.91
1548.97
1549.16
1549.23
1552.72
1552.79
1552.98
1553.05
1554.16
1554.22
1554.42
1554.53
1560.42
1560.87
1561.07
1561.14
1562.27
1562.33
1562.54
1562.60
1566.10
1566.17
1566.38
1566.45
1567.60
1567.66
1567.87
1567.94
1573.91
1574.39
1574.60
1574.67
1575.83
1575.91
1576.12
1576.19
1579.77
1579.85
1580.07
1580.14
1581.33
1581.40
1581.62
1581.70
1587.64
1588.11
1588.33
1588.41
1589.61
1589.69
1589.91
1589.99
1593.58
1593.66
1593.89
1593.97
1595.18
1595.26
1595.49
1595.57
1601.48
1601.96
1602.19
1602.26
1603.50
1603.57
1603.81
1603.88
1607.49
1607.57
1607.81
1607.88
1609.13
1609.21
1609.45
1609.53
1615.36
1615.84
1616.09
1616.16
1617.42
1617.49
1617.74
1617.81
1621.45
1621.53
1621.78
1621.86
1623.14
1623.21
1623.47
1623.55
1629.35
1629.84
1630.10
1630.17
1631.48
1631.56
1631.83
1631.91
1635.58
1635.66
1635.93
1636.02
1637.33
1637.42
1637.69
1637.78
1643.58
1644.08
1644.35
1644.44
1645.77
1645.87
1646.15
1646.24
1649.98
1650.08
1650.36
1650.46
1651.80
1651.89
1652.18
1652.28
1658.06
1658.57
1658.86
1658.95
1660.31
1660.41
1660.71
1660.80
1664.57
1664.67
1664.97
1665.07
1666.41
1666.51
1666.81
1666.91
1672.84
1673.35
1673.65
1673.75
1675.11
1675.21
1675.51
1675.61
1679.40
1679.50
1679.81
1679.91
1681.29
1681.39
1681.70
1681.80
1687.77
1688.28
1688.60
1688.70
1690.10
1690.20
1690.52
1690.62
1694.48
1694.58
1694.91
1695.02
1696.43
1696.53
1696.86
1696.97
1702.73
1703.25
1703.58
1703.68
1705.13
1705.24
1705.58
1705.69
1709.61
1709.71
1710.06
1710.17
1711.63
1711.73
1712.08
1712.19
1717.99
1718.51
1718.87
1718.97
1720.44
1720.54
1720.91
1721.02
1724.96
1725.06
1725.43
1725.54
1727.03
1727.13
1727.51
1727.62
1733.38
1733.90
1734.28
1734.39
1735.89
1736.00
1736.39
1736.50
1740.42
1740.53
1740.92
1741.03
1742.55
1742.66
1743.06
1743.17
1748.94
1749.47
1749.86
1749.98
1751.52
1751.63
1752.09
1752.21
1756.17
1756.29
1756.70
1756.82
1758.38
1758.50
1758.92
1759.04
1764.78
1765.33
1765.75
1765.87
1767.46
1767.58
1768.01
1768.14
1772.12
1772.24
1772.68
1772.81
1774.41
1774.54
1774.98
1775.11
1780.81
1781.36
1781.80
1781.92
1783.55
1783.67
1784.13
1784.26
1788.25
1788.38
1788.84
1788.98
1790.62
1790.75
1791.22
1791.35
1797.02
1797.56
1798.03
1798.16
1799.83
1799.96
1800.44
1800.58
1804.67
1804.79
1805.25
1805.31
1805.44
1807.06
1807.18
1807.65
1807.78
1813.48
1813.96
1814.08
1814.14
1814.63
1814.69
1814.82
1814.88
1816.53
1816.59
1816.71
1816.77
1817.25
1817.31
1817.44
1817.50
1821.60
1821.72
1822.21
1822.34
1823.99
1824.11
1824.60
1824.74
1830.40
1830.94
1831.43
1831.56
1833.26
1833.38
1833.89
1834.02
1838.18
1838.31
1838.83
1838.96
1840.68
1840.81
1841.33
1841.47
1847.17
1847.74
1848.26
1848.40
1850.14
1850.27
1850.81
1850.95
1855.09
1855.22
1855.68
1855.82
1857.38
1857.50
1857.98
1858.11
1863.60
1864.16
1864.72
1864.86
1866.46
1866.59
1867.07
1867.21
1871.35
1871.48
1871.97
1872.11
1873.78
1873.90
1874.44
1874.57
1880.04
1880.59
1881.09
1881.22
1882.91
1883.04
1883.59
1883.74
1887.87
1888.01
1888.53
1888.67
1890.33
1890.47
1891.01
1891.15
1896.72
1897.29
1897.85
1897.99
1899.68
1899.82
1900.37
1900.52
1904.70
1904.84
1905.39
1905.55
1907.22
1907.37
1907.93
1908.09
1913.50
1913.99
1914.13
1914.19
1914.75
1914.81
1914.97
1915.03
1916.73
1916.89
1917.46
1917.64
1921.87
1922.03
1922.60
1922.78
1924.45
1924.61
1925.18
1925.37
1930.92
1931.52
1932.10
1932.28
1933.97
1934.14
1934.73
1934.98
1939.25
1939.42
1940.02
1940.08
1940.27
1940.33
1942.01
1942.07
1942.24
1942.30
1942.90
1942.97
1943.16
1943.23
1948.58
1949.07
1949.24
1949.30
1949.92
1949.99
1950.19
1950.26
1951.89
1951.96
1952.12
1952.19
1952.76
1952.84
1953.03
1953.11
1957.39
1957.46
1957.63
1957.70
1958.26
1958.34
1958.53
1958.61
1960.20
1960.27
1960.44
1960.51
1961.07
1961.14
1961.33
1961.41
1966.84
1967.33
1967.50
1967.57
1968.19
1968.26
1968.47
1968.54
1970.25
1970.32
1970.50
1970.56
1971.20
1971.27
1971.48
1971.55
1975.76
1975.82
1975.99
1976.05
1976.64
1976.71
1976.90
1976.96
1978.69
1978.75
1978.94
1979.00
1979.64
1979.70
1979.92
1979.98
1985.47
1985.96
1986.14
1986.20
1986.86
1986.92
1987.13
1987.19
1988.95
1989.01
1989.20
1989.25
1989.92
1990.57
1990.63
1994.90
1994.96
1995.15
1995.21
1995.89
1996.54
1996.60
1998.38
1998.44
1998.63
1999.31
1999.37
2000.02
2000.08
2005.44
2005.93
2006.12
2006.18
2006.85
2006.91
2007.56
2007.62
2009.41
2009.47
2009.67
2009.73
2010.42
2010.48
2011.13
2011.19
2015.49
2015.55
2015.75
2015.80
2016.51
2016.57
2017.23
2017.29
2019.10
2019.16
2019.36
2019.42
2020.13
2020.79
2026.16
2026.81
2027.49
2028.14
2028.20
2030.03
2030.09
2030.29
2030.35
2031.49
2031.55
2031.75
2036.07
2036.27
2037.40
2037.60
2039.44
2039.64
2040.79
2040.85
2041.05
2041.11
2046.46
2046.97
2047.17
2048.32
2048.37
2048.58
2048.64
2050.48
2050.54
2050.75
2050.81
2051.96
2052.02
2052.23
2052.29
2056.64
2056.70
2056.91
2056.97
2058.12
2058.18
2058.39
2058.45
2060.31
2060.37
2060.58
2060.65
2061.81
2061.87
2062.09
2062.15
2067.47
2067.98
2068.19
2068.25
2069.36
2069.42
2069.62
2069.68
2071.47
2071.53
2071.73
2071.79
2072.89
2072.95
2073.15
2073.21
2077.53
2077.60
2077.79
2077.85
2078.98
2079.04
2079.24
2079.30
2081.12
2081.18
2081.38
2081.44
2082.56
2082.62
2082.82
2082.88
2088.13
2088.61
2088.81
2088.86
2089.99
2090.05
2090.25
2090.30
2092.15
2092.21
2092.41
2092.47
2093.60
2093.66
2093.86
2098.12
2098.32
2099.53
2099.75
2099.81
2101.70
2101.76
2101.98
2102.04
2103.19
2103.25
2103.47
2103.52
2108.76
2109.25
2109.46
2109.52
2110.67
2110.73
2110.95
2111.01
2112.85
2112.91
2113.12
2113.18
2114.33
2114.55
2118.89
2119.12
2120.27
2120.49
2122.30
2122.53
2123.68
2123.97
2129.21
2129.88
2131.02
2131.26
2133.18
2133.43
2134.59
2134.83
2139.31
2139.37
2139.62
2139.68
2140.86
2140.92
2141.16
2141.22
2143.05
2143.11
2143.35
2143.41
2144.59
2144.65
2144.89
2144.95
2150.18
2150.67
2150.91
2150.97
2152.13
2152.19
2152.44
2152.50
2154.48
2154.54
2154.80
2154.86
2156.05
2156.11
2156.36
2156.43
2160.81
2160.88
2161.14
2161.20
2162.38
2162.44
2162.70
2162.77
2164.67
2164.73
2164.99
2165.05
2166.24
2166.31
2166.57
2166.63
2171.99
2172.51
2172.76
2172.83
2174.10
2174.16
2174.44
2174.51
2176.52
2176.59
2176.86
2176.93
2178.21
2178.28
2178.56
2178.63
2183.10
2183.17
2183.46
2183.52
2184.81
2184.87
2185.16
2185.22
2187.25
2187.31
2187.60
2187.66
2188.95
2189.01
2189.30
2189.37
2194.73
2195.24
2195.52
2195.59
2196.88
2196.95
2197.24
2197.31
2199.37
2199.44
2199.74
2199.81
2201.12
2201.19
2201.49
2201.56
2206.04
2206.12
2206.42
2206.49
2207.81
2207.88
2208.20
2208.27
2210.34
2210.41
2210.73
2210.80
2212.12
2212.19
2212.51
2212.57
2217.90
2218.41
2218.72
2218.79
2220.10
2220.17
2220.49
2220.56
2222.52
2222.59
2222.89
2222.96
2224.30
2224.36
2224.68
2224.75
2229.26
2229.33
2229.66
2229.72
2231.09
2231.15
2231.48
2231.54
2233.66
2233.73
2234.05
2234.12
2235.46
2235.52
2235.85
2235.92
2241.29
2241.83
2244.52
2244.58
2245.93
2246.00
2246.33
2246.40
2248.56
2248.63
2248.96
2249.03
2250.41
2250.47
2250.81
2250.88
2255.45
2255.52
2255.86
2255.92
2257.30
2257.37
2257.71
2257.78
2259.99
2260.06
2260.40
2260.47
2261.87
2261.93
2262.28
2262.35
2267.55
2268.09
2268.43
2268.50
2269.90
2269.97
2270.32
2270.39
2272.62
2272.69
2273.04
2273.12
2274.53
2274.60
2274.96
2275.03
2279.66
2279.75
2280.10
2280.18
2281.60
2281.67
2282.03
2282.11
2284.35
2284.43
2284.79
2284.88
2286.22
2286.31
2286.64
2286.73
2292.08
2292.64
2292.98
2293.08
2294.40
2294.49
2294.84
2294.95
2297.10
2297.20
2297.55
2297.66
2298.98
2299.08
2299.43
2299.54
2304.31
2304.42
2304.78
2304.89
2306.22
2306.32
2306.68
2306.79
2309.05
2309.15
2309.49
2309.60
2310.97
2311.06
2311.40
2311.51
2316.89
2317.46
2317.81
2317.90
2319.24
2319.33
2319.70
2319.80
2322.05
2322.15
2322.51
2322.61
2323.97
2324.06
2324.43
2324.53
2329.26
2329.36
2329.73
2329.83
2331.16
2331.25
2331.61
2331.71
2333.92
2334.01
2334.38
2334.48
2335.79
2335.88
2336.25
2336.35
2341.71
2342.27
2342.64
2342.73
2344.08
2344.16
2344.54
2344.63
2346.85
2346.94
2347.31
2347.40
2348.73
2348.81
2349.18
2349.27
2353.95
2354.04
2354.42
2354.50
2355.84
2355.92
2356.30
2356.38
2358.62
2358.71
2359.08
2359.17
2360.50
2360.58
2360.96
2361.05
2366.28
2366.84
2367.21
2367.29
2368.64
2368.72
2369.11
2369.19
2371.45
2371.53
2371.91
2372.00
2373.35
2373.42
2373.81
2373.89
2378.49
2378.58
2378.97
2379.05
2380.41
2380.48
2380.87
2380.95
2383.22
2383.30
2383.69
2383.77
2385.12
2385.20
2385.59
2385.68
2390.91
2391.46
2391.84
2391.92
2393.28
2393.36
2393.76
2393.85
2396.13
2396.22
2396.62
2396.70
2398.07
2398.15
2398.53
2398.62
2403.17
2403.26
2403.66
2403.75
2405.11
2405.19
2405.60
2405.68
2407.99
2408.07
2408.48
2408.56
2409.93
2410.00
2410.41
2410.49
2415.71
2416.27
2416.67
2416.75
2418.12
2418.20
2418.60
2418.68
2421.00
2421.08
2421.50
2421.58
2422.94
2423.02
2423.45
2423.54
2428.16
2428.25
2428.65
2428.74
2430.13
2430.22
2430.62
2430.71
2433.16
2433.25
2433.65
2433.75
2435.13
2435.21
2435.62
2435.71
2441.02
2441.59
2441.98
2442.07
2443.51
2443.60
2444.06
2444.15
2446.63
2446.72
2447.13
2447.22
2448.64
2448.72
2449.13
2449.22
2453.86
2453.95
2454.37
2454.45
2455.86
2455.94
2456.36
2456.44
2458.91
2459.00
2459.42
2459.50
2460.92
2461.00
2461.42
2461.50
2466.81
2467.35
2467.83
2467.91
2469.35
2469.43
2469.92
2470.01
2472.53
2472.61
2473.05
2473.13
2474.56
2474.64
2475.08
2475.17
2479.80
2479.90
2480.34
2480.43
2481.84
2481.93
2482.38
2482.46
2484.97
2485.05
2485.50
2485.59
2487.01
2487.10
2487.55
2487.65
2493.48
2494.07
2494.51
2494.60
2496.01
2496.11
2496.58
2496.68
2499.23
2499.34
2499.81
2499.94
2501.61
2501.74
2502.27
2502.42
2507.32
2507.47
2508.01
2508.22
2509.89
2510.03
2510.57
2510.74
2513.56
2513.71
2514.26
2514.43
2516.12
2516.27
2516.82
2516.99
2522.60
2523.24
2523.73
2523.87
2525.42
2525.55
2526.05
2526.21
2528.83
2528.97
2529.48
2529.65
2531.25
2531.40
2531.89
2532.06
2537.00
2537.17
2537.68
2537.86
2539.46
2539.63
2540.15
2540.36
2543.03
2543.22
2543.75
2543.98
2545.61
2545.81
2546.35
2546.61
2552.74
2553.49
2553.99
2554.25
2555.85
2556.09
2556.65
2556.95
2559.65
2559.86
2560.39
2560.66
2562.28
2562.51
2563.03
2563.32
2568.53
2568.78
2569.31
2569.61
2571.24
2571.47
2572.00
2572.30
2575.03
2575.27
2575.80
2576.10
2577.73
2577.97
2578.50
2578.80
2585.25
2586.02
2586.58
2586.87
2588.48
2588.73
2589.34
2589.65
2592.36
2592.59
2593.14
2593.42
2595.09
2595.31
2595.87
2596.13
2601.35
2601.59
2602.14
2602.40
2604.07
2604.27
2604.83
2605.07
2607.84
2608.03
2608.60
2608.82
2610.52
2610.72
2611.34
2611.56
2617.57
2618.25
2618.84
2619.03
2620.65
2620.83
2621.46
2621.65
2624.43
2624.59
2625.22
2625.40
2627.09
2627.24
2627.87
2628.05
2632.98
2633.14
2633.76
2633.92
2635.61
2635.74
2636.37
2636.52
2639.31
2639.45
2640.07
2640.22
2641.94
2642.06
2642.68
2642.82
2648.89
2649.51
2650.12
2650.25
2651.91
2652.03
2652.69
2652.81
2655.67
2655.79
2656.41
2656.53
2658.32
2658.43
2659.06
2659.18
2664.53
2664.66
2665.29
2665.41
2667.21
2667.32
2667.94
2668.06
2670.95
2671.06
2671.69
2671.80
2673.54
2673.65
2674.28
2674.39
2679.78
2680.37
2681.00
2681.11
2682.80
2682.91
2683.58
2683.69
2686.55
2686.66
2687.31
2687.43
2689.17
2689.28
2689.93
2690.05
2694.81
2694.92
2695.58
2695.71
2697.45
2697.57
2698.24
2698.37
2701.23
2701.35
2702.02
2702.15
2703.90
2704.02
2704.69
2704.83
2710.21
2710.80
2711.61
2711.74
2713.50
2713.62
2714.30
2714.49
2717.40
2717.52
2718.20
2718.34
2720.12
2720.24
2720.92
2721.06
2725.82
2725.96
2726.63
2726.78
2728.58
2728.70
2729.38
2729.52
2732.45
2732.58
2733.25
2733.39
2735.21
2735.34
2736.02
2736.16
2742.07
2742.70
2743.54
2743.66
2745.47
2745.59
2746.27
2746.40
2749.36
2749.48
2750.17
2750.30
2752.15
2752.26
2752.95
2753.09
2757.87
2758.00
2758.69
2758.83
2760.64
2760.76
2761.45
2761.59
2764.54
2764.66
2765.36
2765.50
2767.32
2767.44
2768.12
2768.27
2773.67
2774.28
2775.13
2775.28
2777.11
2777.24
2777.93
2778.08
2781.03
2781.18
2781.86
2782.02
2783.86
2784.01
2784.69
2784.86
2789.63
2789.80
2790.48
2790.67
2792.51
2792.68
2793.36
2793.56
2796.53
2796.71
2797.39
2797.60
2799.45
2799.63
2800.31
2800.52
2805.89
2806.53
2807.17
2807.36
2809.21
2809.38
2810.07
2810.28
2813.26
2813.45
2814.14
2814.36
2816.22
2816.41
2817.10
2817.34
2822.13
2822.34
2823.04
2823.28
2825.14
2825.34
2826.04
2826.28
2829.18
2829.38
2830.03
2830.26
2832.17
2832.36
2833.05
2833.28
2838.66
2839.32
2839.97
2840.18
2842.06
2842.25
2842.95
2843.18
2846.07
2846.28
2846.97
2847.22
2849.14
2849.33
2850.03
2850.26
2855.05
2855.25
2855.95
2856.18
2858.05
2858.25
2858.94
2859.18
2862.18
2862.38
2863.07
2863.31
2865.18
2865.38
2866.08
2866.33
2871.73
2872.45
2873.11
2873.34
2875.19
2875.43
2876.11
2876.40
2879.45
2879.67
2880.37
2880.63
2882.53
2882.74
2883.44
2883.71
2888.49
2888.72
2889.42
2889.69
2891.53
2891.75
2892.41
2892.67
2895.76
2895.98
2896.67
2896.93
2898.89
2899.10
2899.78
2900.03
2906.81
2907.58
2908.26
2908.47
2910.41
2910.61
2911.33
2911.62
2914.53
2914.71
2915.41
2915.63
2917.55
2917.72
2918.42
2918.63
2923.83
2924.02
2924.72
2924.93
2926.88
2927.05
2927.75
2927.95
2931.04
2931.23
2931.95
2932.18
2934.06
2934.23
2934.93
2935.13
2941.44
2942.15
2942.83
2943.03
2944.98
2945.17
2945.90
2946.12
2949.06
2949.23
2949.93
2950.13
2952.05
2952.21
2952.91
2953.11
2958.37
2958.55
2959.26
2959.45
2961.46
2961.64
2962.37
2962.59
2965.73
2965.92
2966.65
2966.87
2968.88
2969.07
2969.79
2970.02
2975.98
2976.69
2977.38
2977.58
2979.60
2979.79
2980.52
2980.74
2983.88
2984.08
2984.81
2985.03
2987.10
2987.29
2988.03
2988.25
2993.19
2993.39
2994.12
2994.34
2996.39
2996.57
2997.48
2997.71
3000.89
3001.08
3001.82
3002.03
3004.06
3004.23
3004.97
3005.17
3010.61
3011.29
3011.98
3012.17
3014.19
3014.36
3015.10
3015.31
3018.49
3018.67
3019.41
3019.61
3021.67
3021.84
3022.58
3022.78
3027.76
3027.94
3028.67
3029.84
3031.91
3032.08
3032.82
3033.04
3036.22
3036.40
3037.14
3037.35
3039.42
3039.60
3040.33
3040.56
3046.12
3046.81
3047.51
3047.71
3049.77
3049.96
3050.69
3050.91
3054.12
3054.30
3055.04
3055.26
3057.34
3057.52
3058.26
3058.48
3063.46
3063.64
3064.39
3064.61
3066.70
3066.88
3067.63
3067.85
3071.09
3071.27
3072.02
3072.25
3074.36
3074.55
3075.30
3075.52
3081.36
3082.07
3082.76
3082.96
3085.07
3085.25
3086.02
3086.24
3089.61
3089.79
3090.56
3090.78
3092.99
3093.18
3093.95
3094.18
3099.35
3099.54
3100.32
3100.56
3102.80
3102.99
3103.76
3104.07
3107.55
3107.75
3108.53
3108.77
3111.02
3111.22
3111.99
3112.23
3118.40
3119.15
3119.85
3120.07
3122.25
3122.44
3123.23
3123.47
3126.94
3127.14
3127.92
3128.16
3130.43
3130.63
3131.41
3131.64
3136.90
3137.09
3137.87
3138.09
3140.36
3140.54
3141.34
3141.54
3144.84
3145.02
3145.76
3145.97
3148.15
3148.32
3149.07
3149.27
3154.81
3155.55
3156.34
3156.56
3158.78
3158.96
3159.93
3160.14
3163.39
3163.56
3164.31
3164.53
3166.73
3166.91
3167.65
3167.87
3172.78
3172.97
3173.76
3173.98
3176.20
3176.38
3177.18
3177.40
3180.66
3180.84
3181.64
3181.86
3184.09
3184.27
3185.07
3185.29
3190.83
3191.55
3192.29
3192.53
3194.78
3194.98
3195.78
3196.04
3199.34
3199.55
3200.35
3200.61
3202.91
3203.12
3203.92
3204.18
3209.23
3209.46
3210.25
3210.49
3212.77
3212.97
3213.77
3214.00
3217.33
3217.53
3218.32
3218.54
3220.81
3221.00
3221.79
3222.01
3227.58
3228.36
3229.14
3229.39
3231.53
3231.76
3232.62
3232.90
3236.23
3236.41
3237.21
3237.43
3239.72
3239.90
3240.69
3240.91
3246.20
3246.43
3247.25
3247.52
3249.70
3249.91
3250.72
3250.98
3254.49
3254.71
3255.50
3255.78
3258.02
3258.24
3259.08
3259.36
3265.84
3266.68
3267.48
3267.74
3269.93
3270.15
3270.99
3271.28
3274.73
3274.96
3275.79
3276.09
3278.35
3278.58
3279.40
3279.69
3285.05
3285.29
3286.12
3286.41
3288.68
3288.90
3289.71
3289.99
3293.41
3293.63
3294.50
3294.78
3297.05
3297.26
3298.06
3298.33
3304.76
3305.59
3306.47
3306.73
3308.87
3309.09
3310.00
3310.29
3313.73
3313.96
3314.77
3315.06
3317.32
3317.53
3318.38
3318.63
3324.15
3324.39
3325.30
3325.58
3327.83
3328.05
3328.96
3329.25
3332.68
3332.91
3333.81
3334.10
3336.34
3336.56
3337.46
3337.75
3344.14
3344.99
3345.86
3346.15
3348.34
3348.56
3349.44
3349.73
3353.36
3353.59
3354.44
3354.73
3357.00
3357.23
3358.07
3358.36
3363.87
3364.12
3364.94
3365.23
3367.47
3367.70
3368.49
3368.79
3372.28
3372.52
3373.33
3373.62
3375.97
3376.21
3377.03
3377.32
3383.65
3384.60
3385.46
3385.83
3388.07
3388.33
3389.23
3389.57
3392.87
3393.14
3394.02
3394.35
3396.61
3396.87
3397.74
3398.08
3403.28
3403.58
3404.45
3404.81
3407.10
3407.38
3408.25
3408.61
3411.91
3412.19
3413.06
3413.42
3415.73
3416.01
3416.88
3417.24
3423.65
3424.59
3425.46
3425.84
3428.14
3428.45
3429.35
3429.75
3433.35
3433.66
3434.54
3434.94
3437.25
3437.55
3438.43
3438.83
3444.26
3444.57
3445.45
3445.83
3448.14
3448.44
3449.32
3449.70
3453.30
3453.59
3454.49
3454.86
3457.19
3457.48
3458.37
3458.74
3465.23
3466.08
3466.94
3467.26
3469.45
3469.73
3470.70
3471.06
3474.68
3474.96
3475.83
3476.18
3478.52
3478.78
3479.67
3480.01
3485.46
3485.80
3486.67
3487.00
3489.34
3489.59
3490.47
3490.79
3494.03
3494.27
3495.18
3495.49
3497.67
3497.90
3498.80
3499.09
3505.25
3506.07
3506.93
3507.19
3509.35
3509.57
3510.50
3510.79
3514.04
3514.26
3515.19
3515.46
3517.66
3517.87
3518.79
3519.06
3524.35
3524.58
3525.48
3525.74
3527.98
3528.19
3529.08
3529.35
3532.92
3533.16
3534.04
3534.32
3536.55
3536.77
3537.67
3537.94
3544.23
3545.06
3546.01
3546.26
3548.48
3548.71
3549.73
3550.02
3553.27
3553.50
3554.38
3554.67
3556.93
3557.17
3558.16
3558.48
3563.61
3563.89
3564.87
3565.19
3567.48
3567.74
3568.71
3569.06
3572.28
3572.56
3573.51
3573.86
3576.18
3576.46
3577.40
3577.76
3584.02
3584.94
3585.86
3586.23
3588.52
3588.80
3589.73
3590.10
3593.47
3593.77
3594.69
3595.07
3597.83
3598.11
3599.08
3599.50
3604.51
3604.82
3605.71
3606.09
3608.39
3608.69
3609.57
3609.96
3613.22
3613.52
3614.40
3614.79
3617.11
3617.41
3618.28
3618.68
3624.78
3625.66
3626.48
3626.83
3629.10
3629.40
3630.27
3630.66
3633.94
3634.25
3635.12
3635.51
3637.80
3638.10
3638.96
3639.35
3644.32
3644.64
3645.50
3645.89
3648.19
3648.48
3649.33
3649.70
3653.00
3653.29
3654.14
3654.50
3656.81
3657.16
3658.01
3658.37
3664.45
3665.30
3666.11
3666.42
3668.73
3669.00
3669.87
3670.21
3673.50
3673.78
3674.65
3674.99
3677.31
3677.58
3678.45
3678.79
3683.62
3683.89
3684.77
3685.10
3687.38
3687.63
3688.51
3688.82
3692.05
3692.30
3693.19
3693.48
3695.82
3696.05
3696.85
3697.13
3703.04
3703.85
3704.59
3704.84
3707.17
3707.39
3708.20
3708.47
3711.73
3711.96
3712.79
3713.06
3715.36
3715.58
3716.40
3716.66
3721.45
3721.69
3722.52
3722.78
3725.21
3725.42
3726.27
3726.51
3730.05
3730.27
3731.13
3731.38
3733.81
3734.03
3734.90
3735.15
3741.30
3742.13
3742.91
3743.14
3745.53
3745.73
3746.60
3746.86
3750.20
3750.43
3751.32
3751.59
3753.97
3755.06
3755.99
3756.27
3761.60
3761.86
3762.74
3763.02
3765.48
3765.71
3766.67
3766.97
3770.50
3770.76
3771.65
3771.95
3774.44
3774.68
3775.60
3775.91
3782.57
3783.45
3784.30
3784.58
3787.06
3787.32
3788.28
3788.62
3792.20
3792.48
3793.43
3793.77
3796.39
3796.65
3797.59
3797.93
3803.28
3803.56
3804.53
3804.86
3807.43
3807.69
3808.63
3808.97
3812.58
3812.86
3813.80
3814.15
3816.74
3816.99
3817.92
3818.25
3824.37
3825.33
3826.32
3826.66
3829.18
3829.46
3830.43
3830.79
3834.34
3834.64
3835.60
3835.97
3838.57
3838.86
3839.84
3840.22
3845.52
3845.85
3846.83
3847.21
3849.79
3850.08
3851.07
3851.46
3855.05
3855.35
3856.35
3856.73
3859.35
3859.64
3860.64
3861.02
3867.60
3868.52
3869.47
3869.81
3872.38
3872.66
3873.66
3874.03
3877.67
3877.95
3878.93
3879.29
3881.91
3882.18
3883.17
3883.51
3888.80
3889.09
3890.08
3890.42
3893.01
3893.26
3894.27
3894.59
3898.22
3898.49
3899.50
3899.82
3902.42
3902.68
3903.70
3904.02
3910.75
3911.68
3912.75
3913.08
3915.64
3915.87
3916.92
3917.23
3920.88
3921.14
3922.21
3922.53
3925.17
3925.43
3926.53
3926.86
3932.13
3932.43
3933.52
3933.86
3936.59
3936.87
3937.97
3938.32
3942.02
3942.32
3943.40
3943.77
3946.30
3946.56
3947.75
3948.08
3954.27
3955.12
3956.23
3956.53
3959.02
3959.32
3960.59
3961.00
3964.52
3964.82
3966.07
3966.94
3969.38
3969.72
3970.99
3971.87
3976.50
3976.82
3978.08
3978.93
3981.35
3981.70
3982.97
3983.85
3987.27
3987.67
3988.97
3989.93
3992.47
3992.89
3994.13
3995.16
4001.87
4003.24
4004.39
4004.88
4007.50
4007.92
4009.14
4010.18
4013.79
4014.26
4015.55
4016.60
4019.15
4019.63
4020.94
4022.03
4027.30
4027.83
4029.15
4030.25
4032.84
4033.34
4034.65
4035.75
4039.39
4039.90
4041.21
4042.33
4044.89
4045.41
4046.73
4047.85
4054.46
4055.57
4056.75
4057.40
4060.13
4060.66
4061.87
4063.00
4066.60
4067.17
4068.54
4069.70
4072.32
4072.87
4074.16
4075.31
4080.53
4081.10
4082.40
4083.70
4086.37
4086.80
4088.02
4089.00
4092.58
4093.01
4094.27
4095.31
4097.92
4098.31
4099.56
4100.51
4106.21
4107.18
4108.30
4108.77
4111.46
4111.86
4113.03
4114.04
4117.66
4118.09
4119.38
4120.43
4123.05
4123.45
4124.66
4125.64
4130.86
4131.30
4132.65
4133.68
4136.37
4136.77
4138.04
4139.08
4142.73
4143.13
4144.40
4145.40
4148.02
4148.41
4149.70
4150.69
4157.27
4158.25
4159.39
4159.84
4162.59
4162.96
4164.12
4165.13
4168.84
4169.23
4170.53
4171.52
4174.19
4174.56
4175.88
4176.85
4181.67
4182.03
4183.35
4184.31
4187.00
4187.35
4188.70
4189.64
4193.34
4193.71
4195.06
4196.04
4198.73
4199.08
4200.45
4201.43
4208.00
4208.99
4210.22
4210.63
4213.42
4213.75
4215.03
4216.00
4219.63
4219.98
4221.35
4222.30
4224.94
4225.28
4226.67
4227.61
4232.73
4233.10
4234.42
4235.40
4238.13
4238.47
4239.80
4240.78
4244.54
4244.89
4246.24
4247.20
4249.97
4250.31
4251.66
4252.59
4259.13
4260.11
4261.34
4261.74
4264.53
4264.82
4266.18
4267.07
4271.07
4271.33
4272.68
4273.65
4276.38
4276.72
4278.16
4279.15
4284.22
4284.51
4285.90
4287.14
4290.27
4290.53
4291.87
4292.83
4296.48
4296.81
4298.15
4299.05
4301.66
4301.98
4303.32
4304.21
4310.19
4311.09
4312.32
4312.70
4315.52
4315.85
4317.13
4318.04
4321.66
4322.01
4323.41
4324.32
4326.94
4327.28
4328.69
4329.60
4334.39
4334.75
4336.17
4337.07
4339.71
4340.04
4341.47
4342.40
4346.06
4346.41
4347.84
4348.79
4351.54
4351.88
4353.35
4354.32
4360.76
4361.81
4363.15
4363.59
4366.53
4366.92
4368.30
4369.35
4373.02
4373.42
4374.87
4375.84
4378.46
4378.87
4380.34
4381.31
4386.19
4386.64
4387.99
4388.97
4391.71
4392.14
4393.49
4394.49
4398.28
4398.73
4400.10
4401.09
4403.80
4404.25
4405.63
4406.64
4412.45
4413.45
4414.67
4415.24
4418.04
4418.52
4419.88
4420.90
4424.65
4425.14
4426.58
4427.60
4430.32
4430.81
4432.26
4433.29
4438.12
4438.64
4440.11
4441.16
4443.87
4444.37
4445.84
4446.82
4450.59
4451.11
4452.59
4453.55
4456.24
4456.76
4458.27
4459.26
4459.26
