0002097152
0002097152
0002097152
0002097152
0002097152
0002097152
0002097152
0002097152
0002097152
0002097152
0002097152
0002097152
0002097152
0002097152
0002097152
0002097152
0002097152
0002097152
0002097152
0002097152
0002097152
0002097152
0002097152
0002097152
0002097152
0002097152
0002097152
0002097152
0002097152
0002097152
0002097152
0002097152
0002097152
0002097152
0002097152
0002097152
0002097152
0002097152
0002097152
0002097152
0002097152
0002097152
0002097152
0002097152
0002097152
0002097152
0002097152
0002097152
0002097152
0002097152
0002097152
0002097152
0002097152
0002097152
0002097152
0002097152
0002097152
0002097152
0002097152
0002097152
0002097152
0002097152
0002097152
0002097152
0002097152
0002097152
0002097152
0002097152
0002097152
0002097152
0002097152
0002097152
0002097152
0002097152
0002097152
0002097152
0002097152
0000000002
0002097152
0000000005
0002097152
0000000007
0002097152
0000000009
0000000001
0002097152
0000000002
0000000016
0000000002
0002097152
0000000003
0000000026
0000000006
0002097152
0000000009
0000000053
0000000010
0002097152
0000000010
0000000102
0000000012
0002097152
0000000014
0000000164
0000000016
0002097152
0000000016
0000000258
0000000014
0002097152
0000000018
0000000397
0000000021
0002097152
0000000022
0000000618
0000000027
0000000002
0002097152
0000000002
0000000030
0000000002
0000000914
0000000002
0000000037
0000000003
0002097152
0000000002
0000000041
0000001273
0000000043
0002097152
0000000058
0000001707
0000000067
0002097152
0000000077
0000002359
0000000087
0002097152
0000000105
0000003159
0000000117
0002097152
0000000133
0000004090
0000000153
0002097152
0000000180
0000005286
0000000187
0002097152
0000000206
0000006709
0000000250
0002097152
0000000276
0000008313
0000000268
0002097152
0000000003
0000000303
0000000003
0000010283
0000000002
0000000333
0000000002
0002097152
0000000003
0000000378
0000012784
0000000399
0002097152
0000000003
0000000424
0000000003
0000015810
0000000003
0000000490
0000000001
0002097152
0000000007
0000000574
0000000005
0000019480
0000000005
0000000628
0000000006
0002097152
0000000010
0000000668
0000000013
0000023729
0000000010
0000000720
0000000005
0002097152
0000000004
0000000801
0000000004
0000028667
0000000003
0000000900
0000000004
0002097152
0000000004
0000000977
0000000001
0000034354
0000000005
0000001023
0000000009
0002097152
0000000012
0000001138
0000000016
0000040897
0000000015
0000001246
0000000019
0002097152
0000000017
0000001393
0000000016
0000048170
0000000012
0000001486
0000000012
0002097152
0000000011
0000001626
0000000013
0000056448
0000000010
0000001739
0000000018
0002097152
0000000017
0000001905
0000000019
0000065376
0000000022
0000002051
0000000016
0002097152
0000000014
0000002219
0000000021
0000075217
0000000017
0000002417
0000000018
0002097152
0000000020
0000002647
0000000026
0000085687
0000000031
0000002868
0000000028
0002097152
0000000033
0000003141
0000000039
0000097047
0000000047
0000003390
0000000034
0002097152
0000000037
0000003716
0000000044
0000109265
0000000042
0000004025
0000000057
0002097152
0000000053
0000004277
0000000060
0000122282
0000000063
0000004566
0000000076
0002097152
0000000079
0000004872
0000000081
0000136236
0000000080
0000005129
0000000088
0002097152
0000000088
0000005494
0000000099
0000151378
0000000105
0000005828
0000000090
0002097152
0000000087
0000006186
0000000116
0000167188
0000000127
0000006585
0000000123
0002097152
0000000140
0000006958
0000000155
0000183901
0000000171
0000007359
0000000188
0002097152
0000000194
0000007866
0000000195
0000201619
0000000190
0000008397
0000000194
0002097152
0000000213
0000008854
0000000230
0000220184
0000000254
0000009376
0000000243
0002097152
0000000243
0000009977
0000000226
0000239889
0000000240
0000010658
0000000261
0002097152
0000000298
0000011322
0000000316
0000260558
0000000337
0000011858
0000000346
0002097152
0000000349
0000012570
0000000342
0000282482
0000000333
0000013378
0000000333
0002097152
0000000357
0000014174
0000000357
0000304854
0000000353
0000015017
0000000367
0002097152
0000000383
0000015847
0000000407
0000328344
0000000426
0000016693
0000000459
0002097152
0000000479
0000017557
0000000529
0000352517
0000000544
0000018542
0000000597
0002097152
0000000626
0000019471
0000000640
0000377767
0000000676
0000020366
0000000688
0002097152
0000000716
0000021395
0000000770
0000403956
0000000783
0000022448
0000000799
0002097152
0000000812
0000023497
0000000836
0000430983
0000000858
0000024776
0000000903
0002097152
0000000964
0000026019
0000001016
0000458743
0000001041
0000027339
0000001094
0002097152
0000001143
0000028744
0000001205
0000487193
0000001234
0000030054
0000001277
0002097152
0000001347
0000031531
0000001398
0000516256
0000001483
0000033010
0000001554
0002097152
0000001618
0000034581
0000001730
0000546143
0000001772
0000036127
0000001827
0002097152
0000001907
0000037617
0000001949
0000576810
0000002041
0000039293
0000002168
0002097152
0000002245
0000040982
0000002299
0000607987
0000002314
0000042627
0000002379
0002097152
0000002484
0000044566
0000002592
0000639101
0000002693
0000046331
0000002822
0002097152
0000002904
0000048406
0000003046
0000670741
0000000001
0000003092
0000050458
0000003268
0002097152
0000000001
0000003381
0000000001
0000052585
0000000002
0000003520
0000000004
0000702767
0000000003
0000003657
0000000002
0000054726
0000000004
0000003770
0000000002
0002097152
0000000002
0000003901
0000000002
0000056876
0000000002
0000003998
0000000002
0000735138
0000000001
0000004136
0000059091
0000004242
0002097152
0000004394
0000061400
0000004599
0000000002
0000767501
0000000004
0000004766
0000000009
0000063788
0000000010
0000004974
0000000009
0002097152
0000000007
0000005136
0000000007
0000066217
0000000007
0000005299
0000000006
0000800016
0000000007
0000005448
0000000006
0000068631
0000000007
0000005485
0000000006
0002097152
0000000003
0000005694
0000071150
0000000005
0000005815
0000000008
0000832286
0000000009
0000006009
0000000011
0000073832
0000000012
0000006211
0000000012
0002097152
0000000010
0000006377
0000000010
0000076599
0000000009
0000006501
0000000005
0000864826
0000006675
0000000002
0000079396
0000000005
0000006846
0000000006
0002097152
0000000007
0000007118
0000000008
0000082175
0000000005
0000007431
0000000006
0000897075
0000000001
0000007686
0000000001
0000084838
0000000002
0000007993
0000000003
0002097152
0000000006
0000008263
0000000003
0000087697
0000000002
0000008508
0000000007
0000928928
0000000003
0000008745
0000000002
0000090523
0000000002
0000009004
0002097152
0000009275
0000000002
0000093626
0000000005
0000009545
0000000011
0000960239
0000000019
0000009785
0000000025
0000096397
0000000022
0000010156
0000000024
0002097152
0000000032
0000010447
0000000038
0000099509
0000000042
0000010722
0000000043
0000991633
0000000051
0000011048
0000000057
0000102715
0000000056
0000011338
0000000052
0002097152
0000000047
0000011622
0000000040
0000105959
0000000037
0000011847
0000000051
0001022731
0000000055
0000012089
0000000041
0000109259
0000000042
0000012423
0000000033
0002097152
0000000034
0000012826
0000000042
0000112734
0000000036
0000013159
0000000032
0001053293
0000000028
0000013552
0000000026
0000116132
0000000020
0000013858
0000000026
0002097152
0000000026
0000014255
0000000037
0000119867
0000000043
0000014547
0000000045
0001083601
0000000054
0000014934
0000000066
0000123278
0000000075
0000015339
0000000080
0002097152
0000000088
0000015644
0000000100
0000127186
0000000106
0000016022
0000000121
0001113319
0000000129
0000016413
0000000133
0000130690
0000000134
0000016741
0000000137
0002097152
0000000153
0000017169
0000000155
0000134636
0000000162
0000017691
0000000180
0001142613
0000000192
0000018190
0000000202
0000138323
0000000217
0000018603
0000000223
0002097152
0000000247
0000019119
0000000258
0000142374
0000000265
0000019463
0000000260
0001171192
0000000256
0000019866
0000000248
0000146184
0000000250
0000020253
0000000243
0002097152
0000000225
0000020617
0000000215
0000150580
0000000222
0000021075
0000000216
0001198987
0000000218
0000021529
0000000225
0000154655
0000000228
0000022149
0000000224
0002097152
0000000205
0000022609
0000000191
0000159295
0000000186
0000022977
0000000180
0001226237
0000000174
0000023401
0000000168
0000163094
0000000149
0000023845
0000000152
0002097152
0000000146
0000024426
0000000139
0000167586
0000000144
0000024943
0000000139
0001253271
0000000154
0000025543
0000000164
0000171910
0000000177
0000026146
0000000196
0002097152
0000000212
0000026614
0000000204
0000176889
0000000214
0000027090
0000000215
0001279530
0000000223
0000027675
0000000249
0000181220
0000000273
0000028296
0000000296
0002097152
0000000309
0000028925
0000000318
0000186417
0000000367
0000029669
0000000414
0001305051
0000000477
0000030219
0000000535
0000190910
0000000580
0000030907
0000000610
0002097152
0000000647
0000031594
0000000670
0000196048
0000000739
0000032158
0000000771
0001330319
0000000853
0000032914
0000000869
0000200681
0000000911
0000033611
0000000951
0002097152
0000001007
0000034466
0000001033
0000205910
0000001083
0000035206
0000001148
0001354613
0000001201
0000035830
0000001264
0000210732
0000001288
0000036655
0000001325
0002097152
0000001382
0000037488
0000001433
0000216419
0000001470
0000038303
0000001519
0001378154
0000001553
0000039029
0000001604
0000221059
0000001624
0000039671
0000001637
0002097152
0000001656
0000040622
0000001739
0000226931
0000001734
0000041282
0000001782
0001401039
0000001781
0000042208
0000001806
0000231874
0000001829
0000042798
0000001817
0002097152
0000001837
0000043577
0000001901
0000237932
0000001901
0000044170
0000001916
0001423267
0000001907
0000045087
0000001871
0000242894
0000001886
0000045810
0000001862
0002097152
0000001878
0000046561
0000001897
0000249470
0000001930
0000047462
0000001973
0001444885
0000002009
0000048446
0000002059
0000254633
0000002101
0000049286
0000002108
0002097152
0000002150
0000050343
0000002222
0000261075
0000002339
0000051136
0000002401
0001465682
0000002518
0000051955
0000002611
0000266178
0000002658
0000052747
0000002764
0002097152
0000002794
0000053805
0000002892
0000272710
0000002949
0000054633
0000003003
0001485876
0000003020
0000055603
0000003061
0000278038
0000003101
0000056407
0000003134
0002097152
0000003209
0000057572
0000003296
0000284683
0000003396
0000058634
0000003468
0001505438
0000003527
0000059565
0000003559
0000290160
0000003613
0000060377
0000003669
0002097152
0000003656
0000061393
0000003665
0000297194
0000003696
0000062308
0000003705
0001524307
0000003753
0000063327
0000003714
0000302783
0000003784
0000064364
0000003799
0002097152
0000003841
0000065460
0000003884
0000309795
0000003888
0000066327
0000003966
0001542605
0000003987
0000067285
0000003991
0000315093
0000004020
0000068564
0000004041
0002097152
0000004078
0000069612
0000004127
0000322287
0000004177
0000070910
0000004246
0001560420
0000004255
0000072032
0000004288
0000327470
0000004331
0000073063
0000004404
0002097152
0000004413
0000074387
0000004440
0000335027
0000004450
0000075740
0000004493
0001577573
0000004442
0000076890
0000004469
0000340410
0000004457
0000078239
0000004442
0002097152
0000004530
0000079524
0000004530
0000348278
0000004526
0000080546
0000004547
0001594558
0000004554
0000081933
0000004617
0000354044
0000004700
0000083098
0000004717
0002097152
0000004716
0000084432
0000004840
0000361804
0000004870
0000085823
0000004993
0001610669
0000005095
0000087020
0000005160
0000367390
0000005225
0000088360
0000005398
0002097152
0000005481
0000089839
0000005626
0000375139
0000005730
0000091212
0000005924
0001625937
0000006082
0000092309
0000006244
0000381490
0000006450
0000093438
0000006635
0002097152
0000006762
0000094879
0000006846
0000389883
0000006900
0000096135
0000007007
0001640768
0000007128
0000097519
0000007188
0000395418
0000007189
0000098993
0000007301
0002097152
0000007295
0000100476
0000007421
0000403613
0000007422
0000101673
0000007426
0001655127
0000007489
0000103052
0000000001
0000007544
0000409695
0000007582
0000104345
0000007542
0002097152
0000000002
0000007572
0000000003
0000105663
0000000007
0000007612
0000000006
0000418206
0000000009
0000007629
0000000010
0000106969
0000000002
0000007679
0000000001
0001668880
0000007720
0000108247
0000007763
0000424012
0000007740
0000109557
0000007835
0002097152
0000007858
0000111083
0000007920
0000433025
0000007941
0000112511
0000007904
0001682170
0000007905
0000114056
0000007940
0000438708
0000007972
0000115505
0000007930
0002097152
0000008002
0000116914
0000008051
0000447607
0000008032
0000118343
0000008091
0001695004
0000008100
0000119770
0000008173
0000453638
0000008167
0000121364
0000008192
0002097152
0000008238
0000122828
0000008355
0000462297
0000008445
0000124196
0000008605
0001707384
0000008676
0000125702
0000008818
0000468114
0000009031
0000127292
0000009171
0002097152
0000009307
0000129055
0000009428
0000476991
0000009544
0000130770
0000009694
0001719287
0000009879
0000132286
0000009977
0000482843
0000010065
0000133740
0000010108
0002097152
0000010334
0000135380
0000010450
0000491834
0000010557
0000137034
0000010765
0001730600
0000010925
0000138700
0000011021
0000497446
0000011174
0000140503
0000011232
0002097152
0000000001
0000011422
0000000002
0000142310
0000000003
0000011546
0000000003
0000506347
0000011631
0000144165
0000011820
0001741655
0000011998
0000145839
0000012174
0000512129
0000012359
0000147552
0000012433
0002097152
0000012639
0000149344
0000012832
0000521355
0000012926
0000151028
0000013090
0001751863
0000013301
0000152605
0000000001
0000013504
0000000002
0000526638
0000000011
0000013740
0000000048
0000154498
0000000116
0000013972
0000000178
0002097152
0000000242
0000014179
0000000270
0000156257
0000000294
0000014450
0000000328
0000536395
0000000358
0000014759
0000000374
0000158091
0000000397
0000014942
0000000426
0001761828
0000000444
0000015227
0000000437
0000159737
0000000420
0000015519
0000000397
0000541935
0000000393
0000015729
0000000374
0000161582
0000000338
0000016019
0000000295
0002097152
0000000303
0000016520
0000000272
0000163669
0000000256
0000016909
0000000230
0000551457
0000000220
0000017185
0000000191
0000165591
0000000202
0000017503
0000000185
0001771275
0000000174
0000017858
0000000146
0000167476
0000000122
0000018068
0000000109
0000557344
0000000104
0000018380
0000000077
0000169457
0000000067
0000018697
0000000063
0002097152
0000000051
0000018922
0000000039
0000171424
0000000026
0000019240
0000000021
0000566714
0000000011
0000019467
0000000005
0000173610
0000019631
0000000003
0001780660
0000000002
0000019876
0000000001
0000175453
0000020099
0000000003
0000572197
0000000001
0000020392
0000177267
0000000003
0000020581
0000000007
0002097152
0000000010
0000020872
0000000014
0000179432
0000000022
0000021134
0000000038
0000581876
0000000035
0000021327
0000000032
0000181334
0000000023
0000021630
0000000019
0001789269
0000000012
0000021729
0000000006
0000183251
0000000003
0000021887
0000000003
0000587221
0000000002
0000021975
0000000001
0000185235
0000022081
0002097152
0000022190
0000187697
0000022238
0000000001
0000597155
0000000001
0000022325
0000000002
0000189659
0000000002
0000022433
0001797710
0000022575
0000191467
0000022774
0000602520
0000023064
0000193435
0000000002
0000023202
0000000003
0002097152
0000000003
0000023523
0000195721
0000000004
0000023822
0000000008
0000612245
0000000007
0000023935
0000000005
0000197561
0000000017
0000023964
0000000023
0001805824
0000000030
0000024130
0000000039
0000199302
0000000086
0000024224
0000000129
0000618028
0000000152
0000024331
0000000171
0000201402
0000000189
0000024470
0000000206
0002097152
0000000212
0000024500
0000000208
0000203843
0000000217
0000024701
0000000202
0000628146
0000000199
0000024872
0000000197
0000205746
0000000168
0000025009
0000000145
0001813448
0000000126
0000024960
0000000089
0000207994
0000000062
0000025069
0000000046
0000633984
0000000033
0000025063
0000000023
0000210066
0000000013
0000024992
0000000007
0002097152
0000000005
0000025225
0000000005
0000212556
0000000003
0000025351
0000000009
0000643656
0000000008
0000025540
0000000004
0000214481
0000000001
0000025781
0001820741
0000025937
0000216353
0000025924
0000000003
0000649113
0000000007
0000026148
0000000010
0000218349
0000000006
0000026300
0000000004
0002097152
0000000001
0000026534
0000000002
0000220875
0000000002
0000026691
0000000001
0000659222
0000000002
0000026879
0000000001
0000222690
0000027139
0001827898
0000027390
0000224484
0000027734
0000664722
0000028068
0000226371
0000028407
0002097152
0000028940
0000228717
0000029274
0000674451
0000029617
0000230791
0000029933
0001834707
0000000002
0000030407
0000000001
0000232640
0000000002
0000030762
0000000011
0000679745
0000000020
0000031092
0000000034
0000234808
0000000045
0000031481
0000000045
0002097152
0000000062
0000031994
0000000073
0000237133
0000000095
0000032409
0000000118
0000689804
0000000142
0000032924
0000000179
0000239319
0000000192
0000033330
0000000232
0001841010
0000000244
0000033569
0000000261
0000241076
0000000262
0000033994
0000000267
0000694898
0000000258
0000034394
0000000282
0000243202
0000000302
0000034783
0000000313
0002097152
0000000310
0000035200
0000000324
0000245557
0000000329
0000035539
0000000345
0000704756
0000000358
0000036070
0000000349
0000247638
0000000352
0000036558
0000000347
0001847055
0000000314
0000036984
0000000282
0000249457
0000000276
0000037312
0000000240
0000709847
0000000234
0000037669
0000000231
0000251413
0000000247
0000038075
0000000265
0002097152
0000000287
0000038553
0000000288
0000254123
0000000292
0000038988
0000000297
0000719568
0000000295
0000039250
0000000290
0000256098
0000000287
0000039580
0000000293
0001852886
0000000275
0000039893
0000000285
0000257835
0000000274
0000040181
0000000294
0000724243
0000000274
0000040618
0000000253
0000259843
0000000222
0000040956
0000000206
0002097152
0000000203
0000041474
0000000197
0000262329
0000000184
0000041812
0000000182
0000734390
0000000167
0000042228
0000000156
0000264285
0000000160
0000042656
0000000138
0001858468
0000000142
0000043086
0000000131
0000266159
0000000134
0000043383
0000000137
0000739167
0000000131
0000043755
0000000121
0000268258
0000000126
0000044074
0000000118
0002097152
0000000119
0000044666
0000000123
0000270860
0000000131
0000045221
0000000114
0000749105
0000000124
0000045676
0000000122
0000273120
0000000127
0000046098
0000000146
0001863677
0000000169
0000046500
0000000189
0000275133
0000000210
0000046905
0000000246
0000753631
0000000274
0000047175
0000000310
0000277227
0000000315
0000047629
0000000323
0002097152
0000000332
0000048122
0000000335
0000279969
0000000357
0000048622
0000000351
0000762940
0000000373
0000048952
0000000407
0000281926
0000000425
0000049394
0000000414
0001868749
0000000434
0000049973
0000000448
0000283841
0000000485
0000050342
0000000493
0000767429
0000000516
0000050742
0000000595
0000285576
0000000656
0000051137
0000000726
0002097152
0000000788
0000051735
0000000878
0000288276
0000000949
0000052110
0000001016
0000777138
0000001060
0000052457
0000001056
0000290069
0000001064
0000052668
0000001074
0001873410
0000001094
0000053105
0000001082
0000292245
0000001057
0000053208
0000001044
0000781383
0000001047
0000053671
0000001061
0000294000
0000001065
0000054083
0000001129
0002097152
0000001189
0000054595
0000001264
0000296974
0000001337
0000054919
0000001422
0000791219
0000001520
0000055306
0000001553
0000298953
0000001554
0000055861
0000001508
0001877893
0000001431
0000056279
0000001416
0000301157
0000001364
0000056608
0000001376
0000795397
0000001335
0000056901
0000001283
0000303056
0000001215
0000057182
0000001135
0002097152
0000001072
0000057655
0000000993
0000305504
0000000911
0000057998
0000000836
0000805010
0000000780
0000058284
0000000747
0000307758
0000000695
0000058545
0000000703
0001882128
0000000710
0000058987
0000000700
0000309792
0000000678
0000059341
0000000648
0000809250
0000000648
0000059546
0000000647
0000311937
0000000642
0000059632
0000000630
0002097152
0000000626
0000060085
0000000613
0000314858
0000000615
0000060298
0000000630
0000818965
0000000601
0000060492
0000000612
0000317014
0000000591
0000060722
0000000587
0001886128
0000000583
0000060862
0000000597
0000319198
0000000598
0000061082
0000000617
0000822896
0000000626
0000061256
0000000626
0000320837
0000000642
0000061639
0000000657
0002097152
0000000678
0000062159
0000000667
0000323624
0000000692
0000062556
0000000735
0000832175
0000000771
0000062893
0000000825
0000325734
0000000816
0000063437
0000000822
0001889876
0000000832
0000063836
0000000841
0000327650
0000000844
0000063972
0000000828
0000836068
0000000836
0000064407
0000000814
0000329661
0000000820
0000064699
0000000801
0002097152
0000000793
0000065412
0000000760
0000332508
0000000762
0000065727
0000000761
0000845348
0000000763
0000066191
0000000784
0000334671
0000000850
0000066698
0000000945
0001893326
0000001033
0000067190
0000001069
0000336540
0000001105
0000067609
0000001110
0000849007
0000001099
0000068170
0000001060
0000338752
0000001052
0000068528
0000001029
0002097152
0000001023
0000069300
0000000986
0000341744
0000001001
0000069912
0000000967
0000858143
0000000903
0000070617
0000000850
0000343942
0000000779
0000071075
0000000795
0001896662
0000000784
0000071654
0000000717
0000345956
0000000700
0000072100
0000000683
0000861731
0000000667
0000072486
0000000644
0000347868
0000000645
0000072816
0000000639
0002097152
0000000681
0000073517
0000000707
0000350594
0000000724
0000073992
0000000739
0000870692
0000000755
0000074305
0000000738
0000352630
0000000773
0000074872
0000000802
0001899538
0000000829
0000075297
0000000841
0000354428
0000000851
0000075639
0000000861
0000874149
0000000881
0000075986
0000000950
0000356234
0000001025
0000076420
0000001137
0002097152
0000001351
0000077178
0000001553
0000359463
0000001782
0000077848
0000002035
0000883346
0000002327
0000078371
0000002604
0000361399
0000002841
0000078830
0000003055
0001902332
0000003289
0000079623
0000003515
0000363356
0000003753
0000080316
0000003939
0000886998
0000004132
0000080904
0000004252
0000365308
0000004390
0000081367
0000004488
0002097152
0000004678
0000082214
0000004728
0000368504
0000004786
0000082739
0000004856
0000896188
0000004927
0000083034
0000004956
0000370376
0000004999
0000083513
0000005010
0001904949
0000005004
0000083850
0000005070
0000372350
0000005221
0000084180
0000005363
0000899255
0000005507
0000084627
0000005725
0000374255
0000005863
0000085059
0000005931
0002097152
0000006161
0000085894
0000006341
0000377097
0000006492
0000086660
0000006676
0000907853
0000006850
0000087356
0000006985
0000378737
0000007062
0000087924
0000007108
0001907322
0000007095
0000088508
0000007082
0000380526
0000007041
0000089089
0000007007
0000910740
0000006933
0000089540
0000006875
0000382701
0000006816
0000090097
0000006752
0002097152
0000006727
0000091045
0000006672
0000385814
0000006618
0000091699
0000006571
0000919281
0000006548
0000092392
0000006497
0000387593
0000006386
0000093093
0000006249
0001909517
0000006052
0000093782
0000005857
0000389340
0000005673
0000094386
0000005441
0000922075
0000005178
0000095046
0000004803
0000391228
0000004422
0000095573
0000004159
0002097152
0000004080
0000096430
0000003943
0000394179
0000003781
0000097002
0000003648
0000930697
0000003520
0000097590
0000003439
0000395970
0000003410
0000098270
0000003341
0001911466
0000003177
0000098797
0000003116
0000397818
0000003059
0000099325
0000003028
0000933193
0000002924
0000099769
0000002812
0000399786
0000002671
0000100198
0000002539
0002097152
0000002486
0000100872
0000002346
0000402708
0000002268
0000101268
0000002217
0000941631
0000002154
0000101643
0000002063
0000404487
0000001976
0000101855
0000001888
0001912996
0000001853
0000101978
0000001823
0000406247
0000001774
0000102211
0000001751
0000943567
0000001796
0000102362
0000001775
0000407966
0000001813
0000102481
0000001845
0002097152
0000001868
0000102866
0000001908
0000411052
0000001939
0000103403
0000001974
0000951552
0000001988
0000103560
0000001983
0000412831
0000002006
0000103814
0000001967
0001914404
0000001981
0000103800
0000001993
0000414473
0000001971
0000103730
0000001933
0000953761
0000001909
0000103671
0000001859
0000416082
0000001858
0000103701
0000001861
0002097152
0000001876
0000103921
0000001905
0000419177
0000001962
0000104128
0000001999
0000961574
0000002011
0000104372
0000002044
0000420944
0000002120
0000104538
0000002228
0001915809
0000002333
0000104679
0000002453
0000422719
0000002628
0000104878
0000002763
0000963531
0000002804
0000104986
0000002857
0000424212
0000002872
0000105110
0000002884
0002097152
0000002945
0000105645
0000002956
0000427313
0000002982
0000105914
0000002943
0000971489
0000002893
0000106153
0000002880
0000428748
0000002865
0000106167
0000002858
0001916854
0000002874
0000106434
0000002859
0000430582
0000002871
0000106554
0000002856
0000973583
0000002845
0000106631
0000002826
0000432336
0000002813
0000106636
0000002807
0002097152
0000002839
0000107192
0000002877
0000435094
0000002886
0000107480
0000002880
0000981099
0000002897
0000108025
0000002939
0000436862
0000003007
0000108322
0000003074
0001917566
0000003202
0000108395
0000003311
0000438407
0000003384
0000108804
0000003482
0000983107
0000003608
0000108887
0000003651
0000440076
0000003645
0000109061
0000003617
0002097152
0000003652
0000109694
0000003752
0000443214
0000003795
0000110247
0000003886
0000990156
0000003949
0000110790
0000004003
0000444939
0000004131
0000111317
0000004220
0001918246
0000004302
0000111610
0000004400
0000446437
0000004473
0000111971
0000004539
0000991477
0000004578
0000112084
0000004600
0000447918
0000004632
0000112200
0000004619
0002097152
0000004684
0000112749
0000004751
0000450906
0000004876
0000113011
0000004981
0000998859
0000005123
0000113216
0000005187
0000452234
0000005277
0000113525
0000005395
0001918884
0000005461
0000113678
0000005501
0000453780
0000005592
0000113706
0000005622
0001000158
0000005700
0000113797
0000005837
0000455203
0000005951
0000114078
0000006052
0002097152
0000006237
0000114920
0000006317
0000458397
0000006304
0000115541
0000006280
0001007069
0000006252
0000116115
0000006202
0000459918
0000006236
0000116791
0000006350
0001919188
0000006359
0000117286
0000006385
0000461451
0000006279
0000117820
0000006171
0001008538
0000006067
0000118265
0000005932
0000463349
0000005812
0000118748
0000005630
0002097152
0000005553
0000119629
0000005392
0000466478
0000005198
0000120377
0000005104
0001015275
0000005033
0000120929
0000004982
0000468073
0000005072
0000121468
0000005117
0001919116
0000005123
0000121739
0000005172
0000469419
0000005291
0000122211
0000005267
0001016316
0000005256
0000122393
0000005280
0000471122
0000005323
0000122628
0000005357
0002097152
0000005441
0000123266
0000005413
0000474144
0000005443
0000123543
0000005453
0001022993
0000005498
0000123995
0000005478
0000475697
0000005450
0000124312
0000005518
0001918807
0000005559
0000124576
0000005536
0000477230
0000005585
0000124669
0000005705
0001024140
0000005914
0000124889
0000006015
0000478577
0000006050
0000125082
0000006055
0002097152
0000006162
0000125699
0000006205
0000481470
0000006227
0000125876
0000006264
0001030909
0000006315
0000126322
0000006322
0000482873
0000006346
0000126806
0000006394
0001918274
0000006481
0000127316
0000006430
0000484229
0000006380
0000127599
0000006235
0001031507
0000006042
0000127776
0000005880
0000485646
0000005713
0000128095
0000005562
0002097152
0000005576
0000128708
0000005576
0000488260
0000005600
0000129102
0000005649
0001037978
0000005667
0000129550
0000005682
0000489757
0000005744
0000130099
0000005789
0001917573
0000005902
0000130460
0000005935
0000491178
0000005995
0000130934
0000006026
0001038604
0000006082
0000131120
0000006019
0000492310
0000006079
0000131363
0000006040
0002097152
0000006084
0000132285
0000006027
0000495577
0000005924
0000132866
0000005804
0001044549
0000005765
0000133344
0000005747
0000497052
0000005795
0000133935
0000005810
0001916773
0000005858
0000134210
0000005958
0000498359
0000006026
0000134636
0000006138
0001045043
0000006258
0000134817
0000006390
0000499738
0000006436
0000135109
0000006486
0002097152
0000006595
0000135849
0000006639
0000502840
0000006696
0000136331
0000006687
0001051230
0000006849
0000136836
0000007036
0000504566
0000007160
0000137297
0000007178
0001915612
0000007236
0000137708
0000007232
0000506084
0000007244
0000137931
0000007252
0001051719
0000007213
0000138173
0000007228
0000507544
0000007247
0000138466
0000007188
0002097152
0000007250
0000139018
0000007264
0000510829
0000007167
0000139286
0000007138
0001057544
0000007131
0000139611
0000007135
0000512370
0000007178
0000139934
0000007109
0001914258
0000007050
0000140204
0000007085
0000513703
0000007038
0000140482
0000006959
0001057962
0000006862
0000140825
0000006892
0000514896
0000006909
0000140992
0000006929
0002097152
0000007105
0000141785
0000007103
0000518089
0000007041
0000142157
0000007007
0001063320
0000007059
0000142573
0000007067
0000519589
0000007136
0000143118
0000007221
0001912454
0000007330
0000143656
0000007340
0000520725
0000007473
0000144231
0000007628
0001063964
0000007673
0000144650
0000007777
0000521875
0000007974
0000144987
0000008086
0002097152
0000008373
0000146034
0000008576
0000524843
0000008703
0000146602
0000008811
0001068834
0000008847
0000147152
0000008821
0000525900
0000008925
0000147567
0000008851
0001910666
0000008733
0000148139
0000008661
0000527243
0000008618
0000148716
0000008464
0001068915
0000008338
0000149211
0000008180
0000528063
0000007998
0000149483
0000007847
0002097152
0000007860
0000150274
0000007728
0000530745
0000007705
0000150867
0000007684
0001074085
0000007706
0000151072
0000007646
0000531886
0000007689
0000151519
0000007630
0001908576
0000007606
0000151890
0000007573
0000532783
0000007543
0000152316
0000007536
0001073876
0000007691
0000152771
0000007809
0000533830
0000007929
0000153331
0000007895
0002097152
0000008105
0000154385
0000008205
0000536593
0000008286
0000155137
0000008284
0001078309
0000008265
0000155973
0000008274
0000537522
0000008334
0000156549
0000008298
0001906028
0000008300
0000157258
0000008241
0000538501
0000008293
0000157771
0000008231
0001078339
0000008304
0000158262
0000008218
0000539387
0000008137
0000158809
0000008036
0002097152
0000008097
0000159676
0000008161
0000541783
0000008303
0000160474
0000008390
0001083001
0000008570
0000160673
0000008628
0000542838
0000008755
0000161133
0000008857
0001903278
0000008992
0000161474
0000009078
0000543693
0000009207
0000161791
0000009349
0001083228
0000009420
0000161979
0000009425
0000544530
0000009494
0000162181
0000009636
0002097152
0000009962
0000163013
0000010159
0000546996
0000010342
0000163343
0000010506
0001087834
0000010667
0000163684
0000010958
0000547710
0000011223
0000163993
0000011588
0001900357
0000011881
0000164193
0000012122
0000548437
0000012415
0000164271
0000012697
0001087393
0000012910
0000164330
0000013096
0000549181
0000013338
0000164205
0000013552
0002097152
0000013857
0000164715
0000013926
0000551654
0000014172
0000164964
0000014335
0001091783
0000014510
0000165171
0000014590
0000552530
0000014592
0000165346
0000014637
0001897091
0000014618
0000165667
0000014456
0000553445
0000014230
0000165774
0000014109
0001091268
0000013965
0000165869
0000013708
0000554218
0000013516
0000165523
0000013212
0002097152
0000013194
0000166041
0000012880
0000556507
0000012582
0000166161
0000012382
0001095128
0000012198
0000166118
0000011972
0000557447
0000011721
0000166119
0000011560
0001893692
0000011455
0000166102
0000011403
0000558130
0000011251
0000166236
0000011009
0001094431
0000010938
0000166334
0000010701
0000559046
0000010539
0000166460
0000010353
0002097152
0000010348
0000167108
0000010293
0000561100
0000010275
0000167287
0000010191
0001097997
0000010241
0000167691
0000010252
0000562037
0000010222
0000167914
0000010164
0001889882
0000010021
0000167906
0000009940
0000562946
0000009856
0000168109
0000009710
0001097576
0000009543
0000168347
0000009551
0000563566
0000009553
0000168437
0000009459
0002097152
0000009555
0000168851
0000009571
0000565846
0000009662
0000169234
0000009692
0001101150
0000009753
0000169439
0000009848
0000566485
0000009943
0000169828
0000009997
0001885471
0000010129
0000170168
0000010305
0000567216
0000010560
0000170440
0000010712
0001100384
0000010846
0000170399
0000010955
0000567743
0000011042
0000170380
0000011061
0002097152
0000011176
0000171160
0000011188
0000569951
0000011150
0000171572
0000011214
0001103734
0000011282
0000171780
0000011304
0000570717
0000011367
0000171911
0000011459
0001881104
0000011520
0000172038
0000011467
0000571239
0000011468
0000172258
0000011537
0001102493
0000011445
0000172420
0000011368
0000571925
0000011333
0000172771
0000011176
0002097152
0000011207
0000173543
0000011219
0000574167
0000011169
0000174168
0000011192
0001105685
0000011226
0000174306
0000011257
0000574804
0000011363
0000174610
0000011384
0001876076
0000011459
0000174838
0000011533
0000575043
0000011797
0000174741
0000011911
0001104492
0000011988
0000174885
0000011942
0000575755
0000012016
0000174819
0000012065
0002097152
0000012235
0000175495
0000012297
0000577617
0000012293
0000175744
0000012249
0001107278
0000012299
0000175944
0000012367
0000578317
0000012405
0000176031
0000012350
0001870865
0000012333
0000176077
0000012208
0000578753
0000012060
0000176048
0000011897
0001105974
0000011770
0000176081
0000011556
0000579044
0000011451
0000176088
0000011328
0002097152
0000011456
0000176661
0000011409
0000580709
0000011427
0000176681
0000011344
0001108407
0000011285
0000176658
0000011306
0000581452
0000011373
0000176662
0000011376
0001865100
0000011418
0000176625
0000011515
0000581907
0000011561
0000176704
0000011518
0001107258
0000011703
0000176666
0000011868
0000582187
0000012073
0000176423
0000012160
0002097152
0000012497
0000176959
0000012586
0000584011
0000012690
0000177267
0000012788
0001109931
0000012804
0000177497
0000012752
0000584408
0000012808
0000177703
0000012738
0001859105
0000012696
0000177890
0000012468
0000584582
0000012406
0000177895
0000012287
0001108670
0000012154
0000177964
0000012069
0000584797
0000012097
0000177990
0000012150
0002097152
0000012353
0000178489
0000012395
0000586336
0000012403
0000178704
0000012388
0001110659
0000012472
0000178782
0000012454
0000586706
0000012477
0000179041
0000012464
0001852835
0000012551
0000179153
0000012653
0000587068
0000012729
0000179175
0000012784
0001109256
0000012768
0000179230
0000012715
0000587062
0000012757
0000179301
0000012665
0002097152
0000012737
0000179868
0000012701
0000588642
0000012586
0000180090
0000012468
0001111356
0000012303
0000180463
0000012123
0000588791
0000012023
0000180599
0000011937
0001846008
0000011873
0000180655
0000011862
0000589203
0000011967
0000180754
0000011949
0001109542
0000012005
0000180541
0000011911
0000589328
0000011946
0000180398
0000011913
0002097152
0000011991
0000180883
0000011908
0000590891
0000011862
0000180810
0000011919
0001111301
0000012096
0000181016
0000012176
0000591298
0000012277
0000181079
0000012266
0001838784
0000012206
0000181343
0000012155
0000591550
0000012239
0000181344
0000012101
0001109504
0000011924
0000181461
0000011778
0000591762
0000011605
0000181268
0000011480
0002097152
0000011492
0000181719
0000011380
0000593254
0000011429
0000181956
0000011591
0001110937
0000011785
0000182018
0000011925
0000593658
0000012146
0000182120
0000012217
0001831337
0000012294
0000181974
0000012369
0000594068
0000012403
0000181683
0000012427
0001109016
0000012378
0000181225
0000012232
0000594411
0000012074
0000181063
0000011877
0002097152
0000011937
0000181843
0000011847
0000595944
0000011934
0000181693
0000011937
0001110641
0000012107
0000181868
0000012262
0000596489
0000012525
0000181691
0000012673
0001823314
0000012830
0000181740
0000012944
0000596879
0000013118
0000181789
0000013210
0001108376
0000013287
0000181579
0000013370
0000596996
0000013403
0000181410
0000013514
0002097152
0000013703
0000181860
0000013839
0000598251
0000013950
0000181672
0000014029
0001109599
0000014314
0000181634
0000014661
0000598550
0000014998
0000181680
0000015204
0001815109
0000015528
0000181352
0000015808
0000598794
0000016373
0000181034
0000016896
0001107427
0000017444
0000180994
0000017743
0000598983
0000018059
0000181023
0000018391
0002097152
0000018885
0000181846
0000019276
0000600397
0000019712
0000182260
0000019934
0001108811
0000020186
0000182642
0000020292
0000600326
0000020468
0000182840
0000020665
0001806704
0000020846
0000183220
0000020984
0000600388
0000021101
0000183478
0000021223
0001106585
0000021388
0000183473
0000021465
0000600261
0000021411
0000183568
0000021423
0002097152
0000021591
0000184236
0000021765
0000601112
0000021735
0000184815
0000021670
0001107457
0000021579
0000184991
0000021351
0000601227
0000021195
0000185289
0000020862
0001797573
0000020528
0000185489
0000020012
0000600981
0000019584
0000185604
0000019195
0001105019
0000018767
0000185692
0000018394
0000600745
0000018073
0000185697
0000017728
0002097152
0000017699
0000186399
0000017377
0000601593
0000017192
0000186898
0000016916
0001105784
0000016672
0000187224
0000016267
0000601157
0000016028
0000187509
0000015719
0001787924
0000015428
0000187641
0000015077
0000601045
0000014974
0000187848
0000014775
0001103148
0000014543
0000188006
0000014335
0000600189
0000014245
0000187823
0000014079
0002097152
0000014395
0000188436
0000014500
0000600851
0000014639
0000188746
0000014633
0001103401
0000014641
0000189030
0000014651
0000600403
0000014669
0000189272
0000014703
0001778344
0000014739
0000189445
0000014640
0000600042
0000014608
0000189602
0000014345
0001101268
0000014238
0000189647
0000014082
0000599375
0000013983
0000189739
0000013804
0002097152
0000013778
0000190421
0000013577
0000600003
0000013448
0000190614
0000013415
0001101599
0000013500
0000190751
0000013579
0000599611
0000013439
0000190871
0000013271
0001768431
0000013209
0000191019
0000013006
0000599040
0000012934
0000191035
0000012810
0001098953
0000012729
0000190919
0000012700
0000598664
0000012627
0000190915
0000012476
0002097152
0000012354
0000191565
0000012181
0000599479
0000011979
0000191797
0000011803
0001099178
0000011655
0000191944
0000011584
0000598988
0000011527
0000192053
0000011587
0001758380
0000011608
0000192010
0000011450
0000598466
0000011390
0000191923
0000011169
0001096234
0000011180
0000191926
0000011316
0000597857
0000011500
0000191701
0000011625
0002097152
0000011958
0000192678
0000012091
0000598623
0000012184
0000193029
0000012184
0001096669
0000012263
0000192950
0000012308
0000598045
0000012388
0000192863
0000012435
0001747959
0000012582
0000192711
0000012557
0000597356
0000012526
0000192526
0000012492
0001093853
0000012420
0000192513
0000012365
0000596529
0000012415
0000192297
0000012523
0002097152
0000012966
0000193236
0000013243
0000597177
0000013598
0000193373
0000013809
0001093510
0000014009
0000193420
0000014093
0000596738
0000014188
0000193352
0000014255
0001737367
0000014390
0000193318
0000014403
0000596043
0000014450
0000193138
0000014283
0001090546
0000014199
0000192951
0000014132
0000595333
0000014149
0000192856
0000014156
0002097152
0000014456
0000193735
0000014631
0000596337
0000014811
0000193601
0000014893
0001090249
0000014984
0000193489
0000015029
0000595958
0000015245
0000193368
0000015299
0001726630
0000015347
0000193508
0000015337
0000595509
0000015488
0000193535
0000015617
0001087125
0000015626
0000193670
0000015548
0000594849
0000015515
0000193884
0000015335
0002097152
