27080.7
11668.8
12053.2
12118.7
12183.5
12254.6
12321.4
12240.2
12484.8
12548.6
12612.2
12681
12749.4
12813.3
12882.3
12949.5
13021
13087.3
13158.8
13180.3
13247.9
13316.3
13381.5
13460.9
13531.4
13596.3
13661
13730.5
13805.6
13884.2
13948.3
14020.3
14036.9
14098.7
14176.2
14246.9
14324.1
14393
14465.7
14529.1
14599.2
14751.8
14832.1
14902.3
14975
15047.2
15126.1
15201
15279.1
15352.9
15411
15500
15573.1
15528.5
15733.6
15825.7
15901.1
15988
16061.6
16137.8
16212.6
16297.4
16373.1
16461.5
16543.3
16387.7
16470
16556.6
16642
16714.9
16803.5
17049.4
17051.7
17124.9
17217.9
17303.9
17380.9
27.5704
17466.7
70.3308
17565.1
96.2121
17654.2
123.668
14.0788
17726.7
28.0702
222.204
28.0955
17814.8
41.9823
360.749
81.5888
17898
123.088
702.238
139.914
17994
138.668
1290.77
168.591
18082.2
191.563
1895.66
224.942
18174.5
224.481
2764.21
196.482
18274.8
253.169
3656.02
296.221
18364.3
304.769
4195.2
374.826
27.8922
18412.7
27.7056
416.24
28.0455
4924.43
27.7509
522.976
42.0301
18507.8
28.091
572.431
5627.45
594.651
18593.6
794.201
6446.27
926.002
18686
1053.25
6545.39
1204.41
18792.4
1423.25
6226.11
1599.24
18863.4
1788.29
5733.79
2087.15
18954.8
2393.76
5414.96
2484.7
19090.1
2686.48
5200.8
3201.2
19188.5
3545.42
5096.06
3489.45
19366.9
41.7875
3916.56
42.3796
5022.89
28.2304
4274.55
28.3388
19443
41.8674
4726.06
5005.76
4975.04
19690.3
42.1752
5237.97
42.6233
5045.34
42.0961
5831.47
14.0757
19813
98.174
6421.4
70.0225
5132.29
70.9116
6501.41
84.8405
19920.1
138.165
6891.81
181.527
5224.83
139.797
7206.21
71.1475
20016.8
55.886
7652.86
56.0663
5372.2
42.4074
7987.86
55.503
20114.5
55.5263
8547.11
14.13
5517.82
70.9255
9006.97
127.975
19795.1
164.655
9412.68
225.133
5698.86
212.544
9760.84
265.505
19905.2
235.256
10285.3
224.542
5914.29
168.021
10574.1
170.285
20037.2
154.245
10985.7
182.248
6104.1
142.191
11105
250.036
20153.2
234.55
11322.4
265.122
6270.2
309.521
11419.2
226.037
20257.6
196.447
11756.7
299.012
6457.28
239.394
12656.3
251.391
20381.5
279.345
13101.3
365.656
6665.71
428.45
13421.3
392.329
20496.2
460.171
14165.8
546.296
6880.29
648.646
14634.4
478.564
20612.1
511.05
15533.5
604.542
7132.3
582.127
16214.7
781.724
20133.1
731.572
16335.8
829.934
7372.84
877.352
16926.4
1036.48
20214
1071.91
18044.3
1112.33
7670.08
1091
18020.6
1214.75
20937.8
1213.17
17887.2
1363.48
7926.42
1446.84
17853.2
1228.81
20432.3
1210.27
18358.5
1592.07
8214.47
1727.93
18471.7
1696.93
20568
1915.49
18464
2121.96
8527.25
2337.2
18590.2
2560.26
20707.5
2539.72
19642.5
2617.81
8947.21
2570.69
19561.5
2602.69
20816.4
2884.34
20116.9
3132.09
9296.26
3372.78
19841.1
3256.81
20968.1
3263.86
20465.3
3058.73
9802.58
3210.14
20454.5
3499.38
21117.9
3947.71
19846.8
4221.03
10246.2
4568.83
19968.3
4622.7
21240.4
4622.28
20133.7
4530.05
10747.3
4459.04
19827.6
4481.54
21375.3
4726.14
20021.7
4697.05
11230.1
4644.83
20105.4
4867.58
21522.7
5006.5
20581.7
5306.46
11745.4
5690.4
20730.7
5873.04
21311
6111.31
20943.5
6635.4
12285.6
6820.16
20987.1
7363.19
21466.4
7518.37
21558.6
7439.65
12901.5
7599.82
21361.2
7605.44
21356.6
7934.66
21529.7
8433.97
13396.7
8525.31
21425.3
8735.64
21588.7
8481.62
21393.9
8539.12
13980.7
8797.6
21240.1
9175.5
21766.3
9280.94
21121.4
9375.42
14574.1
9694.02
21300.8
9687.68
21909
9694.84
21703.7
10124.2
15267.2
10249.1
21422.6
10792.4
21984.3
11068.4
21483.4
11143.5
15823.2
11374.1
21137.1
11416.4
22134.1
11751.7
21464
12266.7
16469.1
12242.4
21392.2
12014.5
22277.9
12360
21323.1
12854.8
17104.1
13562.2
21019.3
14308.5
22389.3
14393.3
21083.3
13715.6
17783.7
13650
20905.1
13673.3
22567
13770.4
21126.5
13771.9
18420.9
14150.1
21069
14872.1
22762.9
15073.4
21268.6
15476.9
19163.4
13.9634
14894.9
21229.1
14895.9
22530.4
13.5751
15171.4
13.8853
21099
28.0021
14390.5
55.3107
19818.4
40.41
14933.4
27.8456
21066.4
55.7484
14785.8
27.2017
22561.3
27.2111
14951.2
27.5861
21203.3
27.8913
14484.3
27.2767
20536.5
13.859
14554.6
21219.9
14050.9
22881.2
14718.4
21350.4
14329.8
27.8923
21219.5
55.3105
14295.4
126.257
21024.8
137.716
13847.6
123.339
23500.9
95.28
14193.4
98.8112
20884.6
98.2823
14091.2
83.7067
21748.9
98.3641
13875.3
83.8579
20964.5
98.4559
13403.9
83.6035
23685.2
40.6543
13989.3
20921.7
68.2121
13718
110.369
22396.6
126.522
14095.6
153.476
20877.2
164.343
13571
168.695
23494.8
136.356
14313.9
135.871
20927.4
125.255
13561.5
67.9846
22818.7
13772.3
27.3192
20962.6
68.7912
13548.8
81.8469
23681.5
93.84
14087.2
109.755
20993.6
69.0623
13795.2
81.5698
23282.9
13.9516
14081.2
13.8626
20874.6
27.4827
13808.3
41.054
23888.6
80.7326
14542.4
40.864
21065.4
27.383
14115.8
96.0395
23692.1
40.9832
14621
27.3658
21053.9
27.5108
14161.2
23629.2
15035.1
27.6916
21184.5
68.2924
14743.8
153.284
24073.8
262.355
15090.3
343.771
20848.3
307.054
14463.6
334.285
23846.7
436.913
15026.3
527.267
20876.2
585.015
14522.8
594.429
24474.1
707.479
14894.7
797.392
20699
775.523
14506.4
716.524
24045.9
637.154
15303.5
558.938
21214.3
507.355
14823.3
702.543
25900.7
754.492
14940.3
559.372
21070
575.888
14502.7
449.854
24732.2
472.354
15116.5
578.175
21068.8
491.341
14463.1
441.872
25256.8
383.216
15045.6
353.191
20903.9
272.655
14461.8
357.543
24457.8
362.137
14916.9
508.678
21073
596.901
14356.3
613.801
26613.2
741.654
14830.4
902.523
20831
1017.72
14100.4
1078.08
24687.7
1181.35
14797.7
1368.33
20951.9
1435.7
14308.6
1647.93
26822.1
1754.95
14909.2
1795.54
20790.3
1785.45
14132.2
1834.32
24454.6
2044.17
14910.5
2080.47
20836.8
2163.48
14337
2408.15
27294.5
2560.62
14715.8
2665.91
20748.3
2746.92
13993.6
2768.52
25134.1
3072.98
14827.7
3146.37
20923.6
3094.26
14208.4
2947.8
27583.3
3139.81
14634.6
3052.79
20696.7
3050.86
14050.6
2882.28
24980.7
2841.65
14905.7
2736.88
20825.2
2743.22
14134.6
2681.7
26928.8
2774.3
14603.8
2870.89
20694
2850.14
14023.4
2775.65
25221.5
2626.65
14982.8
2512.28
20754.8
2411.85
14268
2301.3
28305.3
2290.39
14933.4
2226.36
20514.7
1979.15
15106.2
2042.2
25548
1906.7
14956.8
1888.37
20592.6
1945.95
15196.1
1879.11
28601
2097.78
15040.6
2235.67
20426.6
2352.12
15273.6
2605.86
25222
2753.68
15120.5
2694.55
20503.4
2780.99
15178.2
2853.21
28188.6
2950.62
14775.2
3210.95
20373.6
3442.53
15253.8
3767.08
25568.6
3883.86
15107.1
4039.75
20784.9
4538.41
14925
5055.74
29457.1
5614.54
14714.4
5642.98
21077.9
5814.67
14792.9
5614.83
25673.3
5575.6
14928.4
5253.86
20863.4
5618.52
14831.8
5328.37
29043.7
5847.13
14879.8
5530.21
20898.5
5966.14
15023.6
5762.49
25886.7
6387.95
15319.7
6055.22
20771
6320.82
15140.1
5857.4
29531.1
6440.68
15250
5946.15
20958.9
6280.97
15297.9
5735.32
25512.1
6361.63
15756.5
5986.91
20854.8
6140.29
15518.9
5445.43
28701.2
5957.77
15451
5310.86
20904.4
5843.58
15506.3
5112.58
25731.5
5857.73
15873.1
5385.48
20734.4
5640.54
15634.2
4965.28
29268.4
5599.94
15767.4
5008.34
20837.4
5761.8
15749.6
5114.39
25978.1
6196.42
16477
5957.47
20816.4
6504.21
15652.6
6121.13
29860.8
6873.23
15782.2
6225.58
20838
6926.76
15705.4
6243.24
26215.2
6935.6
15948.7
6339.28
20874.6
6526.18
16123.9
5852.09
29621.7
6265.77
15989.2
5599.3
21138.1
6040.47
15913.3
5463.19
26235.3
5930.88
16084.9
5475.8
20892.4
5710.52
15692.1
5033.22
29841.1
5600.32
15765.6
4997.14
21363
5418.9
15699.1
4809.67
26162.9
5597.06
16118.2
5150.92
21246
5457.62
15700.1
4730.06
29534.7
5469.17
15790.5
4808.04
21534.8
5399.7
15757.1
4763.6
26221.1
5741.92
16144
5255.5
21437.9
5709.8
15844.7
5101.54
29730.2
5759.62
15863.2
5129.32
22153.7
5775.41
16033.9
5097.34
26219
5834.02
16293.8
5336.34
22099.8
5776.47
16114.7
5128.61
30229.4
5945.02
16108.9
5235.48
22285.1
6034.18
16061.9
5402.25
25892.8
6151.25
16210.8
5570.07
22076.6
5849.21
15906.8
5054.78
29615.7
5710.9
15851.6
5081.71
22190.2
5814.32
15752.4
5196.33
26738.2
6198.94
16179.9
5558.69
21967.2
5884.56
15654.7
5229.36
29476.5
5969.22
15619.9
5219.64
22351.8
6076.71
15679.6
5391.8
26857.1
6359.97
15916.8
5702.59
22261.5
6137.89
15519.7
5402.35
29663.8
6098.7
15527.4
5426.47
22388.3
6180.44
15552.7
5424.15
27107.4
6280.13
15903.3
5719.49
22334.9
6030.18
15443
5331.37
30290.8
5950.86
15423.5
5372.35
22590.1
6097.88
15457.4
5394.73
26808
6113.71
15817.1
5579.15
22428.7
5809.48
15397.1
5355.38
30095.5
6042.85
15432
5410.33
22732.2
6055.41
15409.8
5470.14
27008.5
6290.46
15807.3
5775.5
22610.4
6093.38
15359
5550.45
30316.5
6257.47
15378.9
5676.74
22914.4
6437.61
15331.8
5845.16
26974.5
6892.38
15880.7
6344.52
22873.7
6718.8
15323.8
5925.89
30553.8
6776.03
15356.4
6108.9
22790.6
6877.11
15333.3
6152.91
27304.2
7303.2
15855.7
6606.05
22679.4
6992.66
15298.7
6181.53
29941
7446.9
16201.4
13.2751
6543.17
24212.7
7407.42
16154.5
6422.06
26790
26.7478
7299.02
40.4722
15513.6
93.706
6410.72
80.2532
24152.2
118.189
7422
131.501
16078.8
26.4274
6448.89
13.25
30074.2
7371.78
16051.8
6521.46
24266.8
7448.9
15988
6472.31
26949.8
7550
16385
6854.72
24130.3
7323.95
15790
6434.79
29968
7217.75
15707.6
6330.49
24673.8
7198.78
15656.3
6257.1
26708.7
7392.31
16053.5
6660.54
24445.4
7062.15
15463
6124.11
30355
7701.69
18416.3
6835.96
27786.8
7696.55
18459.8
6765.3
27884.2
7237.57
15742.1
6501.75
27474.3
7830.08
18273.7
6919.93
30571.3
8011.25
18182.8
7127.76
26624.2
8166.26
17076
7172.14
28081.7
8862.52
18549.7
7893.54
26516.7
8309.18
16852.3
7219.01
30798.9
8433.37
17924.3
7382.07
27150.8
8513.58
17691.8
7369.22
27788
8923.32
17201.6
7947.47
27038.6
8526.95
17538.2
7317.28
30911.4
8437.97
17730.6
7104.93
28031.6
8129.61
17681.3
6781.27
28306.1
13.1862
8378.67
26.3116
17981.1
39.8556
7094.01
39.6683
27951
7726.42
17650.7
6467.18
30658.3
7621.14
18205.3
6416.67
29917
7698.35
18155.4
6379.4
27997.3
8014.02
18106.3
6867.51
29832.3
7612.64
17995.9
6277.83
30460.2
7691.25
18008.1
13.1352
6387.34
26.4217
30739.1
144.397
7804
628.116
18020.4
1046.14
6455.01
1051.86
28722.5
1706.19
8352.38
1545.48
17666.1
1336.91
6774.37
1207.35
31615.3
1751.53
8891.63
1490.02
19701.2
1293.26
7120.78
1151.67
30849.3
1820.55
9096.3
1512.97
20334.1
1288.12
7313.4
1139.13
33944.9
1814.12
9407.08
1489.5
20400.9
1261.7
7559.41
1085.3
28336.2
1787.14
9236.19
1534.49
18284.6
1303.96
7469.98
1107.78
31581.4
1588.17
8929.04
1316.73
18247.5
1164.76
7266.84
1035.45
31181
1534.57
10073.3
1257.79
19955.3
1063.38
8183.67
930.268
31671.7
1259.99
9131.83
1002.1
18395.1
864.08
7551.12
783.384
27956.6
672.034
9584.68
523.082
17983.2
346.073
7941.21
277.229
31098.3
144.93
9305.82
66.0012
18246.7
10117
39.658
31159.4
26.1486
9418.81
13.2115
18092.9
10230.7
38.9818
30255.1
13.3068
9570.43
18142.2
39.4753
10436.2
92.2628
28753.9
131.331
10124.8
185.524
18608
290.887
10566
505.303
30350.9
457.991
9780.4
421.08
18130.3
303.23
10539.7
249.709
31286.1
159.875
9690.14
78.9607
18041.2
39.3818
10484.1
39.2309
30429
26.5608
9763.84
12.9778
18077.2
10553.7
28697.3
10557.9
18924.4
10572.8
13.0786
30215.5
13.1072
9787.35
26.1433
19713.8
26.1836
9865.17
31119.6
9921.67
19807.6
9990.81
30581.2
10004.7
19789.1
26.3949
9957.79
39.139
28852.5
38.817
10357.9
19851.7
51.8929
9925.36
105.333
31246.6
91.074
10041.1
64.6372
20055.1
220.808
9999.64
304.749
30900.6
386.307
10034.6
508.139
20053.1
1123.57
9967.67
1309.76
31595.7
1561.61
9905.5
1387.13
20329.5
1653.28
9998.24
1426.43
29269.7
1688.23
10342.6
1496.09
21536.2
1651.22
10799.4
1409.8
33275
1676.21
10964.3
1443.04
22313.3
1634.63
11090.6
1391.59
31617.3
1525.91
11109.4
1166.86
21744.8
824.349
10880.3
616.467
31801.6
442.607
11009.4
306.881
21576
172.703
11001.4
92.8562
29606.3
65.9775
11381.1
66.8797
21697.4
40.2374
10967.2
118.104
32012.6
106.472
10886.7
53.2294
21967.8
13.3561
10918.5
31626.5
10815.3
20374.9
9860.22
38.599
32109.4
91.1911
9715.18
128.341
22453.8
79.4507
10638.6
52.391
29619.4
12.9279
10966.1
26.3424
22495.8
26.3824
10403.8
13.1894
33555.7
26.2968
10342.9
13.2493
22468.9
10252.1
31783.3
10283.1
22735.2
10309.4
34508
10302.4
22751.1
10337.3
29690.8
11079.6
22710.8
10350
31304.7
10116.9
22900.4
10440.8
30228.1
25.6752
10246.9
12.8507
22902.3
26.2674
10579.9
143.981
35266
261.741
10598.6
445.6
23252.9
586.848
10700.7
590.681
29795.7
798.956
11097.5
954.085
23165.9
1227.05
10643
1536.13
31200.4
1835
10359.9
1721.34
23275
2030.86
10675.5
1774.68
31205.6
2096.97
10575.4
1804.39
23596.6
2104.91
10703.1
1791.91
33705.6
2101.29
10777.4
1827.76
23570.9
2227.56
10713.5
1901.15
28743.5
2282.42
11138.5
2042.47
21630
2139.34
10242.5
1872.34
31124.9
2140.66
10235.9
1894.95
21515.2
2115.53
10278.5
1908.44
30458.8
2078.87
10276.7
1789.26
21418.1
1936.96
10285.8
1584.65
31053.8
1742.31
10281.2
1564.89
21423.7
1728.33
10222
1598.2
28884
1925.59
10590.3
1766.71
21364.9
1855.85
10120.1
1636.69
30958.6
1800.54
10073.9
1538.21
21389.3
1713.75
10036.1
1495.5
30489.9
1617.48
10008
1430.42
21373.8
1537.12
9948.5
1391.28
30911.7
1551.29
10008.1
1328.48
21402.2
1409.64
10001.1
1232.11
28984.3
1389.39
10491.1
1266.58
21425.5
1316.16
10054.7
1193.23
34147.8
1301.1
10747.5
1148.55
21395.2
1301.11
10115.4
1158.22
30462.1
1256.03
10126.7
1133.29
21368.9
1259.45
10122.3
1130.72
30594.5
1180.51
10162.2
1027.9
21337.9
1128.87
10152.7
997.01
28853.9
1085.59
10605.2
1040.35
21291.2
1114.01
10207.1
952.313
30031.3
1094.47
10315.8
1001.62
21524
1139.97
10380
1121.75
30312.5
1366.84
10429.8
1254.02
21500.7
1437.82
10403.5
1424.14
29978.4
1648.56
10433.4
1522.9
21525.1
1769.05
10447.9
1542.54
29876.5
1894.05
10842.6
1636.23
21413.2
1770.02
10459.9
1483.68
29948.2
1783.93
10491
1494.85
21403.9
1747.39
10500.5
1425.13
30034.5
1715.48
10589.8
1406.09
21387.4
1690.94
10579.1
1409.74
29729.7
1716.78
10704.5
1442.58
23507.7
1769.36
11852.9
1454.2
29068.8
1950.21
11671.3
1624.66
24130.5
1869.58
11261.2
1479.31
31787.7
1878.09
11322.1
1463.36
24266.2
1856.4
11303
1461.22
28925.3
1842.66
11263.8
1435.93
24384
1849.32
11288.3
1451.97
30016.5
1894.64
11948.5
1549.75
23628.3
2092.61
11980.3
1780.53
28876.5
2569.83
11667.4
2270.72
24296.9
2694.5
11290.6
2305.26
31579.9
3111.09
11242.7
2564.01
24304.9
3261.5
11312.7
2650.61
29177.6
3232.08
11406.8
2518.44
25791.2
3048
11594.3
2411.74
31522.9
2925.4
11593.8
2307.6
25756.4
2774.04
11582.7
2178.11
29014.9
2736.86
11961.3
2205.15
24257.7
2353.21
11370.1
1853.34
31544.4
2238.09
11678.7
1740.32
25744.1
2064.53
11696.7
1668.37
29780.7
2005.81
11758.2
1598.01
25781.2
1901.68
11725.1
1521.2
31507.4
1878.69
11814.1
1522.12
25740.1
1905.45
11797.6
1567.29
29851.9
2041.29
12069.9
1720.69
25265.9
1920.07
11598.8
1598.1
31515
1927.54
11737.5
1585.01
25782
1896.24
11703.8
1569.1
30458.8
1892.53
11694.5
1564.84
25746.1
1941.71
11676
1618.05
31493.1
1957.71
11752.5
1601.74
26182.7
1936.01
11662.7
1605
29904.5
2094.77
12073.7
1793.9
25848.2
2044.05
11605.8
1702.57
31916.3
2177.56
11543.3
1882.08
26017
2339.83
13078.6
1964.66
30794.6
2432.86
11644.5
2023.64
27714.7
2478.16
11632.5
2010.37
31862
2497.63
11560.3
1982.18
27333.7
2438.46
11672.2
1970.24
29997.5
2608.57
11966
2128.18
26120
2321.84
12964.9
1940.78
31326.1
2482.87
11591.1
2008.92
28025
2408.85
11454.6
1958.28
30321
2466.72
13115.6
1990.24
27315.3
2411.13
13131
1930.11
29265
2321.1
13225.5
1875.84
27455.6
2269.73
13184.8
1835.67
29254.6
2366.95
13504.3
1974.4
27658.9
2013.17
11165.3
1639.38
29264.3
2123.28
13005.9
1774.06
27448.7
2124.27
12870
1781.5
30293.5
2155.25
12837.3
1766.23
27333.5
2174.56
12734.8
1802.13
29164
2192.13
12579.6
1795.08
27196.5
2201.66
12578.5
1775.31
29356.6
2411.66
11133.2
2094.59
27665.1
2474.82
10982.3
2034.62
29193.8
2303.26
12425.1
1764.02
27233.7
2173.31
12356.1
1780.27
30285.2
2196.47
12376.7
1810.52
27270.6
2234.71
12268.9
1843.86
29132.9
2346.42
12206.3
1960.02
27279.6
2525.18
12090.5
2205.66
26974.9
3169.55
12756.3
2827
27354.4
3483.09
11865.2
2866.61
29258.1
3779.5
12140.4
2950.82
22091.3
2851.09
11563.6
2220.68
28609.4
3010.75
11460.5
2333.71
21951.7
3160.7
11421.8
2430.82
25764.8
3299.91
11366.5
2500.81
21787.5
3423.99
11269
2601.39
27822
4805.04
12202
3773.15
27420.3
4099.06
12113.5
3141.03
29115.4
3811.79
11812.2
2851.67
27204.2
3834.76
12617.9
2822.44
29819.4
3486.65
12351
2586.59
27092.8
3279.82
12065.5
2407.99
28935.8
3092.1
11816.2
2238.38
27036.6
2873.06
11619.6
2050.54
26017.9
3113.28
12868.2
2240.84
26999.7
2569.32
11390.5
1820.74
28851
3078.92
12318.6
2141.1
26923.1
2955.52
12370.9
2057.4
28667.2
2861.24
12276.5
2006.46
26846.2
2781
12234.3
1955.67
28748.3
2721.95
12202.4
1911.11
26590.9
2724.96
12120.7
1925.53
24956.3
2653.03
12355.9
1944.53
25645.5
2311.78
11192.8
1676.98
28867.5
2723.02
12242.3
1966.7
26693.4
2742.33
12314.4
1988.11
28501.6
2748.85
12496.9
2015.99
26633.1
2761.48
12455
2047.37
28722
2785.37
12339.9
2068.48
25293.8
2259.06
11238
1686.81
26682.7
2594.24
12309.7
2007.14
26326.5
2327.5
11166
1785.86
28582.5
2400.51
11160.6
1862.5
26111.3
2521.13
11272.1
1960.74
30009.2
2605.05
11447.3
2062.26
25906.7
2720.39
11486.3
2179.04
28370.4
2882.06
11550.4
2231.12
25461.9
2867.32
11673
2209.26
26298.7
2906
11861.9
2295.64
25425
2624.74
10952.8
2128.36
27368.8
2908.33
11802.8
2206.58
25179.1
2746.49
11744.2
2102.69
27531.5
2652.56
11749.6
2089.08
25100.3
2679.32
11782.2
2139.48
28007.8
2756.37
11624.5
2234.85
24815.5
2872.28
11614.6
2317.37
29262.5
3123.59
11805.4
2517.47
24980
2876.51
10943.5
2218.55
28084.3
2918.03
11560.6
2251.54
24993.5
2866.67
11571.5
2166.38
30048.7
2689.51
11414.6
2029.15
25249.8
2512.16
11095.4
1866.73
28233
2336.07
10988.6
1753.93
25030.4
2204.67
10949.3
1656.47
29353.5
2315.79
9484.95
1867.16
24769.9
2198.37
11010.3
1714.2
27907.9
2244.24
10969.7
1768.3
24546.5
2413.37
10934.5
1909.62
29938.1
2618.69
10949.4
2057.05
24466
2803.72
10941.4
2252.71
27623.1
3056.12
10986.8
2476.38
24309.6
3288.44
10901.7
2575.61
27361.9
3772.32
9377.32
3010.13
24185.1
3580.42
11064.8
2797.44
27546.1
3533.12
11005.7
2689.78
24091.6
3425.2
11018.2
2580.18
29918.3
3331.91
11046.6
2533.07
24101.3
3264.76
11078
2470.08
27510
3142.67
10995.3
2365.55
24038.6
3006.96
11143.3
2286.99
29176.9
3055.47
9408.81
2182.89
23970
2726.39
11159.2
2023.37
27513.6
2605.1
11170.4
1918.89
23996.7
2389.85
11198.8
1761.93
29811.9
2247.88
11239
1655.74
23991.7
2139.37
11249.6
1605.38
27502.2
2133.11
11299
1594.44
23989.3
2115.31
11348.7
1579.44
29212.7
2383.05
12404.1
1847.02
24030.8
2145.97
11380.4
1606.21
27539.6
2148.97
11385.2
1588.18
23926.2
2113.5
11298.7
1565.74
29768.2
2137.5
11304.1
1590.95
24052.2
2185.88
11320.7
1645.61
28346.2
2563.4
12763.7
1896.09
23984.9
2360.94
11407
1792.28
29196.2
2740.34
12476
2139.63
24049.8
2479.07
11395.7
1887.07
29382.3
2604.78
12859.6
1941.21
23986.5
2584.74
11539.4
1964.94
29814.6
2658.68
11590.5
2008.22
24050
2662.34
11639.8
2019.62
27445.8
2677.08
11656.7
2028.57
24103.3
2685.2
11737.5
2015.03
29245.9
3028.7
12762.4
2332.24
24132.5
2633.05
13294.6
1895.49
27477.8
2628.16
11888
1952.22
23974.9
2622.43
11929.3
1961.3
29860.9
2635.43
11922.5
1998.92
24590.5
2887.09
13563.6
2116.49
28353.1
2912.13
14203.2
2139.51
27490.7
2929.2
14294.9
2167.17
24011.4
2940.87
13094.1
2234.76
24033.5
2562.62
11978.7
1922.23
29558.3
3067.47
13559.9
2264.13
24267.2
3205.05
13672.8
2371.13
28812.6
3301.46
13629.3
2418.24
24306.7
3437.79
13661.4
2547.68
27432
2802.69
12083.8
2100.43
24357.3
3713.76
13651.2
2697.34
25736.8
3297.79
13319.5
2462.4
23859.4
2866.81
12145.7
2108.45
29150.1
3661.55
13684.5
2665.68
25831
3681.57
13665.3
2719.83
28570.5
3865.93
13757.4
2851.67
23775.3
2941.64
12196.7
2189.58
27253.4
3001.47
12215.2
2252.17
23708.3
3049.02
12199.9
2267.62
27066.7
3523.04
13400.8
2643
23569.9
3195.51
12301.1
2429.89
27229.8
3276.59
12261.3
2445.27
23450.1
3244.2
12343.9
2434.43
29729.6
3345.61
12415.9
2507.61
23415.1
3366.31
10919.5
2476
27070.4
3314.85
12173.8
2437.41
23626.2
3236.32
12192.7
2417.59
29048.4
3619.08
13375.4
2786.78
23566.2
3229.44
12240.3
2470.68
27075.7
3363.87
12333.5
2533.82
23500.4
3348.12
12318.3
2528.8
29942.4
3396.98
12369.3
2555.39
23493.6
3347.16
12406.3
2480.86
26977
3295.71
12471.6
2422.22
23478
3165.96
12483.4
2341.86
28450.1
3520.76
13703.3
2660.3
23487.7
3004.15
12543.8
2243.54
26997
3012.08
12621.7
2255.52
23478.5
3014.27
12631.8
2247.06
29939
3039.43
12674.1
2290.23
23436.4
3131.87
12780.8
2398.19
26291.8
3250.02
12786.7
2458.07
23366.3
3306.46
12773.2
2525.81
26776.9
3810.94
13972
2939.39
23117
3432.35
12779.2
2617.47
25204.9
3566.37
12812.2
2780.65
22932.3
3802.11
12853.3
2953.24
27734.1
3971.21
12904.7
3051.71
22239.3
4091.14
12905.3
3108.25
24395.7
4108.9
12867.1
3079.4
22255.2
4135.01
12966.5
3090.23
25334
4645.78
14215.7
3524.1
22946.8
4141.72
13130.9
3097.9
24461.1
4145.94
13143
3109.25
22263.3
4175.72
13137.1
3183.64
27113.3
4226.32
13241.6
3147.33
22703.8
4066.59
13216.7
3002.25
26610.9
3932.29
13212.5
2949.68
22663.2
3883.66
13294.5
2927.12
28752.3
4217.6
13490.3
3055.74
22279.2
3783.11
13412.7
2832.29
27014.4
3778.83
13480.5
2846.28
22211.1
3811.29
13566.6
2865.11
30453.1
3811
13746.1
2867.64
22126.6
3842.19
13812.3
2929.84
26837.3
3951.55
13919.4
3023.11
22011.2
4070.57
13980.1
3131.27
28364
4203.02
13821.6
3164.27
21868.6
4391.76
13910.1
3353.28
26624.8
4470.14
13969.5
3383.61
21171.7
4564.41
14103.9
3508.11
29220.9
4622.43
14078.8
3498.65
21600.3
4369.69
13337.6
3311.41
26295.1
4346.05
13365.8
3300.52
21477.6
4262.18
13383.1
3225.02
29081.1
3945.05
13771.2
2806.02
24708.2
3528.7
13253.1
2459.84
26570.8
3970.86
13269.6
2989.81
21740.3
3880.14
13163.1
2943.93
27887.5
3479.36
13912.1
2435.59
24840.7
3532.86
13991.9
2461.88
26803.2
3469.23
14190.6
2411.05
24912.7
3402.23
13596.6
2409.33
25293.9
3786.19
13951.5
2743.31
24688
3470.91
13643.3
2367.64
26755
3390.38
14004
2353.43
24504.1
3387.34
14206.2
2316.11
27832.9
3360.34
14184.5
2317.73
24504.8
3462.09
14335.1
2448.47
26659.7
3611.06
14546
2507.13
24343.1
3748.52
14515.7
2559.75
25639.5
3754.54
12703.6
2687.58
25932.4
3620.01
13025.2
2474.17
26681.9
3657.86
13662.8
2505.74
25924.6
4063.11
14276
2935.75
27096.4
3756.6
13392.4
2607.1
25798.4
3790.44
13559.6
2629.4
26784.7
3859
13693.2
2679.46
25493.9
3927.43
13854.3
2727.64
25746.8
4022.92
12907
2872.73
25329.1
4243.07
14339.6
2966.69
26908
4294.67
14695.4
3037.86
25004.4
4500.7
14932.2
3189.44
27802.6
4763.28
15144.4
3398.72
24625.5
4827.96
14462.3
3482.25
26812.2
5096.32
14870.5
3724.21
24249.3
5241.55
15154.9
3828.96
24703.7
4321.45
13318.5
2998.7
24209.9
4557.57
12669.3
3365.75
28524.4
4708.03
12974.9
3477.7
23975.6
4777.81
13091.9
3550.19
27736.5
4781.32
13199.3
3552.86
23695.2
4786.16
13190.7
3618.34
28412.5
4940.76
13288.7
3566.7
23562.5
5017.96
13220
3459.49
24442
3954.43
13212.1
2744.48
24688.7
3713
13118.6
2530.14
25664.6
3699.49
13023.6
2514.37
24682.3
3660.47
13002.4
2481.19
27658.8
3669.8
13018.7
2518.48
24697.8
3665.44
12967.8
2477.42
25742.1
3668.34
12928.2
2471.87
24650.1
3615.78
12841.1
2424.92
25549
3947.51
13372.4
2714.63
25173.4
3616.05
11776.2
2467.63
25917.6
3590.83
13254.3
2490.21
24982.1
3660.36
13084.6
2498.59
27834.3
3722.83
13317.7
2558.79
25100.8
3742.63
13276
2586.03
27863.4
3680.78
12624.7
2585.97
25334.5
3798.05
12803.8
2654.15
26381.5
4426.22
13607.6
3165.75
26026.6
3875.93
12421.4
2773.63
28318.9
4028.81
12581.8
2925.63
25700.5
4210.49
12706
3045.93
27712.3
4443.7
12988.6
3288.68
25351.2
4730.22
13120.8
3433.63
27459.4
4885
13263.7
3598.03
25040.8
4958.77
13094.5
3817.65
25525.9
5354.23
12354
4049.27
24971.8
4823.8
11381.3
3591.68
28803.3
5224.35
13716.6
3839.62
24659
5175.81
11799.9
3687.18
27681.5
5249.62
11940.2
3525.36
24402.5
5065.76
12107.8
3386.76
28749.4
4896.18
12275.6
3266.82
24225.1
4785.58
12511.9
3134.83
25102.7
3979.61
13408.2
2703.9
24040.6
4582.26
12804.1
3032.51
27842.7
4531.02
12953.9
2999.61
21877.4
4569.63
13055.3
3014.36
28592.7
4578.58
13575.4
3022.48
24063.2
4645.33
13678.9
3093.17
28120.4
4701.88
13708.7
3096.52
23972.6
4640.95
13766.9
3100.83
25886.2
5730.46
14780.3
3794.5
24035.1
4778.58
13850.4
3170.01
28075.3
4730.26
13950.2
3167.71
23973
4880.88
13997.1
3256.96
28679.8
4909.66
14128.3
3224.26
23963.3
4961.83
14130.5
3300.46
27746.8
5013.47
14258.1
3301.21
23769.2
4995.96
14158.6
3313.28
25978.8
6134.98
15101.5
4064.21
23875.7
5163.07
14049.8
3429.75
27861
5120.85
13989.8
3384.68
23984.1
5242.3
13878.4
3503.47
29679.9
5465.8
13836.5
3689.31
24081.6
5788.16
13712.6
3878.8
28007.1
6185.35
13617.7
4191.8
24312.5
5752.26
15326.3
4371.29
26828.1
6747.47
16593.8
5170.92
24565.7
6117.07
15114.3
4660.14
28239.2
6260.29
14804.1
4711.79
24779.9
6308.83
15117.5
4717.57
29702
6047.67
14755.5
4512.1
24839.5
5923.58
15195.3
4467.89
27665.5
5827.34
14884.4
4282.09
24328.3
5816.62
14633.7
4168.68
25837.6
6873.32
16439.9
4861.55
23034.5
5798.02
14860.9
4078.67
27988
5671.43
14854.5
3950.72
23076.7
5528.37
14432.7
3836.8
27101.9
6003.05
14567.6
4096.96
23096.5
5378.8
14377.8
3676.64
27240.3
5826.4
14538.9
3962.44
24398.6
5747.09
14599
3851.59
24199.1
6491.07
14529.2
4325.88
24457.3
5129.4
14613.1
3447.6
27235.3
5099.11
14676
3421.92
22449
5129.03
14769.8
3388.29
26760.7
4937.36
12829.2
3293.37
21469.6
4897.44
13184.4
3220.73
25652.5
4748.7
13105.2
3127.5
20720.3
4795.19
14630.1
3175.79
26215.7
4598.02
14348.7
3044.52
21039.8
4262.41
13964.7
2853.49
25890.5
4341.95
12888.5
2883.98
21718.9
4439.38
12673.8
2879.58
26868.5
4343.71
12640.5
2836.44
21751.4
4332.94
12509
2795.79
25871.2
4232.49
12400.7
2751.57
21863.2
4171.12
12270.9
2763.1
24237.2
4758.54
13244.9
3058.17
22220.3
4053.67
12762.9
2703.37
25759.6
4354
12663.6
2856.42
21710.9
4399.02
12559.6
3009.61
26967.8
4336.74
12480.7
3087.84
22234.8
4253.33
12327.3
3115.03
25746.7
4185.14
12186.5
3053.22
22038.6
4094.36
12093.7
2951.65
24156.8
4626.22
13178.2
3152.33
21901.7
4502.1
12917.6
3241.28
25525.1
4458.74
13003.5
3238.99
21815.6
4466.9
12607.2
3255.16
27340.4
4428.62
12755.3
3178.91
20258.4
4313.8
12682.5
3051.6
25739.2
4153.61
12971.3
2899.34
21541
4465.19
10712.2
3194.54
25925
5072.53
11783.2
3658.94
24037.2
3776.54
10839.6
2618.42
25820
4123.6
10194.3
5646.02
24062
3702.52
10789.4
5750.97
30062.7
3848.71
10083.5
5701.22
21318.2
3611.98
9985.37
5677.22
25587.8
3331.85
9752.55
3972.96
21962
4000.1
10724.1
4636.03
24066.8
3601.33
11678.8
2862.28
21459.7
3519.67
10758.2
4195.62
25446.2
3281.62
10146.6
4379.55
22036
3165.16
9964.52
4318.38
26983.1
3087.8
9845.15
4215.48
21818.1
3076.98
10039.4
4204.04
25297.3
3132.8
10195.2
4258.84
21826.9
3038.22
10135.9
4110.49
24250.9
3673.63
11677.5
2340.02
19860.8
3166.47
11380.4
3910.25
25361.5
2827.76
9770.26
3777.59
20753.8
2891.25
10403.2
4019.56
26756
2836.99
10329.7
3899.65
21869.4
3664.44
11516.9
4851.25
25320.8
3443.12
11058.5
4157.43
21842.6
3515.4
11249.3
4815.1
27402.1
4009.36
12960.9
2708.87
20777.6
3414.67
11756.4
4151.98
25541.3
3137.19
11198.1
4005.34
20819.1
3137.93
11640.9
4063.2
26444.9
3003.76
10670.2
3941.08
20800.9
3086.7
11574
3863.96
24473.4
3029.88
11330.1
3929.36
20927.7
3076.62
11114.8
4147.13
24063.8
3802.75
12615.5
2535.28
19901.2
3588.31
11110.5
4477.86
24625.8
3495.21
11187.9
4564.5
21091.4
3579.14
11292.7
4682.24
27918
3607.97
11282.7
4760.02
21195.1
3704.13
11471.2
4919.39
24700.6
3685.23
11363.1
4723.35
21189.3
3639
11364.5
4688.76
24198
4445.33
12698.5
2892.92
19960.9
3821.8
11607.6
4738.93
24787.3
3674.26
11107.8
4692.89
21347.8
3603.9
11000.7
4579.44
26783
3716.94
11829.7
4538.61
20071.7
3693.95
11843.7
4496.15
23883.1
3654.31
11662.3
4442.37
20111.6
3617.32
11600.2
5100.55
24382.3
4294.67
13240
2778.76
21548.1
3625.05
10766.3
4938.91
24985.2
4111.35
10774.8
4298.35
20139.7
3316.08
10798.5
4223.27
27056.6
4233.57
10819
4080.19
20688.8
3961.65
10410.8
4193.28
23841.5
3212.37
9813.64
4191.28
20309.9
3248.45
9776.25
4318.99
26787
4074.29
10657.6
2653.41
18505.8
3532.11
10074.8
4397.31
23702.6
3301.47
10059
4351.6
20190
3269.48
10061.2
4376.86
27571.8
3334.32
10109.4
4366.15
20161.3
3315.65
10175
4395
23586.9
3351.68
10315.7
4337.48
19926.1
3298.51
10437.3
4293.04
24678.2
4023.01
11861.2
2598.53
18413.7
3335.27
11219
3998.67
23644.9
3046.89
9742.01
3925.77
20248.7
2929.06
9739.48
3823.57
26564.7
3003.33
9744.41
3748.18
18766.3
2914.88
9731.12
3660.79
22482.6
2803.49
9735.93
3579.24
18813.5
2680.32
9742.28
3489.41
27183.6
3491.17
10829.7
1990.03
18247.5
2635.46
9714.56
3460.69
22696.6
2603.48
9740.96
3381.52
19053.7
2572.61
9770.74
3347.52
26781.4
2561.96
9782.99
3293.53
18775.6
2533.29
9871.57
4514.59
22459.7
2512.16
9870.14
4637.83
18733.9
2457.84
9678.08
4467.91
26320.2
