1.01833
1.01833
1.06448
1.06441
1.06437
1.06432
1.06427
1.06423
1.06422
1.06419
1.06418
1.06414
1.06409
1.06402
1.06396
1.0639
1.0639
1.06391
1.0639
1.064
1.06409
1.06416
1.06419
1.06419
1.06413
1.06412
1.06405
1.064
1.06394
1.06383
1.0638
1.06374
1.06321
1.06299
1.06276
1.06252
1.06222
1.06205
1.06187
1.06179
1.06161
1.06151
1.06127
1.06113
1.06098
1.06084
1.06012
1.05978
1.05957
1.05933
1.05902
1.05868
1.05829
1.058
1.05811
1.05837
1.05846
1.05862
1.05872
1.05877
1.05896
1.0591
1.05926
1.0595
1.05967
1.08899
1.08873
1.08849
1.08829
1.08794
1.08769
1.06126
1.0852
1.0851
1.08496
1.08486
1.08472
1.0847
1.08462
1.08453
1.08447
1.08435
1.08432
1.08432
1.08432
1.08434
1.08435
1.08435
1.08435
1.08421
1.08424
1.08424
1.08424
1.08402
1.08401
1.08401
1.08401
1.08386
1.08378
1.08378
1.08378
1.08364
1.08363
1.08363
1.08363
1.08332
1.08324
1.08324
1.08324
1.08308
1.08307
1.08307
1.08307
1.08315
1.08314
1.08314
1.08314
1.08314
1.08292
1.08292
1.08292
1.08292
1.08292
1.08292
1.08292
1.08292
1.08294
1.08287
1.08287
1.08287
1.08287
1.08292
1.08293
1.08293
1.08293
1.08284
1.08271
1.08271
1.08271
1.08262
1.08266
1.08266
1.08266
1.0827
1.08271
1.08271
1.08271
1.08268
1.08263
1.08263
1.08263
1.08253
1.0826
1.0826
1.0826
1.08247
1.08241
1.08241
1.08241
1.04575
1.04566
1.04566
1.04566
1.04566
1.04566
1.04566
1.04566
1.04533
1.04531
1.04531
1.04531
1.04531
1.05463
1.05441
1.05441
1.05441
1.05441
1.05441
1.05441
1.05441
1.05354
1.05347
1.05347
1.05347
1.05347
1.05347
1.05347
1.05347
1.05251
1.05234
1.05234
1.05234
1.05234
1.05234
1.05234
1.05234
1.05122
1.05108
1.05108
1.05108
1.05108
1.05108
1.05108
1.05108
1.04995
1.04341
1.04341
1.04341
1.04341
1.04341
1.04341
1.04341
1.04321
1.04317
1.04317
1.04317
1.04317
1.04317
1.04317
1.04317
1.04294
1.04294
1.04294
1.04294
1.04294
1.04294
1.04294
1.04294
1.04267
1.04648
1.04648
1.04648
1.04648
1.04648
1.04648
1.04648
1.04545
1.04525
1.04525
1.04525
1.04525
1.04525
1.04525
1.04525
1.04413
1.043
1.043
1.043
1.043
1.043
1.043
1.043
1.04217
1.04214
1.04214
1.04214
1.04214
1.04214
1.04214
1.04214
1.0424
1.04238
1.04238
1.04238
1.04238
1.04238
1.04238
1.04238
1.04224
1.06674
1.06674
1.06674
1.06674
1.06674
1.06674
1.06674
1.0665
1.06653
1.06653
1.06653
1.06653
1.06653
1.06653
1.06653
1.06615
1.04642
1.04642
1.04642
1.04642
1.04642
1.04642
1.04642
1.04549
1.06572
1.06572
1.06572
1.06572
1.06572
1.06572
1.06572
1.06551
1.06554
1.06554
1.06554
1.06554
1.06554
1.06554
1.06554
1.06509
1.06508
1.06508
1.06508
1.06508
1.06508
1.06508
1.06508
1.06491
1.06485
1.06485
1.06485
1.06485
1.06472
1.06472
1.06472
1.06466
1.06468
1.06468
1.06468
1.06445
1.06445
1.06445
1.06445
1.06423
1.06419
1.06419
1.06419
1.06394
1.06394
1.06394
1.06394
1.06366
1.06355
1.06355
1.06355
1.06346
1.06346
1.06346
1.06346
1.06325
1.06789
1.06789
1.06789
1.06729
1.06729
1.06729
1.06729
1.06654
1.06264
1.06264
1.06264
1.06235
1.06235
1.06235
1.06235
1.06213
1.06881
1.06881
1.06881
1.0682
1.0682
1.0682
1.0682
1.06756
1.06741
1.06741
1.06741
1.06692
1.06692
1.06692
1.06692
1.06625
1.09658
1.09658
1.09658
1.0966
1.0966
1.0966
1.0966
1.09652
1.09643
1.09643
1.09643
1.06395
1.06395
1.06395
1.06395
1.06321
1.06307
1.06307
1.06307
1.06258
1.06258
1.06258
1.06258
1.06182
1.06157
1.06157
1.06157
1.061
1.061
1.061
1.061
1.0603
1.09538
1.09538
1.09538
1.09538
1.09538
1.09538
1.09538
1.09531
1.09523
1.09523
1.09523
1.09505
1.09505
1.09505
1.09505
1.09479
1.0948
1.0948
1.0948
1.09464
1.09464
1.09464
1.09464
1.0945
1.09443
1.09443
1.09443
1.09431
1.09431
1.09431
1.09431
1.09416
1.09401
1.09401
1.09401
1.09389
1.09389
1.09389
1.09389
1.09375
1.0937
1.0937
1.0937
1.09364
1.09364
1.09364
1.09364
1.09332
1.09335
1.09335
1.09335
1.09325
1.09325
1.09325
1.09325
1.09325
1.09325
1.09322
1.09322
1.09322
1.09322
1.09322
1.09322
1.09322
1.09313
1.09313
1.09313
1.09313
1.09313
1.09313
1.09313
1.09313
1.09312
1.09312
1.09312
1.09312
1.09312
1.09312
1.09312
1.09312
1.09305
1.09305
1.09305
1.09305
1.09305
1.09289
1.0929
1.0929
1.0929
1.0929
1.09274
1.09274
1.09274
1.09274
1.09274
1.09274
1.09274
1.09274
1.09257
1.09258
1.09258
1.09258
1.09258
1.09258
1.09258
1.09258
1.09249
1.09249
1.09249
1.09249
1.09249
1.09249
1.09249
1.09249
1.1039
1.09211
1.09211
1.09211
1.09211
1.09211
1.09211
1.09201
1.09201
1.09201
1.09201
1.09201
1.09201
1.09201
1.09201
1.09187
1.09185
1.09185
1.09185
1.09185
1.09185
1.09185
1.09185
1.09428
1.09428
1.09428
1.09428
1.09428
1.09428
1.09428
1.09283
1.09267
1.09267
1.09267
1.09267
1.09267
1.09267
1.09267
1.09177
1.09177
1.09177
1.09177
1.09177
1.09177
1.09177
1.09177
1.09638
1.10179
1.10179
1.10179
1.10179
1.10179
1.10179
1.10179
1.10131
1.10131
1.10131
1.10131
1.10131
1.10131
1.10131
1.10099
1.10091
1.10091
1.10091
1.10091
1.10091
1.10091
1.10061
1.10061
1.10061
1.10061
1.10061
1.10061
1.10061
1.10061
1.10023
1.10022
1.10022
1.10022
1.10022
1.10022
1.10022
1.10022
1.10833
1.10833
1.10833
1.10833
1.10833
1.10833
1.10833
1.10833
1.10716
1.10705
1.10705
1.10705
1.10705
1.10705
1.10705
1.10705
1.12048
1.12048
1.12048
1.12048
1.12048
1.12048
1.12048
1.12048
1.11917
1.11895
1.11895
1.11895
1.11895
1.11895
1.11895
1.11895
1.10309
1.10309
1.10309
1.10309
1.10309
1.10309
1.10309
1.10309
1.12479
1.10152
1.10152
1.10152
1.10152
1.10152
1.10152
1.10152
1.1371
1.1371
1.1371
1.1371
1.1371
1.1371
1.1371
1.1371
1.12218
1.13544
1.13544
1.13544
1.13544
1.13544
1.13544
1.13544
1.12534
1.12534
1.12534
1.12534
1.12534
1.12534
1.12534
1.12534
1.1195
1.13285
1.13285
1.13285
1.13285
1.13285
1.13285
1.13285
1.15524
1.15524
1.15524
1.15524
1.15524
1.15524
1.15524
1.15524
1.14024
1.14001
1.14001
1.14001
1.14001
1.14001
1.14001
1.14001
1.14255
1.14255
1.14255
1.14255
1.14255
1.14255
1.14255
1.14255
1.13265
1.14091
1.14091
1.14091
1.14091
1.14091
1.14091
1.14091
1.13113
1.13113
1.13113
1.13113
1.13113
1.13113
1.13113
1.13113
1.12965
1.12946
1.12946
1.12946
1.12946
1.12946
1.12946
1.12946
1.15878
1.15878
1.15878
1.15878
1.15878
1.15878
1.15758
1.15758
1.15717
1.15695
1.15695
1.15695
1.15695
1.15695
1.1399
1.1399
1.16528
1.16528
1.16528
1.16528
1.16528
1.16528
1.15411
1.15411
1.1377
1.13745
1.13745
1.13745
1.13745
1.13745
1.17767
1.17767
1.15189
1.15189
1.15189
1.15189
1.15189
1.15189
1.15027
1.15027
1.17548
1.17528
1.17528
1.17528
1.17448
1.17448
1.17448
1.17448
1.1736
1.1736
1.1736
1.1736
1.14725
1.14725
1.14725
1.14725
1.17924
1.17899
1.17899
1.17899
1.17825
1.17825
1.17825
1.17825
1.16646
1.16646
1.16646
1.16646
1.16566
1.16566
1.16566
1.16566
1.16489
1.16467
1.16467
1.16467
1.16405
1.16405
1.16405
1.16405
1.16331
1.16331
1.16331
1.16331
1.15592
1.15592
1.15592
1.15592
1.15507
1.17507
1.17507
1.17507
1.18413
1.18413
1.18413
1.18413
1.18325
1.18325
1.18325
1.18325
1.18245
1.18245
1.18245
1.18245
1.1815
1.18127
1.18127
1.18127
1.18059
1.18059
1.18059
1.18059
1.17983
1.17983
1.17983
1.17983
1.17896
1.17896
1.17896
1.17896
1.18253
1.18227
1.18227
1.18227
1.17712
1.17712
1.17712
1.17712
1.18939
1.18939
1.18939
1.18939
1.18839
1.18839
1.18839
1.18839
1.18751
1.18724
1.18724
1.18724
1.20759
1.20759
1.20759
1.20759
1.2067
1.2067
1.2067
1.2067
1.20586
1.20586
1.20586
1.20586
1.20495
1.20475
1.20475
1.20475
1.20394
1.20394
1.20394
1.20394
1.20724
1.20724
1.20724
1.20724
1.21601
1.21601
1.21601
1.21601
1.22109
1.21489
1.21489
1.21489
1.22011
1.22011
1.22011
1.22011
1.22746
1.22746
1.22746
1.22746
1.22639
1.22639
1.22639
1.22639
1.2307
1.21723
1.21723
1.21723
1.22472
1.22472
1.22472
1.22472
1.22888
1.22888
1.22888
1.22888
1.19488
1.19488
1.19488
1.19488
1.19405
1.22686
1.22686
1.22686
1.19324
1.19324
1.19324
1.19324
1.19241
1.19241
1.19241
1.19241
1.20376
1.20376
1.20376
1.20376
1.20354
1.2236
1.2236
1.2236
1.20338
1.20338
1.20338
1.20338
1.20312
1.20312
1.20312
1.20312
1.20272
1.20272
1.20272
1.20272
1.23344
1.20254
1.20254
1.20254
1.20229
1.20229
1.20229
1.20229
1.23175
1.23175
1.23175
1.23175
1.23073
1.23073
1.23073
1.23073
1.22968
1.22934
1.22934
1.22934
1.2287
1.2287
1.2287
1.2287
1.2277
1.2277
1.2277
1.2277
1.22676
1.22676
1.22676
1.22676
1.22572
1.22536
1.22536
1.22536
1.22441
1.22441
1.22441
1.22441
1.22308
1.22308
1.22308
1.22308
1.22202
1.22202
1.22202
1.22202
1.2211
1.22073
1.22073
1.22073
1.21985
1.21985
1.21985
1.21985
1.2188
1.2188
1.2188
1.2188
1.21941
1.21941
1.21941
1.21941
1.22367
1.21617
1.21617
1.21617
1.2195
1.2195
1.2195
1.2195
1.23578
1.23578
1.23578
1.23578
1.23579
1.23579
1.23579
1.23579
1.23581
1.21948
1.21948
1.21948
1.23592
1.23592
1.23592
1.23592
1.2141
1.2141
1.2141
1.2141
1.21416
1.21416
1.21416
1.21416
1.21432
1.21429
1.21429
1.21429
1.21449
1.21449
1.21449
1.21449
1.26428
1.26428
1.26428
1.26428
1.26428
1.26418
1.26418
1.26418
1.26418
1.26415
1.2149
1.2149
1.2149
1.2149
1.2149
1.2149
1.2149
1.26443
1.26443
1.26443
1.26443
1.26443
1.26443
1.26443
1.26443
1.26423
1.26423
1.26423
1.26423
1.264
1.264
1.264
1.264
1.26363
1.26358
1.26358
1.26358
1.26349
1.26349
1.26349
1.26349
1.2683
1.2683
1.2683
1.2683
1.2793
1.2793
1.2793
1.2793
1.28403
1.26338
1.26338
1.26338
1.27248
1.27248
1.27248
1.27248
1.20654
1.20654
1.20654
1.20654
1.20596
1.20596
1.20596
1.20596
1.20506
1.27958
1.27958
1.27958
1.20414
1.20414
1.20414
1.20414
1.20336
1.20336
1.20336
1.20336
1.26371
1.26371
1.26371
1.26371
1.20182
1.20166
1.20166
1.20166
1.26392
1.26392
1.26392
1.26392
1.20022
1.20022
1.20022
1.20022
1.23215
1.23215
1.23215
1.23215
1.23196
1.26366
1.26366
1.26366
1.23169
1.23169
1.23169
1.23169
1.21763
1.21763
1.21763
1.21763
1.21745
1.21745
1.21745
1.21745
1.21752
1.26208
1.26208
1.26208
1.26208
1.26208
1.26208
1.26208
1.21751
1.21751
1.21751
1.21751
1.26363
1.26363
1.26363
1.26363
1.26377
1.26377
1.26377
1.26377
1.26389
1.2366
1.2366
1.2366
1.26381
1.26381
1.26381
1.26381
1.27213
1.27213
1.27213
1.27213
1.27213
1.27213
1.27949
1.27949
1.27949
1.27949
1.27949
1.27949
1.27949
1.27949
1.23383
1.23375
1.23375
1.23375
1.23375
1.23375
1.23375
1.23375
1.23288
1.23288
1.23288
1.23288
1.23288
1.23288
1.23288
1.23288
1.26319
1.26319
1.26319
1.26319
1.26319
1.26319
1.26319
1.26319
1.2634
1.2634
1.2634
1.2634
1.2634
1.2634
1.2634
1.2634
1.2634
1.2634
1.2634
1.2634
1.2634
1.2634
1.2634
1.2634
1.28867
1.28867
1.28867
1.28867
1.28867
1.28867
1.28867
1.28867
1.22842
1.22842
1.22842
1.22842
1.22842
1.22842
1.22842
1.22842
1.28908
1.28908
1.28908
1.28908
1.28908
1.28908
1.28908
1.28908
1.28919
1.22631
1.22631
1.22631
1.22631
1.22631
1.22631
1.22631
1.2804
1.2804
1.2804
1.2804
1.2804
1.28043
1.28043
1.26293
1.26293
1.26293
1.26293
1.26293
1.28039
1.28039
1.26287
1.26287
1.26287
1.26287
1.26287
1.28063
1.28063
1.26296
1.26299
1.26299
1.26299
1.26299
1.26299
1.27131
1.27131
1.26311
1.26311
1.26311
1.26311
1.26311
1.26311
1.28674
1.28674
1.26325
1.26325
1.26325
1.26325
1.26325
1.26325
1.28998
1.28998
1.26759
1.26759
1.26759
1.26759
1.26759
1.2902
1.27141
1.26331
1.26331
1.27133
1.27133
1.26324
1.26324
1.26324
1.26324
1.27142
1.27142
1.27142
1.27132
1.27132
1.27122
1.27122
1.27116
1.27116
1.27108
1.27108
1.27108
1.27108
1.27094
1.26726
1.26726
1.27101
1.27101
1.27101
1.27101
1.28134
1.28134
1.28134
1.28134
1.28136
1.28136
1.28136
1.28136
1.28149
1.28149
1.28149
1.28149
1.28135
1.28135
1.28135
1.28135
1.28706
1.28706
1.28706
1.28706
1.29056
1.29056
1.29056
1.29056
1.26283
1.28149
1.28149
1.28149
1.21593
1.21593
1.21593
1.21593
1.26309
1.26309
1.26309
1.26309
1.26309
1.26309
1.26309
1.26309
1.26313
1.26313
1.26313
1.26313
1.21589
1.21589
1.21589
1.21589
1.21581
1.21581
1.21581
1.21581
1.21587
1.21587
1.21587
1.21587
1.21585
1.21584
1.21584
1.21584
1.21575
1.21575
1.21575
1.21575
1.21589
1.21589
1.21589
1.21589
1.21622
1.21622
1.21622
1.21631
1.21631
1.29145
1.29145
1.29145
1.29158
1.29158
1.29158
1.29158
1.26317
1.26317
1.26317
1.26317
1.26302
1.26299
1.26299
1.26299
1.26311
1.26311
1.26311
1.26311
1.26308
1.26308
1.26308
1.26308
1.26298
1.26298
1.26296
1.26296
1.26296
1.26296
1.26292
1.26292
1.26294
1.26294
1.26299
1.263
1.26311
1.26311
1.30945
1.30945
1.26321
1.26321
1.30955
1.30955
1.30955
1.30955
1.2631
1.2631
1.2631
1.2631
1.26328
1.26328
1.26328
1.26328
1.26333
1.26333
1.26333
1.26333
1.26327
1.26329
1.26329
1.26329
1.2635
1.2635
1.2635
1.2635
1.3104
1.3104
1.3104
1.3104
1.27158
1.27158
1.27158
1.27158
1.26349
1.26349
1.26349
1.26349
1.28397
1.28397
1.28397
1.28397
1.28406
1.28406
1.28406
1.28406
1.28414
1.28414
1.28414
1.28414
1.31095
1.26358
1.26358
1.26358
1.31099
1.31099
1.31099
1.31099
1.31124
1.31124
1.31124
1.31124
1.31145
1.31145
1.31145
1.31145
1.31161
1.31161
1.31161
1.31161
1.31178
1.31178
1.31178
1.31178
1.31194
1.31194
1.31194
1.31194
1.31208
1.31208
1.31208
1.31208
1.31227
1.31235
1.31235
1.31235
1.31239
1.31239
1.31239
1.31239
1.31392
1.31392
1.31392
1.31392
1.313
1.313
1.313
1.313
1.3127
1.3127
1.3127
1.3127
1.31278
1.31278
1.31278
1.31278
1.31286
1.31286
1.31286
1.31286
1.31306
1.31306
1.31306
1.31306
1.31323
1.31335
1.31335
1.31335
1.31345
1.31345
1.31345
1.31345
1.27163
1.27163
1.27163
1.27163
1.34514
1.34514
1.34514
1.34514
1.34453
1.34453
1.34453
1.34453
1.34393
1.34393
1.34393
1.34393
1.34338
1.34338
1.34338
1.34338
1.34273
1.34273
1.34273
1.34273
1.34208
1.34177
1.34177
1.34177
1.34126
1.34126
1.34126
1.34126
1.34051
1.34051
1.34051
1.34051
1.33979
1.33979
1.33979
1.33979
1.33913
1.33913
1.33913
1.33913
1.33861
1.33861
1.33861
1.33861
1.33787
1.33787
1.33787
1.33787
1.33718
1.33718
1.33718
1.33718
1.29097
1.3363
1.3363
1.3363
1.33578
1.33578
1.33578
1.33578
1.36734
1.36734
1.36734
1.36734
1.36667
1.36667
1.36667
1.36667
1.36602
1.36602
1.36602
1.36602
1.36549
1.36549
1.36549
1.36549
1.3647
1.3647
1.3647
1.3647
1.32235
1.32235
1.32235
1.32235
1.33839
1.29101
1.29101
1.29101
1.3216
1.3216
1.3216
1.3216
1.35655
1.35655
1.35655
1.35655
1.37218
1.37218
1.37218
1.37218
1.37173
1.37173
1.37173
1.37173
1.39028
1.39028
1.39028
1.39028
1.37981
1.37981
1.37981
1.37981
1.37931
1.37931
1.37931
1.37931
1.36312
1.29912
1.29912
1.29912
1.34396
1.34396
1.34396
1.34396
1.36213
1.36213
1.36213
1.36213
1.3616
1.3616
1.3616
1.3616
1.36116
1.36116
1.36116
1.36116
1.36066
1.36066
1.36066
1.36066
1.36012
1.36012
1.36012
1.36012
1.3596
1.3596
1.3596
1.3596
1.35903
1.29736
1.29736
1.29736
1.29722
1.29722
1.29722
1.29722
1.3427
1.3427
1.3427
1.3427
1.34215
1.34215
1.34215
1.34215
1.3252
1.3252
1.3252
1.3252
1.32443
1.32443
1.32443
1.32443
1.32389
1.32389
1.32389
1.32389
1.32355
1.32355
1.32355
1.32355
1.31401
1.29744
1.29744
1.29744
1.29244
1.29244
1.29244
1.29244
1.31309
1.31309
1.31309
1.31309
1.29766
1.29766
1.29766
1.29766
1.29774
1.29774
1.29774
1.29774
1.29782
1.29782
1.29782
1.29782
1.29785
1.29785
1.29785
1.29785
1.298
1.298
1.298
1.298
1.29801
1.29314
1.29314
1.29314
1.29783
1.29783
1.29783
1.29783
1.29305
1.29305
1.29305
1.29305
1.32085
1.32085
1.32085
1.32085
1.30048
1.30048
1.30048
1.30048
1.30002
1.30002
1.30002
1.30002
1.29291
1.29291
1.29291
1.29291
1.29841
1.29841
1.29841
1.29841
1.29785
1.28716
1.28716
1.28716
1.32253
1.32253
1.32253
1.32253
1.29786
1.29786
1.29786
1.29786
1.29786
1.29786
1.29786
1.29786
1.32365
1.32365
1.32365
1.32365
1.32411
1.32411
1.32411
1.32411
1.32449
1.32449
1.32449
1.32449
1.32484
1.32484
1.32484
1.32484
1.325
1.32519
1.32519
1.32519
1.49461
1.49461
1.49461
1.49461
1.326
1.326
1.326
1.326
1.32613
1.32613
1.32613
1.32613
1.32635
1.32635
1.32635
1.32635
1.33395
1.33395
1.33395
1.33395
1.33361
1.33361
1.33361
1.33361
1.3334
1.3334
1.3334
1.3334
1.32758
1.31761
1.31761
1.31761
1.59248
1.59248
1.59248
1.59248
1.32829
1.32829
1.32829
1.32829
1.32845
1.32845
1.32845
1.32845
1.3287
1.3287
1.3287
1.3287
1.32884
1.32884
1.32884
1.32884
1.32923
1.32923
1.32923
1.32923
1.32931
1.32931
1.32931
1.32931
1.59733
1.32933
1.32933
1.32933
1.32919
1.32919
1.32919
1.32919
1.61932
1.61932
1.61932
1.61932
1.38988
1.38988
1.38988
1.38988
1.39088
1.39088
1.39088
1.39088
1.39194
1.39194
1.39194
1.39194
1.42498
1.42498
1.42498
1.42498
1.45125
1.45125
1.45125
1.45125
1.46442
1.59413
1.59413
1.59413
1.63451
1.63451
1.63451
1.63451
1.6339
1.6339
1.6339
1.6339
1.63335
1.63335
1.63335
1.63335
1.63287
1.63287
1.63287
1.63287
1.63226
1.63226
1.63226
1.63226
1.71474
1.71474
1.71474
1.71474
1.66335
1.66335
1.66335
1.66335
1.66288
1.63066
1.63066
1.63066
1.66238
1.66238
1.66238
1.66238
1.70229
1.70229
1.70229
1.70229
1.70196
1.70196
1.70196
1.70196
1.72182
1.72182
1.72182
1.72182
1.72147
1.72147
1.72147
1.72147
1.72115
1.72115
1.72115
1.72115
1.74313
1.74313
1.74313
1.74313
1.74271
1.3353
1.3353
1.3353
1.58636
1.58636
1.58636
1.58636
1.74165
1.74165
1.74165
1.74165
1.75429
1.75429
1.75429
1.75429
1.75365
1.75365
1.75365
1.75365
1.75333
1.75333
1.75333
1.75333
1.75287
1.75287
1.75287
1.75287
1.62431
1.62431
1.62431
1.62431
1.62386
1.33683
1.33683
1.33683
1.62325
1.62325
1.62325
1.62325
1.64584
1.64584
1.64584
1.64584
1.62222
1.62222
1.62222
1.62222
1.6217
1.6217
1.6217
1.6217
1.6212
1.6212
1.6212
1.6212
1.65324
1.65324
1.65324
1.65324
1.65292
1.65292
1.65292
1.65292
1.65237
1.3412
1.3412
1.3412
1.34157
1.34157
1.34157
1.34157
1.81213
1.81213
1.81213
1.81213
1.81152
1.81152
1.81152
1.81152
1.81106
1.81106
1.81106
1.81106
1.81034
1.81034
1.81034
1.81034
1.34254
1.34254
1.34254
1.34254
1.34269
1.34269
1.34269
1.34269
1.34314
1.34328
1.34328
1.34328
1.34357
1.34357
1.34357
1.34357
1.36659
1.36659
1.36659
1.36659
1.36567
1.36567
1.36567
1.36567
1.36514
1.36514
1.36514
1.36514
1.36434
1.36434
1.36434
1.36434
1.39683
1.39683
1.39683
1.39683
1.39625
1.39625
1.39625
1.39625
1.3954
1.39517
1.39517
1.39517
1.39472
1.39472
1.39472
1.39472
1.35287
1.35287
1.35287
1.35287
1.35255
1.35255
1.35255
1.35255
1.35192
1.35192
1.35192
1.35192
1.61003
1.61003
1.61003
1.61003
1.35118
1.35118
1.35118
1.35118
1.60909
1.60909
1.60909
1.60909
1.60847
1.39074
1.39074
1.39074
1.35059
1.35059
1.35059
1.35059
1.60738
1.60738
1.60738
1.60738
1.35034
1.35034
1.35034
1.35034
1.35008
1.35008
1.35008
1.35008
1.35004
1.35004
1.35004
1.35004
1.35014
1.35014
1.35014
1.35014
1.35014
1.35014
1.35014
1.35014
1.35046
1.35011
1.35011
1.35011
1.35066
1.35066
1.35066
1.35066
1.35085
1.35085
1.35085
1.35085
1.35093
1.35093
1.35093
1.35093
1.35151
1.35151
1.35151
1.35151
1.35099
1.35099
1.35099
1.35099
1.3513
1.3513
1.3513
1.3513
1.35161
1.35161
1.35161
1.35161
1.35159
1.35154
1.35154
1.35154
1.35145
1.35145
1.35145
1.35145
1.38107
1.38107
1.38107
1.38107
1.38039
1.38039
1.38039
1.38039
1.3798
1.3798
1.3798
1.3798
1.37923
1.37923
1.37923
1.37923
1.7556
1.7556
1.7556
1.7556
1.37801
1.37801
1.37801
1.37801
1.3773
1.37719
1.37719
1.37719
1.59673
1.59673
1.59673
1.59673
1.76534
1.76534
1.76534
1.76534
1.44193
1.44193
1.44193
1.44193
1.44158
1.44158
1.44158
1.44158
1.44123
1.44123
1.44123
1.44123
1.44084
1.44084
1.44084
1.44084
1.44041
1.44041
1.44041
1.44041
1.44013
1.59284
1.59284
1.59284
1.74059
1.74059
1.74059
1.74059
1.43958
1.43958
1.43958
1.43958
1.43896
1.43896
1.43896
1.43896
1.43855
1.43855
1.43855
1.43855
1.75371
1.75371
1.75371
1.75371
1.77434
1.77434
1.77434
1.77434
1.77462
1.77462
1.77462
1.77462
1.87142
1.58894
1.58894
1.58894
1.56399
1.56399
1.56399
1.56399
1.74373
1.74373
1.74373
1.74373
1.7431
1.7431
1.7431
1.7431
1.74941
1.74941
1.74941
1.74941
1.74879
1.74879
1.74879
1.74879
1.43526
1.43526
1.43526
1.43526
1.74754
1.74754
1.74754
1.74754
1.74693
1.42138
1.42138
1.42138
1.42091
1.42091
1.42091
1.42091
1.75664
1.75664
1.75664
1.75664
1.75586
1.75586
1.75586
1.75586
1.76112
1.76112
1.76112
1.76112
1.45451
1.45451
1.45451
1.45451
1.45385
1.45385
1.45385
1.45385
1.44444
1.44444
1.44444
1.44444
1.65019
1.41657
1.41657
1.41657
1.44346
1.44346
1.44346
1.44346
1.64906
1.64906
1.64906
1.64906
1.6483
1.6483
1.6483
1.6483
1.45455
1.45455
1.45455
1.45455
1.45415
1.45415
1.45415
1.45415
1.44667
1.44667
1.44667
1.44667
1.45251
1.45251
1.45251
1.45251
1.4594
1.41212
1.41212
1.41212
1.44029
1.44029
1.44029
1.44029
1.49423
1.49423
1.49423
1.49423
1.49361
1.49361
1.49361
1.49361
1.50553
1.50553
1.50553
1.50553
1.50484
1.50484
1.50484
1.50484
1.50419
1.50419
1.50419
1.50419
1.50363
1.50363
1.50363
1.50363
1.50288
1.43653
1.43653
1.43653
1.49036
1.49036
1.49036
1.49036
1.50237
1.50237
1.50237
1.50237
1.50157
1.50157
1.50157
1.50157
1.53114
1.53114
1.53114
1.53114
1.53048
1.53048
1.53048
1.53048
1.57333
1.57333
1.57333
1.57333
1.59448
1.59448
1.59448
1.59448
1.63105
1.4388
1.4388
1.4388
1.5294
1.5294
1.5294
1.5294
1.69452
1.69452
1.69452
1.69452
1.69363
1.69363
1.69363
1.69363
1.69302
1.69302
1.69302
1.69302
1.73408
1.73408
1.73408
1.73408
1.73331
1.73331
1.73331
1.73331
1.73289
1.73289
1.73289
1.73289
1.73237
1.49588
1.49588
1.49588
1.6647
1.6647
1.6647
1.6647
1.73062
1.73062
1.73062
1.73062
1.72982
1.72982
1.72982
1.72982
1.72903
1.72903
1.72903
1.72903
1.68693
1.68693
1.68693
1.68693
1.52281
1.52281
1.52281
1.52281
1.49072
1.49072
1.49072
1.49072
1.48994
1.80722
1.80722
1.80722
1.47659
1.47659
1.47659
1.47659
1.48541
1.48541
1.48541
1.48541
1.48482
1.48482
1.48482
1.48482
1.51909
1.51909
1.51909
1.51909
1.48666
1.48666
1.48666
1.48666
1.4861
1.4861
1.4861
1.4861
1.48541
1.48541
1.48541
1.48541
1.51683
1.46486
1.46486
1.46486
1.48348
1.48348
1.48348
1.48348
1.57673
1.57673
1.57673
1.57673
1.54338
1.54338
1.54338
1.54338
1.51374
1.51374
1.51374
1.51374
1.5186
1.5186
1.5186
1.5186
1.48275
1.48275
1.48275
1.48275
1.49132
1.49132
1.49132
1.49132
1.49079
1.80443
1.80443
1.80443
1.90052
1.90052
1.90052
1.90052
1.48911
1.48911
1.48911
1.48911
1.50167
1.50167
1.50167
1.50167
1.79264
1.79264
1.79264
1.79264
1.79179
1.79179
1.79179
1.79179
1.76974
1.76974
1.76974
1.76974
1.79047
1.79047
1.79047
1.79047
1.78979
1.786
1.786
1.786
1.77588
1.77588
1.77588
1.77588
1.78913
1.78913
1.78913
1.78913
1.78891
1.78891
1.78891
1.78891
1.78245
1.78245
1.78245
1.78245
1.77506
1.77506
1.77506
1.77506
1.77482
1.77482
1.77482
1.77482
1.76503
1.76503
1.76503
1.76503
1.76451
1.76479
1.76479
1.76479
1.88749
1.88749
1.88749
1.88749
1.75323
1.75323
1.75323
1.75323
1.76332
1.76332
1.76332
1.76332
1.88529
1.88529
1.88529
1.88529
1.88461
1.88461
1.88461
1.88461
1.88389
1.88389
1.88389
1.88389
1.88301
1.88301
1.88301
1.88301
1.76193
1.84019
1.84019
1.84019
1.83424
1.83424
1.83424
1.83424
1.7608
1.7608
1.7608
1.7608
1.76051
1.76051
1.76051
1.76051
1.76028
1.76028
1.76028
1.76028
1.75246
1.75246
1.75246
1.75246
1.75195
1.75195
1.75195
1.75195
1.75902
1.75902
1.75902
1.75902
1.87675
1.86839
1.86839
1.86839
1.87608
1.87608
1.87608
1.87608
1.84289
1.84289
1.84289
1.84289
1.84228
1.84228
1.84228
1.84228
1.84151
1.84151
1.84151
1.84151
1.87355
1.87355
1.87355
1.87355
1.89597
1.89597
1.89597
1.89597
1.89548
1.89548
1.89548
1.89548
1.8949
1.84432
1.84432
1.84432
1.78387
1.78387
1.78387
1.78387
1.79305
1.79305
1.79305
1.79305
1.79298
1.79298
1.79298
1.79298
1.79304
1.79304
1.79304
1.79304
1.7837
1.7837
1.7837
1.7837
1.86931
1.86931
1.86931
1.86931
1.78339
1.78339
1.78339
1.78339
1.78325
1.70648
1.70648
1.70648
1.72636
1.72636
1.72636
1.72636
1.78283
1.78283
1.78283
1.78283
1.78251
1.78251
1.78251
1.78251
1.78216
1.78216
1.78216
1.78216
1.78183
1.78183
1.78183
1.78183
1.74767
1.74767
1.74767
1.74767
1.75861
1.75861
1.75861
1.75861
1.75754
1.71965
1.71965
1.71965
1.74433
1.74433
1.74433
1.74433
1.77654
1.77654
1.77654
1.77654
1.77579
1.77579
1.77579
1.77579
1.86508
1.86508
1.86508
1.86508
1.77446
1.77446
1.77446
1.77446
1.7893
1.7893
1.7893
1.7893
1.82093
1.82093
1.82093
1.82093
1.81973
1.74892
1.74892
1.74892
1.76968
1.76968
1.76968
1.76968
1.81758
1.81758
1.81758
1.81758
1.81664
1.81664
1.81664
1.81664
1.81561
1.81561
1.81561
1.81561
1.8147
1.8147
1.8147
1.8147
1.8138
1.8138
1.8138
1.8138
1.87466
1.87466
1.87466
1.87466
1.87368
1.74497
1.74497
1.74497
1.76192
1.76192
1.76192
1.76192
1.8721
1.8721
1.8721
1.8721
1.80979
1.80979
1.80979
1.80979
1.80901
1.80901
1.80901
1.80901
1.80807
1.80807
1.80807
1.80807
1.8073
1.8073
1.8073
1.8073
1.80643
1.80643
1.80643
1.80643
1.80576
1.73853
1.73853
1.73853
1.75599
1.75599
1.75599
1.75599
1.8045
1.8045
1.8045
1.8045
1.80405
1.80405
1.80405
1.80405
1.80367
1.80367
1.80367
1.80367
1.80328
1.80328
1.80328
1.80328
1.80284
1.80284
1.80284
1.80284
1.80265
1.80265
1.80265
1.80265
1.80222
1.73044
1.73044
1.73044
1.75253
1.75253
1.75253
1.75253
1.80148
1.80148
1.80148
1.80148
1.75177
1.75177
1.75177
1.75177
1.75114
1.75114
1.75114
1.75114
1.75044
1.75044
1.75044
1.75044
1.74963
1.74963
1.74963
1.74963
1.74889
1.74889
1.74889
1.74889
1.74822
1.71365
1.71365
1.71365
1.72878
1.72878
1.72878
1.72878
1.74678
1.74678
1.74678
1.74678
1.74606
1.74606
1.74606
1.74606
1.74549
1.74549
1.74549
1.74549
1.91421
1.91421
1.91421
1.91421
1.91388
1.91388
1.91388
1.91388
1.91365
1.91365
1.91365
1.91365
1.81335
1.7416
1.7416
1.7416
1.79073
1.79073
1.79073
1.79073
1.85754
1.85754
1.85754
1.85754
1.85661
1.85661
1.85661
1.85661
1.87588
1.87588
1.87588
1.87588
1.85513
1.85513
1.85513
1.85513
1.92054
1.92054
1.92054
1.92054
1.92016
1.92016
1.92016
1.92016
1.90647
1.89182
1.89182
1.89182
1.88437
1.88437
1.88437
1.88437
1.90141
1.90141
1.90141
1.90141
1.89979
1.89979
1.89979
1.89979
1.8997
1.8997
1.8997
1.8997
1.89932
1.89932
1.89932
1.89932
1.91256
1.91256
1.91256
1.91256
1.80267
1.80267
1.80267
1.80267
1.80206
1.73008
1.73008
1.73008
1.77965
1.77965
1.77965
1.77965
1.91075
1.91075
1.91075
1.91075
1.90992
1.90992
1.90992
1.90992
1.90935
1.90935
1.90935
1.90935
1.9091
1.9091
1.9091
1.9091
1.90883
1.90883
1.90883
1.90883
1.92525
1.92525
1.92525
1.92525
1.92456
1.88175
1.88175
1.88175
1.93526
1.93526
1.93526
1.93526
1.90708
1.90708
1.90708
1.90708
1.90678
1.90678
1.90678
1.90678
1.90608
1.90608
1.90608
1.90608
1.90544
1.90544
1.90544
1.90544
1.90529
1.90529
1.90529
1.90529
1.966
1.966
1.966
1.966
1.95345
1.83868
1.83868
1.83868
1.87881
1.87881
1.87881
1.87881
1.95303
1.95303
1.95303
1.95303
1.95265
1.95265
1.95265
1.95265
1.88047
1.88047
1.88047
1.88047
1.88277
1.88277
1.88277
1.88277
1.91647
1.91647
1.91647
1.91647
1.8326
1.8326
1.8326
1.8326
1.83184
1.72016
1.72016
1.72016
1.92738
1.92738
1.92738
1.92738
1.83244
1.83244
1.83244
1.56157
1.88934
1.88934
1.88934
1.55964
1.55807
1.55807
1.55807
1.55899
1.56466
1.56466
1.56466
1.58277
1.5913
1.5913
1.5913
1.82726
1.92069
1.92069
1.92069
1.95279
1.95243
1.86561
1.86561
1.86561
1.95123
1.95123
1.95123
1.90713
1.92719
1.92719
1.92719
1.90634
1.93796
1.93796
1.93796
1.96647
1.93668
1.93668
1.93668
1.96905
1.9355
1.9355
1.9355
1.96996
1.94531
1.94531
1.94531
1.96858
1.94392
1.94392
1.94392
1.96756
1.943
1.91071
1.91071
1.91071
1.86607
1.86607
1.86607
1.96522
1.95271
1.95271
1.95271
1.96426
1.94007
1.94007
1.94007
1.96305
1.93875
1.93875
1.93875
1.96185
1.95612
1.95612
1.95612
1.68642
1.95538
1.95538
1.95538
1.96021
1.95799
1.95799
1.95799
1.70796
1.69397
1.93518
1.93518
1.93518
1.85975
1.85975
1.85975
1.95696
1.95657
1.95657
1.95657
1.95556
1.69109
1.69109
1.69109
1.95422
1.95382
1.95382
1.95382
1.95258
1.95222
1.95222
1.95222
1.95132
1.7303
1.7303
1.7303
1.94992
1.7292
1.7292
1.7292
1.94855
1.94822
1.68632
1.68632
1.68632
1.94682
1.94682
1.94682
1.94604
1.94569
1.94569
1.94569
1.9445
1.94432
1.94432
1.94432
1.94323
1.68307
1.68307
1.68307
1.94174
1.94152
1.94152
1.94152
1.7237
1.94002
1.94002
1.94002
1.93891
1.93857
1.93857
1.93857
1.9377
1.93754
1.93715
1.93715
1.93715
1.93607
1.93607
1.93607
1.93517
1.72207
1.72207
1.72207
1.93409
1.72163
1.72163
1.72163
1.93309
1.9328
1.9328
1.9328
1.93177
1.93136
1.93136
1.93136
1.93046
1.93027
1.93027
1.93027
1.92956
1.92927
1.92927
1.92927
1.92856
1.92837
1.92809
1.92809
1.92809
1.92728
1.92728
1.92728
1.92645
1.93121
1.93121
1.93121
1.93033
1.93005
1.93005
1.93005
1.92968
1.92934
1.92934
1.92934
1.92873
1.92853
1.92853
1.92853
1.92789
1.67197
1.67197
1.67197
1.67132
1.67117
1.67117
1.67117
1.67046
1.67019
1.77285
1.77285
1.77285
1.66943
1.66943
1.66943
1.66879
1.66866
1.66866
1.66866
1.66813
1.66788
1.66788
1.66788
1.66699
1.66681
1.66681
1.66681
1.66614
1.66592
1.66592
1.66592
1.92083
1.66507
1.66507
1.66507
1.92017
1.91999
1.91999
1.91999
1.91953
1.91936
1.91911
1.91911
1.91911
1.91852
1.91852
1.91852
1.91795
1.66145
1.66145
1.66145
1.66072
1.66041
1.66041
1.66041
1.65981
1.65974
1.65974
1.65974
1.6592
1.65901
1.65901
1.65901
1.65858
1.65841
1.65841
1.65841
1.65784
1.65763
1.65763
1.65763
1.65702
1.65676
1.65661
1.65661
1.65661
1.65579
1.65579
1.65579
1.65494
1.6547
1.6547
1.6547
1.65411
1.65398
1.65398
1.65398
1.65329
1.65302
1.65302
1.65302
1.65246
1.65222
1.65222
1.65222
1.6123
1.65096
1.65096
1.65096
1.6599
1.64966
1.64966
1.64966
1.7352
1.65808
