1.01903
1.0614
1.02608
1.02577
1.02607
1.02541
1.02542
1.03347
1.02273
1.0228
1.02348
1.02306
1.02307
1.0232
1.0233
1.02311
1.02315
1.0233
1.0232
1.0268
1.0267
1.02692
1.02736
1.02668
1.02656
1.02711
1.02708
1.0274
1.02746
1.02663
1.02712
1.02721
1.0319
1.03258
1.03212
1.03236
1.03201
1.03234
1.03223
1.03285
1.03323
1.0272
1.02678
1.0271
1.02727
1.02742
1.02728
1.02792
1.0277
1.02776
1.02912
1.02833
1.02855
1.03562
1.02784
1.02705
1.02741
1.02675
1.02687
1.02689
1.0277
1.02734
1.02762
1.02695
1.02697
1.04197
1.04176
1.0413
1.04116
1.04126
1.04093
1.03011
1.03471
1.03514
1.03481
1.03458
1.03491
1.05032
1.03483
1.04411
1.03377
1.05407
1.03368
1.05912
1.04552
1.03459
1.03774
1.0534
1.04001
1.03434
1.04118
1.0483
1.08775
1.03427
1.05748
1.0931
1.04827
1.03393
1.04943
1.15157
1.04758
1.03384
1.05682
1.22517
1.05415
1.03337
1.03855
1.30904
1.04602
1.03286
1.03846
1.46744
1.04236
1.0331
1.04692
1.84885
1.05735
1.04971
1.03505
1.04723
1.05558
1.04771
2.10861
1.06532
1.03554
1.04685
1.03506
1.037
1.04866
2.28437
1.05032
1.03514
1.05134
2.33481
1.05241
1.03515
1.05258
2.65735
1.05335
1.03431
1.05763
3.10082
1.06002
1.03548
1.05807
3.63865
1.05631
1.03542
1.07055
4.07229
1.07636
1.03325
1.08001
4.42957
1.09911
1.03299
1.09008
4.69281
1.07752
1.02884
1.0389
1.07985
1.0388
4.89047
1.04396
1.07497
1.0382
1.0295
1.0434
1.10092
5.0327
1.09485
1.02131
1.02966
1.10174
1.03678
5.10023
1.0424
1.13126
1.03537
1.02027
1.03721
1.18692
1.04163
5.10072
1.02992
1.26788
1.0299
1.02002
1.0411
1.27618
1.04947
5.05364
1.04135
1.27907
1.03299
1.02041
1.03817
1.34155
1.04614
4.97595
1.03349
1.40199
1.04973
1.02081
1.05182
1.41258
1.04142
4.90487
1.03233
1.39194
1.03323
1.04309
1.05316
1.44379
1.03721
4.77721
1.03483
1.50535
1.04264
1.04283
1.04205
1.57351
1.03429
4.63749
1.03645
1.61128
1.03534
1.04141
1.03961
1.64921
1.04519
4.4977
1.03154
1.71138
1.05017
1.04116
1.04803
1.80233
1.04216
4.39469
1.04306
1.87233
1.03259
1.04134
1.03427
1.93883
1.03775
4.29876
1.03228
1.88179
1.03867
1.0411
1.03422
1.92806
1.03551
4.18407
1.05571
1.97408
1.03837
1.04058
1.03974
1.95726
1.04467
4.06838
1.05716
1.96807
1.03897
1.04088
1.04974
1.94251
1.06112
3.93504
1.0467
1.92565
1.0503
1.07222
1.04456
1.96232
1.04033
3.8111
1.04183
1.94006
1.05658
1.07375
1.06549
1.86592
1.06093
3.67301
1.06891
1.89296
1.04698
1.04255
1.03544
1.94434
1.04262
3.56478
1.04268
1.97157
1.0476
1.07542
1.04004
1.96397
1.05312
3.44486
1.054
1.97813
1.04303
1.07514
1.03633
2.01832
1.03824
3.32381
1.04338
2.01591
1.06112
1.07456
1.07104
1.94267
1.05907
3.17079
1.04629
1.98342
1.05994
1.07506
1.03397
1.95316
1.03617
3.06721
1.04634
2.00131
1.05122
1.07405
1.02756
1.95846
1.04037
2.91704
1.04833
1.9727
1.0449
1.07318
1.04662
2.05658
1.04475
2.79979
1.02312
2.06346
1.03261
1.07417
1.04148
2.0662
1.04699
2.67449
1.03664
2.10703
1.03599
1.0743
1.0484
2.10286
1.05154
2.56458
1.05567
2.10143
1.03946
1.07358
1.04575
2.06658
1.05732
2.45842
1.0447
2.05982
1.0751
1.09191
1.06654
2.04486
1.0826
2.35646
1.08453
2.04507
1.09552
1.09062
1.10791
1.99935
1.14451
2.2484
1.19185
2.02164
1.20041
1.10418
1.17725
2.00856
1.19943
2.17024
1.19856
2.02181
1.19655
1.09912
1.23537
2.0332
1.27524
2.08528
1.26251
2.04233
1.27727
1.09784
1.3246
2.06284
1.38087
2.00648
1.36178
2.04566
1.41806
1.09857
1.46041
2.01958
1.47785
1.92144
1.48599
2.04882
1.4475
1.10297
1.46943
2.05194
1.50685
1.85854
1.56405
2.07806
1.60591
1.10364
1.6032
2.05089
1.62668
1.79143
1.65811
2.05232
1.71729
1.10312
1.71762
2.06403
1.70093
1.73041
1.6739
2.08748
1.65557
1.10567
1.68217
2.08715
1.78759
1.67111
1.823
2.10029
1.83835
1.10528
1.87831
2.08526
1.93694
1.61891
1.9269
2.08506
1.8998
1.10408
1.90269
2.07355
1.91589
1.56254
1.06263
2.00128
2.06824
2.05738
1.12452
1.07797
2.08539
1.07067
2.08181
1.06229
2.19718
1.06994
1.51653
1.09676
2.16633
1.06499
2.07977
1.06435
2.22904
1.08673
1.1314
1.07217
2.25093
1.07813
2.06895
1.06614
2.32537
1.07906
1.46947
1.07894
2.35493
2.06026
2.44728
1.12362
2.40504
2.05511
2.51429
1.05912
1.42696
1.08062
2.55132
1.05805
2.07671
1.07224
2.64279
1.07588
1.10215
1.0636
2.63153
1.05343
2.09438
1.05553
2.65359
1.05556
1.39764
1.05787
2.73132
1.05661
2.08055
1.05616
2.79998
1.05271
1.10283
1.07863
2.7556
2.08487
1.07997
2.79845
1.07457
1.36278
1.06074
2.76245
1.06581
2.08382
1.07826
2.86693
1.05469
1.11986
1.07319
2.75737
1.08499
2.08008
1.06176
2.8724
1.0889
1.34348
2.88415
1.08481
2.06829
1.08373
2.89854
1.08333
1.12022
1.08909
2.86534
1.07912
2.06987
1.07329
2.90613
1.0831
1.32273
1.068
2.89702
1.07633
2.07688
1.07338
2.93346
1.07931
1.11865
1.09509
2.84772
1.0869
2.06441
1.08823
2.90246
1.08222
1.30699
1.08484
2.8507
1.08517
2.05908
1.0845
2.90645
1.14088
2.8001
1.07319
2.05331
1.08855
2.83221
1.06995
1.29248
1.07095
2.79497
1.07358
2.06934
1.06696
2.88658
1.06211
1.13924
1.06271
2.83767
1.06398
2.07083
1.06424
2.89514
1.06994
1.27727
1.07285
2.86491
1.06175
2.07907
1.06807
2.89196
1.07138
1.14018
1.06694
2.82423
1.0653
2.04215
1.07911
2.86878
1.06329
1.21313
1.06691
2.88265
1.06993
2.0463
1.07275
2.91934
1.08014
1.11619
1.06454
2.87454
1.07784
2.05082
1.079
2.94733
1.06912
1.25101
1.07688
2.88323
1.08987
2.05691
1.0916
2.93158
1.07488
1.13833
1.06786
2.91014
1.07705
2.04141
1.06741
2.96596
1.08115
1.19185
1.07489
2.91298
1.08091
2.05489
1.08424
2.99173
1.09477
1.13647
1.08852
2.92754
1.07685
2.04956
1.08375
2.96992
1.08449
1.18816
1.08807
2.89924
1.0926
2.0525
1.11162
2.97804
1.09864
1.1563
1.07938
2.91272
1.08934
2.05526
1.1002
2.96596
1.10109
1.17358
1.11164
2.94105
1.11375
2.05326
1.15494
3.02502
1.19281
1.1342
1.16185
2.95019
1.2
2.04284
1.24909
2.9983
1.27193
1.16693
1.1911
2.95709
1.18714
2.05285
1.20138
2.99239
1.22159
1.15154
1.13912
2.91906
1.14812
2.04584
1.1837
2.99471
1.17378
1.20126
1.15877
2.95476
1.14734
2.04653
1.17151
2.98474
1.17467
1.14975
1.12705
2.89174
1.11261
2.04434
1.12875
2.94033
1.14586
1.14855
1.10766
2.8636
1.10154
2.05606
1.10515
2.85062
1.089
1.14318
1.10842
2.87114
1.08203
2.05298
1.08353
2.83493
1.07802
1.14224
1.06481
2.83886
1.08533
2.05762
1.08655
2.81873
1.08799
1.16785
1.09491
2.83404
1.09122
2.05367
1.11179
2.83276
1.08956
1.16507
1.09616
2.8762
1.11929
2.05438
1.13909
2.81699
1.13794
1.16076
1.12695
2.83209
1.1345
2.04303
1.16131
2.8441
1.18521
1.12051
1.20895
2.87662
1.3318
2.01578
1.40682
2.85747
1.51077
1.16503
1.58941
2.85758
1.73965
2.03164
1.76982
2.85121
1.89876
1.14227
1.89877
2.84846
2.00789
2.02765
1.96078
2.82235
2.04533
1.16527
1.93275
2.79474
2.07657
2.03635
2.0765
2.80293
2.26934
1.12963
2.18831
2.77777
2.38857
2.01562
2.35793
2.77226
2.53647
1.19154
2.40388
2.72176
2.57976
2.02341
2.5753
2.72579
2.82506
1.16688
2.71952
2.73861
2.96577
2.0191
2.82072
2.72613
3.09248
1.19041
2.83576
2.69194
3.10555
2.03601
3.01657
2.70763
3.31511
1.14998
3.06089
2.68235
3.28352
2.02936
3.02858
2.68677
3.24199
1.18989
2.83714
2.59166
2.9375
2.02926
2.77207
2.7007
2.82957
1.13299
2.61627
2.67047
2.73193
2.02499
2.55748
2.68303
2.7006
1.18922
2.56579
2.67467
2.74534
2.01906
2.77039
2.60344
2.97647
1.14845
2.91727
2.62048
3.15365
1.98919
3.10049
2.63105
3.27057
1.19733
3.18375
2.63437
3.39454
2.01017
3.40597
2.66169
3.68615
1.14496
3.56484
2.6417
3.83801
1.95992
3.74511
2.64773
4.02846
1.21031
3.70076
2.60983
3.89481
1.9686
3.80962
2.63687
4.12526
1.16358
3.81641
2.6216
4.08443
1.93793
3.91428
2.62056
4.13865
1.21704
3.79058
2.59527
4.00161
1.94639
3.88307
2.60448
4.07633
1.16191
3.89783
2.59597
4.10113
1.87811
3.92397
2.55976
4.17425
1.22632
3.93834
2.55544
4.10384
1.88077
3.94532
2.53897
4.14953
1.14867
3.86336
2.53749
4.05092
1.8625
3.79856
2.5396
3.96613
1.25037
3.79418
2.5462
3.97755
1.87713
3.90105
2.54978
4.21127
1.1777
4.03085
2.5557
4.24638
1.86414
3.99058
2.56592
4.15834
1.2203
3.88302
2.53426
4.12223
1.87988
4.0393
2.57707
4.24579
1.19049
4.00271
2.57799
4.26023
1.84701
3.98108
2.56721
4.19911
1.22459
3.91185
2.56931
4.12944
1.85428
3.99952
2.59476
4.25265
1.1888
4.05181
2.58662
4.25452
1.84013
4.02697
2.57861
4.29825
1.22159
4.0991
2.56001
4.29582
1.84495
4.23274
2.59676
4.49676
1.1704
4.33414
2.59542
4.53452
1.82069
4.3281
2.58732
4.57155
1.24383
4.34803
2.57165
4.58145
1.83328
4.56689
2.59698
4.66637
1.18349
4.45943
2.58956
4.662
1.80727
4.47429
2.5914
4.67143
1.2435
4.44681
2.56933
4.62049
1.81757
4.55848
2.60001
4.71307
1.18111
4.52001
2.59489
4.66835
1.79183
4.49084
2.60354
4.6171
1.25385
4.33164
2.55532
4.43742
1.79386
4.34499
2.59964
4.53399
1.17802
4.30811
2.59398
4.40798
1.79964
4.2477
2.59283
4.38694
1.2463
4.11917
2.55062
4.27577
1.80555
4.19636
2.59363
4.33655
1.20783
3.92743
2.43819
1.17616
4.1027
1.68619
3.95724
2.43867
4.15596
1.27871
1.16057
4.10805
1.153
2.56933
1.15775
4.27084
1.15583
1.6902
1.18185
3.90336
1.17794
2.4449
1.1757
4.11867
1.18622
1.2087
3.90332
2.44555
4.0514
1.68164
3.83921
2.45118
4.05127
1.28084
3.86445
2.4302
3.97954
1.68536
3.9064
2.46934
4.05986
1.21845
3.95455
2.47708
4.12113
1.64666
3.95693
2.48123
4.17401
1.30131
3.9866
2.46171
4.12034
1.66162
4.0646
2.50348
4.28391
1.2072
3.69392
2.07252
3.81725
1.44663
3.68595
2.06359
3.83166
1.249
4.04332
2.4917
4.19743
1.46384
3.62509
2.07811
3.75077
1.20432
3.56537
2.08479
3.6768
1.51339
3.54888
2.22984
3.7006
1.24765
3.35929
2.08139
3.52315
1.51832
3.51868
2.25126
3.6914
1.20018
3.46656
2.10594
3.60284
1.48202
3.44213
2.13931
3.61236
1.27097
3.36738
2.23979
3.50687
1.48692
3.43741
2.15135
3.64499
1.20108
3.46032
2.11232
3.72334
1.42568
3.59573
2.11332
3.88422
1.25286
1.16992
3.59684
1.18541
2.10914
1.17151
3.85547
1.18277
1.42982
3.7894
2.11646
4.06172
1.2164
3.82835
2.04278
4.08212
1.33116
3.7969
2.04234
4.10673
1.27365
3.78214
2.10984
4.04841
1.33445
3.84364
2.05551
4.16773
1.22943
3.80588
2.05008
1.18947
4.09944
1.18273
1.29382
1.18378
3.75336
1.15435
2.04707
1.58783
4.04942
2.27233
1.24913
1.93382
3.6365
2.3298
2.11782
2.81958
4.01177
3.31223
1.26036
2.66106
3.32318
3.15682
1.87272
3.61825
3.67697
4.12466
1.21925
3.04011
3.22196
3.47341
1.80594
3.78999
3.56924
3.97552
1.16943
2.76185
3.13243
3.10263
1.79805
3.28892
3.45239
3.3443
1.27263
2.25778
3.29143
2.36398
2.02909
2.58015
3.61107
2.71746
1.25637
1.91816
3.30094
2.01437
2.00276
2.33295
3.57912
2.39332
1.21094
1.62127
2.91758
1.66352
1.83222
1.64367
3.17422
1.67057
1.25149
1.22502
3.21386
1.14396
1.98202
1.15531
3.43419
1.18965
1.29981
1.13306
3.16104
1.13302
2.05953
1.1475
3.39094
1.16122
1.27723
1.19047
3.164
1.18285
1.99741
3.03678
1.19271
1.21627
1.20436
3.12503
1.18017
2.00999
2.99392
1.20435
1.30964
1.19327
3.07708
2.00075
1.18066
2.94787
1.18806
1.26955
1.18608
3.00049
1.18485
1.97844
1.17341
2.93177
1.19596
1.30728
1.19284
3.03562
1.19155
2
1.18478
2.93851
1.18815
1.21619
1.18374
3.05768
1.18988
2.00461
1.191
2.94848
1.21222
1.30068
1.17945
3.03108
1.19511
1.99692
2.92405
1.27853
2.92578
1.95709
2.92209
1.20241
1.30919
1.2067
3.01812
1.19626
1.90928
1.19057
2.9856
1.22702
2.97354
1.89761
2.95222
1.29064
2.94905
1.89583
1.194
2.96035
1.20075
1.27831
1.17783
2.92524
1.8889
1.20687
2.98043
1.18876
1.26366
1.20872
2.94121
1.2071
1.86801
1.18964
2.94322
1.17036
1.2399
1.19511
2.93576
1.16859
1.864
1.15425
2.94801
1.43279
1.24817
1.42147
2.97025
1.74101
1.83622
1.62676
2.94574
1.99222
1.26516
1.7584
2.92179
1.93003
1.73532
1.83792
2.72844
1.9795
1.18543
1.69286
2.68683
1.89139
1.67271
1.4857
2.65902
1.5051
1.21564
1.21272
2.64762
1.14016
1.71398
1.12357
2.70155
1.13634
1.23888
1.14127
2.66603
1.15392
1.72457
1.16179
2.65728
1.17473
1.25645
1.16205
2.63381
1.15916
1.71489
1.17521
2.65908
1.17969
1.23152
1.1719
2.66934
1.16649
1.69016
1.16859
2.65808
1.21974
2.67832
1.81621
2.92057
1.21415
1.22618
1.20856
2.96428
1.21489
1.64667
1.1777
2.7068
1.18646
1.26325
1.19224
2.69302
1.18447
1.64226
1.1947
2.75937
1.19041
1.17211
1.19
2.76862
1.17971
1.64101
2.78545
1.21803
2.74817
1.61578
2.74203
1.13576
2.74323
1.61211
2.7363
1.26569
2.66962
1.61546
2.73169
1.25669
2.79396
1.59961
2.70495
1.28789
1.24299
2.76605
1.23452
1.59942
1.19749
2.67536
1.19758
1.11117
1.18653
2.67482
1.17978
1.57506
1.17769
2.65105
1.16423
1.26716
1.15747
2.63072
1.15312
1.58055
1.15159
2.66452
1.12054
1.25913
1.14088
2.73505
1.47326
1.57233
1.35221
2.65981
1.79237
1.25006
1.6207
2.68338
1.93694
1.54912
1.70698
2.6495
1.9749
1.16126
1.68818
2.62986
2.02623
1.54871
1.81364
2.64133
2.13341
1.32113
1.78801
2.61902
2.03839
1.69245
2.02759
2.76141
2.31774
1.26012
2.16437
2.76993
2.29165
1.6999
2.14376
2.75852
2.27367
1.28635
1.98623
2.74731
2.07989
1.70402
1.93253
2.74551
2.02493
1.25982
1.8573
2.74854
1.98079
1.70149
1.95834
2.76265
2.18484
1.31972
1.98045
2.74098
2.13896
1.70541
2.10042
2.77814
2.32017
1.26429
2.1832
2.78618
2.42214
1.70252
2.25048
2.79214
2.52237
1.28862
2.31189
2.79425
2.60316
1.7038
2.41098
2.80924
2.73303
1.26578
2.40308
2.79306
2.53122
1.70134
2.19428
2.79342
2.29896
1.32094
2.06805
2.75046
2.16665
1.70036
1.99828
2.77311
2.13616
1.14569
1.82278
2.58197
1.92068
1.69865
1.78784
2.74743
1.74869
1.2934
1.65824
2.74384
1.68539
1.69858
1.58496
2.73706
1.76613
1.27619
1.62528
2.72551
1.7199
1.6997
1.65281
2.71916
1.73835
1.33192
1.60629
2.69267
1.74059
1.70305
1.73426
2.7017
1.75975
1.29963
1.68621
2.66795
1.78807
1.68236
1.67301
2.64746
1.88781
1.30344
1.80815
2.63611
2.10951
1.68359
2.0383
2.63742
2.37143
1.30106
2.28426
2.63377
2.67189
1.68118
2.3937
2.62428
2.71592
1.288
2.378
2.62403
2.69835
1.68774
2.67047
2.61306
2.9941
1.30188
2.74922
2.60456
3.34304
1.6876
3.05469
2.60194
3.48686
1.32004
3.13534
2.58898
3.75519
1.68808
3.47599
2.58932
3.9973
1.30939
3.60593
2.55906
4.45283
1.52987
4.12524
2.30612
4.97631
1.33251
4.26259
2.42552
5.17649
1.48833
4.95237
2.41375
5.87329
1.22312
5.29298
2.39993
6.08935
1.47776
5.34195
2.40254
6.12607
1.37101
5.45442
2.40717
6.25406
1.46933
5.34676
2.40372
6.12709
1.29246
5.21091
2.27756
5.83074
1.51559
4.84091
2.27271
5.31869
1.34361
4.323
2.42552
4.7275
1.47259
4.38771
2.41183
4.81848
1.22963
4.21751
2.42747
4.63064
1.47019
4.07099
2.41375
4.45351
1.36309
3.90323
2.38933
4.49632
1.384
4.00131
2.35401
4.59573
1.22894
4.11829
2.3547
4.63364
1.38386
4.12475
2.35323
4.59427
1.34037
3.92408
2.37247
4.34214
1.46868
3.98136
2.39592
4.41239
1.22803
3.80703
2.33525
4.3097
1.38281
3.73041
2.33072
4.32246
1.3381
3.84574
2.31692
4.45343
1.37965
3.90534
2.31965
4.39961
1.22801
3.81758
2.30013
4.38796
1.37927
3.7647
2.29915
4.19519
1.30695
3.46539
2.33665
3.89364
1.40448
3.58348
2.33602
4.03325
1.22757
3.50602
2.30538
4.02781
1.37387
3.55043
2.30726
3.98034
1.30987
3.51843
2.30632
4.03032
1.37406
3.48345
2.30924
4.00193
1.22622
3.58483
2.29418
4.06241
1.34776
3.64488
2.30564
4.16654
1.30712
3.54985
2.32166
3.90347
1.36643
3.63804
2.32186
4.20063
1.21177
3.70664
2.332
4.12703
1.35619
3.57502
2.05967
3.97312
1.29982
3.54638
2.30754
3.96721
1.27216
3.51845
2.30793
3.93084
1.2117
3.43385
2.32159
3.84227
1.2861
3.40972
2.29474
3.80705
1.30733
3.17127
2.33859
3.5227
1.34681
3.32369
2.07068
3.63467
1.23319
3.19521
2.31811
3.67546
1.25403
3.53175
2.34043
4.27234
1.32135
3.93232
2.04604
4.4961
1.28298
4.17527
2.04282
4.71968
1.31494
4.30333
2.02798
4.70819
1.27633
4.26405
2.03219
4.78711
1.34469
4.13657
2.06552
4.54621
1.26954
4.78492
2.40633
5.29866
1.31501
4.21408
2.05722
4.46435
1.27574
3.85767
2.07583
4.31202
1.32709
3.8281
2.08294
4.0978
1.28016
3.53075
2.09631
3.91545
1.31988
3.40377
2.12135
3.77633
1.28749
3.30337
2.12471
3.77261
1.34257
3.16975
2.49853
3.60007
1.26327
3.34423
2.43058
3.82631
1.31977
3.53666
2.14243
4.14606
1.28331
3.77402
2.15586
4.38782
1.32973
3.97649
2.15533
4.42596
1.2798
3.95615
2.17156
4.4011
1.31977
3.84775
2.18505
4.37783
1.27871
3.91737
2.20693
4.28011
1.47264
3.72797
2.17358
4.04617
1.27688
3.71555
2.23748
4.12081
1.32065
3.93164
2.19919
4.41006
1.58395
5.55044
2.30838
6.13177
1.41281
5.51176
2.32974
5.98038
1.59515
5.46091
2.33951
5.92007
1.49754
5.36925
2.35429
5.83009
1.60688
5.26841
2.37337
5.68363
1.43506
4.1661
2.29824
4.42318
1.27864
4.54828
2.20237
4.85178
1.32826
4.92303
2.25554
5.36795
1.28845
4.88863
2.10549
5.3978
1.36054
5.32778
2.1436
5.88048
1.29101
5.72979
2.19304
6.38343
1.33625
6.09874
2.23614
6.87242
1.29099
6.55521
2.26521
7.38273
1.53526
6.60958
2.15477
7.49342
1.29388
7.35374
2.31205
8.23631
1.33599
6.17239
2.13077
6.99729
1.29315
6.44577
2.10832
7.27592
1.41878
6.64573
2.13029
7.45443
1.29868
6.82887
2.13763
7.64362
1.3383
6.93012
2.13948
7.74667
1.31006
6.92641
2.15704
7.72796
1.61136
7.7512
2.23123
8.5712
1.36078
8.14363
2.3431
8.91443
1.33336
6.87114
2.12842
7.60361
1.30359
6.78805
2.11379
7.47261
1.43036
6.72528
2.08751
7.34187
1.3068
6.61942
2.09556
7.18423
1.33886
6.39025
2.11191
6.92439
1.37426
7.55198
2.32609
8.20539
1.50343
6.93049
2.23381
7.54057
1.31911
7.10028
2.34709
7.65587
1.34587
6.74704
2.32675
7.29066
1.32878
6.47079
2.32406
6.9772
1.35736
6.14438
2.2868
6.55493
1.33788
5.83357
2.2744
6.18126
1.35366
5.47786
2.26011
5.96287
1.35653
5.38287
2.23239
5.92225
1.52872
5.58512
2.30977
6.1394
1.35457
5.75506
2.38554
6.10514
1.40141
5.06663
2.19657
5.71967
1.36621
5.2054
2.20679
5.8134
1.48226
5.24837
2.20516
5.82566
1.36926
5.18041
2.19934
5.70317
1.36327
5.15723
2.23194
5.63494
1.38261
5.04981
2.23317
5.55156
1.36974
4.93035
2.31184
5.52569
1.37233
5.22604
2.3794
5.97734
1.3595
5.06639
2.23458
5.70462
1.36558
5.03327
2.23169
5.79179
1.34926
5.28702
2.25853
6.13171
1.3478
5.62885
2.31845
6.51762
1.34852
5.92119
2.33879
6.80166
1.35759
6.13308
2.34228
7.16254
1.36647
6.09183
2.842
6.78145
1.37148
6.26899
2.334
7.04991
1.36378
6.24802
2.35595
6.93461
1.38354
5.92709
2.36259
6.56985
1.35613
5.69901
2.36497
6.36613
1.3906
5.69616
2.36442
6.19175
1.37578
5.28961
2.35736
5.71678
1.39772
5.06406
2.37441
5.49138
1.47396
4.59139
2.88267
5.04726
1.40359
4.66281
2.34418
5.04161
1.38306
4.70764
2.35121
5.25592
1.40742
4.77057
2.35175
5.39306
1.35833
4.87614
2.34104
5.44524
1.40589
4.97021
2.33968
5.56844
1.37916
5.08968
2.35072
5.73462
1.40723
5.27787
2.32158
5.90625
1.3773
5.40646
2.87427
6.43943
1.40717
5.74917
2.31195
6.55882
1.37598
6.01578
2.30848
6.9462
1.40598
6.59419
2.30644
7.52042
1.36162
7.03287
2.2937
7.98298
1.40364
7.34636
2.29398
8.186
1.3739
7.42693
2.28612
8.22608
1.40443
7.4969
2.27724
8.27766
1.37737
7.138
2.1844
7.86852
1.40194
7.52526
2.27296
8.29808
1.3733
7.62604
2.27134
8.45137
1.40548
7.75791
2.28669
8.54147
1.36539
7.71831
2.28574
8.47534
1.39704
7.64768
2.28078
8.32011
1.33287
6.57526
2.00365
7.25014
1.39968
7.19737
2.26395
7.78447
1.38277
6.72234
2.17849
7.24942
1.3958
7.0036
2.26974
7.54416
1.28917
6.67444
1.99209
7.33601
1.39931
6.78495
2.24409
7.33203
1.36751
6.67134
2.23828
7.22081
1.39557
6.72561
2.22781
7.20179
1.37669
6.72404
2.22175
7.22032
1.3907
6.73062
2.20636
7.25702
1.38437
6.57214
2.13031
7.05303
1.38673
6.91822
1.92466
7.66728
1.37583
6.93852
2.17766
7.52335
1.39733
6.98451
2.17171
7.56989
1.36671
6.99178
2.17454
7.47497
1.35859
6.31405
1.88212
6.92458
1.33364
6.21805
1.79288
6.8121
1.2132
6.11811
1.7815
6.66378
1.70071
6.68181
2.08452
7.26034
1.39495
7.01686
2.16388
7.59095
1.27785
5.82532
1.88571
6.37407
1.3772
5.59872
1.87175
6.13793
1.42015
5.4781
1.87739
6.05706
1.37446
5.31998
1.87165
5.81838
1.37731
6.51677
2.14171
7.07082
1.3706
4.97263
1.86808
5.52401
1.58128
6.0396
2.04677
6.68281
1.40232
6.4154
2.13194
7.01735
1.2949
5.0531
1.86181
5.57176
1.2929
4.98179
1.86355
5.45354
1.4341
4.78751
1.85265
5.21899
1.40666
6.25714
2.11238
6.79461
1.38556
6.1728
2.10563
6.63967
1.41012
6.10611
2.10844
6.60023
1.50411
5.76885
2.02918
6.32878
1.41675
5.92554
2.09007
6.27462
1.38593
5.77592
2.09533
6.21229
1.42326
5.80552
2.08258
6.22212
1.37705
5.6218
2.0694
6.03841
1.42709
5.58178
2.20126
6.012
1.39364
5.57552
2.10065
6.09394
1.41278
5.62119
2.10068
6.0882
1.40482
5.39986
2.01939
5.83374
1.41455
5.58121
2.08684
5.92106
1.38657
5.39953
2.05325
5.83274
1.41533
5.41071
2.05211
5.80267
1.36442
5.37314
2.04617
5.78873
1.41536
5.4434
2.03941
5.92984
1.38995
5.53059
2.02973
6.0445
1.41595
5.72365
2.02739
6.20764
1.43045
5.56636
1.96879
6.08761
1.41529
5.9843
2.01787
6.42732
1.39104
5.97701
2.00547
6.39674
1.41478
5.9378
2.00078
6.36556
1.36637
5.89675
1.99314
6.2516
1.41633
5.76642
1.97346
6.02396
1.42631
5.58528
1.96991
5.91587
1.41887
5.5115
1.96874
5.75718
1.52173
5.20803
1.91245
5.47904
1.43284
5.29098
1.96546
5.50938
1.48717
5.09469
1.96001
5.24384
1.44355
4.82832
1.9548
4.9795
1.47468
4.6173
1.94567
4.78318
1.48741
4.48032
1.94152
4.70942
1.53427
4.45136
1.94527
4.73182
1.4846
4.44088
1.93005
4.73478
1.6099
4.32624
1.87344
4.638
1.44304
4.4258
1.91171
4.70663
1.53036
4.41474
1.90606
4.68711
1.48528
4.3902
1.90583
4.58613
1.50917
4.36642
1.89085
4.68445
1.4545
4.53615
1.89478
4.9107
1.40259
4.67592
1.88919
4.99308
1.45507
4.73897
1.87704
5.03882
1.41794
4.74343
1.93382
5.27624
1.48077
4.84146
1.8442
5.10934
1.38269
4.81376
1.83137
5.06734
1.48376
4.77201
1.81917
5.04356
1.34249
4.8346
1.80443
5.09869
1.49059
4.81814
1.79305
4.99914
1.39044
4.70082
1.77941
4.86197
1.49702
4.5995
1.77166
4.71902
1.43798
4.93676
1.91295
5.25511
1.50803
4.26327
1.78108
4.38667
1.40243
4.21078
1.7699
4.37473
1.52624
4.14772
1.75391
4.25018
1.39641
4.10054
1.75111
4.2507
1.52478
4.33293
1.85332
4.48955
1.41571
4.3503
1.84626
4.49901
1.53132
4.41438
1.84408
4.58554
1.40051
5.30288
1.89771
5.89714
1.33241
5.24547
1.852
5.85956
1.40009
4.72062
1.84712
4.89893
1.50962
4.85594
1.86359
5.00432
1.46507
5.29243
1.74461
5.85479
1.31856
5.25765
1.7369
5.86187
1.38864
5.37102
1.71382
6.03025
1.31231
5.52673
1.7891
6.07681
1.61695
5.70015
1.86835
6.22795
1.32553
5.47124
1.78285
6.17606
1.38869
5.5836
1.73957
6.18429
1.33397
5.56951
1.70976
6.25328
1.46743
5.60309
1.71411
6.22167
1.33364
5.46069
1.69765
5.93444
1.39374
5.23998
1.67149
5.79171
1.3409
5.02417
1.67183
5.61168
1.59387
5.72392
2.04807
6.24733
1.25995
5.21638
1.86584
5.82
1.39268
5.1758
1.77833
5.78394
1.26043
4.58263
1.7078
4.8913
1.508
5.0366
1.81263
5.57932
1.26562
5.01874
1.78926
5.54681
1.38618
4.94392
1.77051
5.43886
1.28024
4.84301
1.74874
5.31133
1.59684
5.37034
2.00295
5.8065
1.29136
4.51337
1.69085
4.8929
1.38541
4.32818
1.64599
4.62287
1.30866
4.12176
1.62184
4.41249
1.47247
3.91348
1.59742
4.15189
1.32647
3.90689
1.66947
4.10483
1.3855
3.70628
1.62475
3.8299
1.34767
3.54308
1.59085
3.67707
1.6614
4.94896
1.94059
5.47526
1.34913
4.12578
1.90366
4.21009
1.30137
3.99056
1.86317
4.06504
1.36311
3.91572
1.84638
3.95405
1.47454
3.88687
1.83039
3.92193
1.37686
3.86724
1.82863
3.84054
1.30435
3.75196
1.81336
3.91872
1.38209
3.68794
1.81965
4.04094
1.6787
5.35844
1.94088
5.94294
1.31759
4.96475
1.82539
5.54008
1.44781
4.98343
1.8342
5.55857
1.31569
5.01202
1.83347
5.60422
1.47851
4.98369
1.82998
5.53228
1.31246
4.95883
1.83737
5.56282
1.43894
4.94202
1.84201
5.54791
1.31391
4.98673
1.8554
5.61493
1.60631
5.20873
1.90141
5.86521
1.28776
5.05383
2.01736
5.62837
1.42794
4.99079
1.79523
5.50116
1.29407
4.88067
1.81511
5.45035
1.46764
4.79181
1.78743
5.34066
1.28692
4.75801
1.79401
5.23784
1.32462
4.90838
1.88174
5.34052
1.27523
4.76831
1.85247
5.2081
1.56174
4.57413
1.86747
4.98536
1.24283
4.67439
1.91076
4.98321
1.30634
4.48519
1.88597
4.71534
1.25751
4.282
1.86664
4.52558
1.47826
4.06075
1.82672
4.2047
1.27492
3.83727
1.80534
4.02676
1.3451
3.65017
1.78706
3.7958
1.28708
3.67133
1.80254
3.6269
1.61701
3.83116
2.04977
3.89698
1.29308
3.76353
2.07598
3.8207
1.28346
3.47874
1.71931
3.58151
1.30684
3.53697
1.99969
3.74429
1.47753
3.49077
1.97283
3.91448
1.31993
3.61144
1.94457
4.06514
1.28002
3.74914
1.91723
4.22414
1.33071
3.84009
1.88631
4.40135
1.64485
5.19433
1.88816
5.81571
1.34304
4.02866
1.85367
4.59793
1.32844
4.10243
1.83437
4.819
1.42151
4.02155
1.79227
4.71666
1.4419
4.15135
1.77377
4.72667
1.34036
4.10812
1.75525
4.63204
1.31513
4.07441
1.75398
4.61085
1.34508
4.10286
1.74167
4.58626
1.60317
3.78819
1.7365
4.31118
1.34316
4.00633
1.73324
4.48242
1.31719
4.04336
1.71987
4.49005
1.34597
3.94497
1.71516
4.40487
1.43327
3.90639
1.69633
4.42844
1.34326
3.8645
1.69366
4.34223
1.32514
3.82469
1.6771
4.32879
1.35034
3.82351
1.6887
4.31386
1.59538
3.50712
1.69524
4.03115
1.34594
3.70415
1.70122
4.18237
1.31928
3.71831
1.70505
4.21831
1.33776
3.64158
1.71952
4.1014
1.38069
3.49944
1.72402
3.9011
1.3311
3.3124
1.74015
3.72031
1.30953
3.09756
1.75143
3.46328
1.31741
3.33016
1.55519
3.31327
1.54594
3.20995
1.53842
3.22168
1.30298
3.14244
1.57572
3.11561
1.29802
3.07806
1.60355
3.08298
1.28889
3.05585
1.56721
3.08438
1.37569
3.17431
1.60416
3.2138
1.28185
3.20831
1.54883
3.20738
1.32552
3.24165
1.57983
3.32634
1.30783
3.2371
1.60381
3.4207
1.60212
3.10518
1.54064
3.36167
1.3833
3.27479
1.58735
3.4969
1.3073
3.34972
1.5848
3.60345
1.38056
3.44237
1.62961
3.71692
1.51084
3.14333
1.60543
3.47053
1.37935
3.54521
1.6335
3.88022
1.34338
3.25074
1.60327
3.60221
1.30068
3.30238
1.59675
3.71871
1.70364
3.31764
1.719
3.81273
1.29244
3.68146
1.59031
4.14139
1.33783
3.68302
1.58397
4.15596
1.41163
3.6495
1.57307
4.15748
1.51722
3.74405
1.81565
4.23727
1.47515
3.77452
1.76448
4.31768
1.41493
3.87705
1.7741
4.42336
1.52608
3.85042
1.58907
4.34848
1.57701
4.52205
1.7491
5.17903
1.50672
4.30807
1.66842
4.81524
1.40964
4.21278
1.80733
4.74652
1.46092
4.10407
1.8326
4.74347
1.51622
4.18937
1.83885
4.80233
1.46034
4.2045
1.85931
4.86226
1.40934
4.29358
1.87446
4.92244
1.45076
4.33016
1.89077
4.88965
1.69824
4.37347
1.87996
5.09385
1.4206
4.48411
1.81339
4.97832
1.40904
4.19142
1.82388
4.7302
1.4529
4.13988
1.83578
4.48134
1.50195
4.19125
1.84477
4.35945
1.41852
4.2613
1.86469
4.32847
1.40496
4.34017
1.88308
4.40771
1.42522
4.42715
1.89866
4.54403
1.70168
4.46333
1.87259
4.8975
1.43459
4.0013
1.7759
4.08099
1.41178
4.03034
1.76294
4.08677
1.4402
4.02024
1.82041
4.04571
1.47641
4.01437
1.79062
4.12583
1.52736
4.10331
1.79697
4.25567
1.40098
4.26127
1.75277
4.48487
1.45844
3.99938
2.13721
4.11068
1.59177
4.02409
2.08701
4.13842
1.30448
4.7656
2.11006
5.04078
1.39617
4.35683
2.24322
3.65222
1.30344
4.90158
2.11627
3.59989
1.34084
4.713
2.27962
3.66258
1.48271
5.02041
2.29837
3.65178
1.40719
5.44298
2.35184
5.26751
1.42845
4.5124
2.10936
4.51889
1.68209
5.35523
2.1062
5.28077
1.4652
5.10143
2.10776
4.99082
1.41647
5.46665
2.23246
4.8256
1.42653
5.67411
2.2715
4.95494
1.49226
5.83051
2.29752
5.0899
1.43883
5.87647
2.24565
5.10977
1.42205
5.81457
2.20795
5.04885
1.43586
5.99019
2.21947
5.22777
1.69682
5.82777
2.10845
6.46731
1.58793
5.75081
1.97274
5.49301
1.41792
6.48564
2.30371
5.70134
1.5106
6.35465
2.16341
5.36906
1.50154
6.4898
2.1795
5.67053
1.43289
5.02561
1.95116
4.41408
1.41467
5.32052
2.02729
5.11758
1.43119
5.20041
1.99149
4.4233
1.49816
5.30727
1.87783
5.6319
1.51031
5.33568
1.90775
5.07355
1.40222
5.78252
2.00115
5.2379
1.50185
5.76493
1.93356
5.13259
1.51275
5.97005
2.09568
5.27846
1.50156
5.8114
1.93485
5.3542
1.46186
5.9051
1.97982
5.2556
1.49004
5.82227
2.01962
4.95902
1.70638
5.48346
1.93442
5.93844
1.5687
4.96246
2.01138
4.62198
1.44841
5.10203
1.99257
4.53218
1.47532
4.98898
1.97603
4.41218
1.43042
4.97286
1.98526
4.34431
1.46648
4.84047
1.94677
4.26695
1.44127
4.84368
1.96337
4.38401
1.46493
4.91742
1.9633
4.41407
1.69629
4.6357
1.90389
5.19814
1.55862
4.68536
1.92115
4.36553
1.43535
4.88098
2.01577
4.39521
1.45363
4.95448
2.0343
4.48995
1.48551
4.78082
1.88035
4.51687
1.54307
4.81755
1.87962
4.55561
1.48527
4.85988
1.90499
4.58893
1.53687
4.88513
1.91396
3.97481
1.68105
4.72114
1.81435
5.32688
1.4341
4.8351
2.05993
4.07094
1.41898
4.22747
2.05916
4.64358
1.53191
5.20857
2.05121
4.71327
1.4692
4.07509
2.05857
5.00982
1.45007
4.13332
2.11697
4.56991
1.48331
5.18225
2.26495
4.63185
1.51807
5.08938
2.26637
4.44412
1.52191
4.78556
2.26343
5.27963
1.6696
4.75226
2.20053
4.43669
1.48752
5.03373
2.19919
4.48579
1.52188
5.09594
2.19178
4.47247
1.43169
5.02455
2.1797
4.48959
1.52284
5.05021
2.16225
4.50882
1.49135
5.0174
2.13175
4.55208
1.53389
5.10101
2.10568
4.57689
1.66138
4.8697
2.00335
5.44073
1.66594
5.04215
1.94964
4.88955
1.48603
5.56797
2.25897
5.03537
1.51529
5.75691
2.24913
5.16436
1.48279
5.61528
2.24921
5.27747
1.63815
5.76447
2.24722
5.39714
1.56388
5.96624
2.2429
5.54469
1.63111
6.19802
2.23634
5.69305
1.50719
5.73893
2.19584
6.82438
1.68427
6.29423
2.23399
5.7666
1.54962
6.36947
2.2291
5.87158
1.61314
6.4296
2.22056
5.8942
1.47124
6.43565
2.21267
5.97977
1.63376
6.46681
2.18794
4.23834
1.56256
6.52995
2.18606
4.07619
1.63553
6.62716
2.22497
4.24263
1.56141
