1.43
34.43
57.28
80.00
102.59
125.08
147.48
169.82
191.94
213.96
235.84
257.62
279.28
300.84
322.29
343.62
364.81
385.90
406.91
427.80
448.58
469.26
489.85
510.43
530.78
551.03
571.19
591.31
611.30
631.18
650.96
670.65
690.25
709.87
729.28
748.64
767.86
786.97
806.02
824.98
844.06
862.84
881.52
900.13
918.64
937.05
955.33
973.53
991.72
1009.82
1027.84
1045.77
1075.23
1093.08
1110.82
1128.47
1146.03
1163.51
1180.94
1198.22
1215.43
1232.52
1249.53
1266.48
1283.35
1300.14
1316.84
1333.52
1350.08
1366.59
1383.02
1399.50
1415.88
1432.10
1448.29
1464.29
1480.21
1480.89
1496.75
1497.44
1513.24
1513.93
1529.62
1530.32
1530.38
1546.02
1546.72
1546.79
1546.87
1562.47
1563.15
1563.22
1563.28
1578.81
1579.49
1579.56
1579.62
1595.20
1595.89
1595.95
1596.02
1611.42
1612.11
1612.17
1612.24
1627.59
1628.28
1628.35
1628.41
1643.68
1644.37
1644.44
1644.50
1659.70
1660.39
1660.46
1660.52
1660.59
1675.75
1676.42
1676.49
1676.55
1676.64
1676.70
1676.77
1676.83
1691.91
1692.58
1692.64
1692.72
1692.78
1707.82
1708.52
1708.60
1708.66
1723.66
1724.35
1724.44
1724.50
1739.42
1740.12
1740.21
1740.27
1755.14
1755.85
1755.95
1756.02
1770.79
1771.50
1771.62
1771.68
1786.40
1787.10
1787.25
1787.31
1801.98
1802.68
1802.84
1802.91
1817.51
1818.20
1818.26
1818.37
1818.57
1818.70
1818.76
1818.83
1833.49
1834.19
1834.26
1834.48
1834.55
1849.00
1849.68
1849.74
1849.81
1850.07
1850.13
1850.20
1850.26
1864.68
1865.36
1865.42
1865.49
1865.79
1865.86
1865.92
1865.99
1880.31
1881.01
1881.07
1881.14
1881.49
1881.55
1881.62
1881.68
1895.96
1896.64
1896.71
1896.77
1897.18
1897.24
1897.31
1897.38
1911.62
1912.32
1912.39
1912.46
1912.93
1913.00
1913.09
1913.16
1927.33
1928.06
1928.13
1928.19
1928.71
1928.78
1928.85
1928.91
1942.94
1943.62
1943.69
1943.76
1944.35
1944.41
1944.48
1944.55
1958.54
1959.22
1959.29
1959.36
1960.02
1960.09
1960.16
1960.23
1974.09
1974.79
1974.86
1974.92
1975.67
1975.73
1975.81
1975.87
1989.75
1990.44
1990.51
1990.57
1991.40
1991.47
1991.54
1991.61
2005.47
2006.15
2006.23
2006.29
2007.21
2007.27
2007.35
2007.42
2021.17
2021.88
2021.96
2022.02
2023.03
2023.10
2023.18
2023.24
2036.88
2037.57
2037.65
2037.72
2038.82
2038.89
2038.97
2039.03
2052.58
2053.27
2053.35
2053.42
2054.60
2054.67
2054.75
2054.81
2068.50
2069.21
2069.29
2069.35
2070.64
2070.71
2070.79
2070.86
2084.39
2085.11
2085.19
2085.26
2086.64
2086.71
2086.80
2086.86
2100.30
2101.02
2101.11
2101.17
2102.65
2102.72
2102.81
2102.87
2116.36
2117.11
2117.20
2117.27
2118.85
2118.92
2119.01
2119.08
2132.52
2133.23
2133.32
2133.39
2135.07
2135.84
2135.94
2136.00
2149.32
2150.04
2150.14
2150.29
2152.75
2152.82
2152.93
2153.01
2166.50
2167.21
2167.31
2167.38
2169.93
2170.00
2170.11
2170.17
2183.67
2184.38
2184.49
2184.55
2187.20
2187.27
2187.38
2187.45
2200.67
2201.39
2201.51
2201.57
2204.33
2204.40
2204.52
2204.58
2217.90
2218.61
2218.73
2218.80
2221.63
2221.70
2221.83
2221.89
2235.10
2235.83
2235.96
2236.02
2238.96
2239.03
2239.16
2239.23
2252.47
2253.18
2253.31
2253.38
2256.43
2256.50
2256.68
2256.75
2270.01
2270.76
2270.90
2270.97
2274.25
2274.32
2274.47
2274.54
2287.76
2288.48
2288.63
2288.70
2291.92
2291.99
2292.14
2292.21
2305.33
2306.06
2306.22
2306.28
2309.59
2309.66
2309.83
2309.89
2322.95
2323.70
2323.88
2324.08
2327.47
2327.55
2327.72
2327.79
2340.88
2341.63
2341.80
2341.87
2345.41
2345.49
2345.67
2345.74
2358.61
2359.37
2359.56
2359.63
2363.28
2363.36
2363.55
2363.63
2376.59
2377.35
2377.55
2377.63
2381.42
2381.50
2381.71
2381.78
2394.78
2395.59
2395.99
2396.06
2399.99
2400.07
2400.31
2400.39
2413.29
2414.06
2414.30
2414.37
2418.42
2418.50
2418.74
2418.82
2431.62
2432.38
2432.65
2432.74
2436.92
2437.01
2437.26
2437.34
2450.07
2450.82
2451.08
2451.16
2455.44
2455.52
2455.60
2455.87
2455.95
2468.59
2469.31
2469.39
2469.45
2469.74
2469.81
2469.89
2469.95
2474.34
2474.42
2474.50
2474.56
2474.86
2474.92
2475.01
2475.07
2487.62
2488.36
2488.45
2488.51
2488.82
2488.88
2488.97
2489.03
2493.53
2493.61
2493.69
2494.01
2494.09
2506.76
2507.52
2507.84
2507.93
2508.00
2512.62
2512.70
2512.79
2512.85
2513.19
2513.25
2513.34
2513.41
2525.87
2526.59
2526.68
2526.75
2527.09
2527.16
2527.25
2527.32
2532.03
2532.12
2532.22
2532.29
2532.66
2532.73
2532.83
2532.89
2545.23
2545.96
2546.05
2546.41
2546.48
2546.59
2546.66
2551.48
2551.55
2551.65
2551.71
2552.09
2552.15
2552.25
2552.32
2564.54
2565.36
2565.45
2565.52
2565.92
2566.01
2566.13
2566.19
2571.15
2571.26
2571.33
2571.72
2571.79
2571.89
2571.96
2584.15
2584.89
2584.99
2585.06
2585.47
2585.54
2585.64
2585.71
2590.81
2590.88
2590.99
2591.05
2591.47
2591.54
2591.64
2591.71
2603.92
2604.66
2604.76
2604.83
2605.26
2605.33
2605.44
2605.50
2610.70
2610.78
2610.89
2610.95
2611.40
2611.47
2611.58
2623.68
2624.48
2624.55
2625.01
2625.08
2625.19
2625.26
2630.57
2630.65
2630.76
2630.82
2631.32
2631.41
2631.54
2631.61
2643.64
2644.37
2644.49
2644.55
2645.04
2645.10
2645.22
2645.29
2650.70
2650.78
2650.89
2650.96
2651.46
2651.53
2651.65
2651.72
2663.79
2664.57
2664.69
2664.75
2665.27
2665.34
2665.46
2665.53
2671.06
2671.14
2671.26
2671.33
2671.86
2671.93
2672.06
2672.13
2684.06
2684.81
2684.94
2685.06
2685.67
2685.75
2685.89
2685.97
2691.64
2691.73
2691.87
2691.95
2692.53
2692.63
2692.77
2692.84
2704.80
2705.57
2705.71
2705.77
2706.36
2706.43
2706.57
2706.63
2712.37
2712.45
2712.59
2712.66
2713.26
2713.32
2713.47
2713.54
2725.31
2726.07
2726.21
2726.28
2726.89
2726.96
2727.11
2727.19
2733.04
2733.11
2733.26
2733.33
2733.96
2734.03
2734.18
2734.25
2745.92
2746.68
2746.84
2746.90
2747.55
2747.62
2747.78
2747.85
2753.76
2753.84
2753.99
2754.06
2754.73
2754.80
2754.96
2755.03
2766.61
2767.37
2767.53
2767.60
2768.28
2768.35
2768.51
2768.58
2774.57
2774.67
2774.85
2777.21
2777.91
2777.98
2778.16
2778.22
2789.82
2790.58
2790.75
2790.82
2791.55
2791.63
2791.81
2791.88
2797.96
2798.04
2798.21
2798.28
2799.03
2799.10
2799.28
2799.35
2810.93
2811.69
2811.87
2811.94
2812.70
2812.77
2812.96
2813.02
2819.15
2819.23
2819.41
2819.48
2820.25
2820.32
2821.24
2821.31
2832.89
2833.66
2833.85
2833.92
2834.72
2834.79
2835.71
2835.78
2841.96
2842.04
2842.23
2842.30
2843.13
2843.20
2844.13
2844.20
2855.57
2856.34
2856.54
2856.61
2857.45
2857.52
2858.46
2858.53
2864.82
2864.90
2865.11
2865.18
2866.05
2866.12
2867.08
2867.15
2878.43
2879.21
2879.42
2879.49
2881.10
2881.17
2881.39
2881.46
2887.80
2887.90
2888.12
2888.19
2889.82
2889.89
2890.12
2890.19
2901.50
2902.27
2902.50
2902.58
2904.24
2904.32
2904.55
2904.62
2911.07
2911.15
2911.39
2911.46
2913.14
2913.22
2913.46
2913.63
2924.89
2925.70
2925.94
2926.03
2927.74
2927.81
2928.06
2928.14
2934.65
2934.73
2934.98
2935.06
2936.78
2936.86
2937.11
2937.19
2948.34
2949.12
2949.37
2949.45
2951.20
2951.30
2951.57
2951.65
2958.23
2958.32
2958.59
2958.67
2960.45
2960.53
2960.80
2960.88
2972.01
2972.80
2973.07
2973.16
2974.95
2975.03
2975.31
2975.40
2982.00
2982.09
2982.36
2982.45
2984.30
2984.38
2984.67
2984.77
2995.82
2996.60
2996.88
2996.96
2998.79
2998.87
2999.16
2999.24
3005.90
3005.99
3006.27
3006.36
3008.21
3008.30
3008.59
3008.67
3019.62
3020.43
3020.72
3020.80
3022.69
3022.78
3023.08
3023.16
3029.85
3029.94
3030.25
3030.33
3032.25
3032.34
3032.65
3032.74
3043.70
3044.49
3044.81
3044.90
3046.85
3046.95
3047.29
3047.39
3054.19
3054.29
3054.63
3054.73
3056.71
3056.81
3057.15
3057.25
3068.12
3068.93
3069.28
3069.38
3071.40
3071.50
3071.85
3071.95
3078.83
3078.95
3079.32
3079.43
3081.51
3081.63
3082.00
3082.11
3092.98
3093.82
3094.18
3094.28
3096.36
3096.46
3096.84
3096.95
3103.81
3103.92
3104.30
3104.41
3106.51
3106.61
3107.00
3107.11
3117.92
3118.72
3119.11
3119.22
3121.35
3121.46
3121.86
3121.96
3128.87
3128.98
3129.39
3129.49
3131.66
3131.82
3132.34
3132.45
3143.17
3144.01
3144.42
3144.54
3146.75
3146.85
3147.28
3147.39
3154.36
3154.48
3154.91
3155.02
3157.25
3157.36
3157.80
3157.92
3168.64
3169.46
3169.90
3170.02
3172.26
3172.38
3172.83
3172.95
3180.00
3180.12
3180.58
3180.70
3182.98
3183.09
3183.56
3183.68
3194.38
3195.23
3195.70
3195.82
3198.13
3198.25
3198.74
3198.86
3205.88
3206.02
3206.53
3206.67
3209.03
3209.15
3209.65
3209.77
3220.31
3221.16
3221.66
3221.78
3224.16
3224.28
3224.80
3224.93
3232.25
3232.37
3232.82
3232.94
3235.12
3235.23
3235.69
3235.80
3246.31
3247.16
3247.69
3247.82
3250.02
3250.14
3250.70
3250.82
3258.09
3258.21
3258.69
3258.81
3261.05
3261.16
3261.65
3261.77
3272.20
3273.04
3273.53
3273.65
3275.91
3276.03
3276.54
3276.66
3283.90
3284.02
3284.53
3284.66
3286.95
3287.08
3287.59
3287.72
3298.05
3298.90
3299.42
3299.57
3301.98
3302.10
3302.63
3302.76
3310.01
3310.14
3310.68
3310.81
3313.16
3313.29
3313.83
3313.96
3324.21
3325.06
3325.59
3325.73
3328.11
3328.24
3328.80
3328.93
3336.25
3336.38
3336.95
3337.02
3337.16
3339.56
3339.70
3340.27
3340.41
3350.58
3351.34
3351.47
3351.54
3352.11
3352.18
3352.32
3352.39
3354.83
3354.90
3355.03
3355.10
3355.68
3355.75
3355.90
3363.22
3363.37
3363.96
3364.10
3366.55
3366.69
3367.29
3367.43
3377.56
3378.43
3379.02
3379.16
3381.65
3381.79
3382.40
3382.55
3389.86
3390.00
3390.62
3390.77
3393.31
3393.48
3394.12
3394.27
3404.31
3405.17
3405.79
3405.94
3408.49
3408.64
3409.28
3409.43
3416.73
3416.88
3417.54
3417.74
3420.33
3420.47
3421.13
3421.29
3431.36
3432.22
3432.88
3433.03
3435.65
3435.79
3436.47
3436.63
3443.95
3444.10
3444.80
3444.96
3447.62
3447.76
3448.47
3448.62
3458.60
3459.48
3460.18
3460.33
3463.01
3463.16
3463.89
3464.05
3471.41
3471.57
3472.30
3472.47
3475.17
3475.33
3476.07
3476.24
3486.16
3487.02
3487.75
3487.91
3490.63
3490.79
3491.54
3491.71
3499.08
3499.25
3500.01
3500.19
3502.93
3503.10
3503.87
3504.05
3513.88
3514.79
3515.56
3515.63
3515.82
3518.62
3518.80
3519.62
3519.82
3527.20
3527.39
3528.20
3528.41
3531.08
3531.25
3532.00
3532.21
3541.92
3542.87
3543.70
3543.93
3546.67
3546.85
3547.61
3547.91
3555.49
3555.68
3556.45
3556.52
3556.73
3556.80
3559.51
3559.58
3559.77
3559.84
3560.62
3560.69
3560.90
3561.01
3570.71
3571.50
3571.68
3571.76
3572.54
3572.63
3572.84
3572.94
3575.76
3575.85
3576.04
3576.12
3576.90
3576.99
3577.21
3577.30
3584.90
3584.98
3585.18
3585.27
3586.06
3586.14
3586.37
3586.46
3589.28
3589.38
3589.59
3589.71
3590.59
3590.68
3590.92
3591.02
3600.67
3601.45
3601.64
3601.72
3602.54
3602.62
3602.85
3602.95
3605.85
3605.93
3606.13
3606.30
3607.11
3607.18
3607.42
3607.50
3615.18
3615.26
3615.47
3615.54
3616.36
3616.43
3616.67
3616.74
3619.63
3619.76
3619.97
3620.04
3620.87
3620.94
3621.18
3621.25
3630.82
3631.62
3631.84
3631.91
3632.86
3632.94
3633.20
3633.27
3636.22
3636.29
3636.51
3636.58
3637.43
3637.50
3638.45
3638.52
3645.88
3645.96
3646.20
3646.27
3647.25
3647.32
3648.29
3648.36
3651.24
3651.31
3651.53
3651.60
3652.49
3652.56
3653.53
3653.60
3663.13
3663.99
3664.22
3664.29
3665.19
3665.27
3666.24
3666.31
3669.24
3669.31
3669.54
3669.62
3670.53
3671.51
3671.57
3679.19
3679.26
3679.50
3680.42
3681.39
3681.46
3684.41
3684.49
3684.73
3684.80
3685.73
3686.76
3696.27
3697.23
3698.14
3699.12
3699.19
3702.18
3702.25
3702.50
3702.57
3704.21
3704.28
3704.53
3704.60
3712.31
3712.57
3714.21
3714.46
3717.50
3717.57
3717.82
3719.44
3719.51
3719.76
3719.83
3729.23
3730.01
3730.26
3730.32
3731.98
3732.05
3732.30
3732.37
3735.47
3735.55
3735.80
3735.87
3737.53
3737.60
3737.85
3737.92
3745.52
3745.60
3745.89
3745.96
3747.62
3747.70
3747.95
3748.02
3751.05
3751.12
3751.37
3751.45
3753.11
3753.18
3753.45
3753.55
3762.96
3763.74
3763.98
3764.06
3765.72
3765.79
3766.04
3766.12
3769.18
3769.26
3769.51
3769.58
3771.26
3771.33
3771.58
3771.65
3779.26
3779.34
3779.58
3779.65
3781.32
3781.39
3781.64
3781.73
3784.89
3784.97
3785.22
3785.30
3786.99
3787.06
3787.31
3787.38
3796.48
3797.27
3797.54
3797.61
3799.36
3799.43
3799.70
3799.78
3802.97
3803.04
3803.32
3803.39
3805.15
3805.22
3805.50
3805.57
3812.93
3813.22
3813.31
3815.11
3815.40
3818.63
3818.91
3820.68
3820.75
3821.02
3821.09
3830.36
3831.13
3831.40
3831.47
3833.24
3833.31
3833.59
3833.66
3836.91
3836.98
3837.26
3837.33
3839.13
3839.20
3839.49
3839.56
3847.08
3847.16
3847.44
3847.51
3849.31
3849.38
3849.66
3849.73
3853.04
3853.33
3855.13
3855.50
3864.70
3865.71
3867.50
3867.78
3871.07
3871.36
3871.42
3873.27
3873.34
3873.62
3880.96
3881.03
3881.32
3881.39
3883.21
3883.28
3883.56
3883.63
3886.93
3887.00
3887.29
3887.36
3889.19
3889.30
3889.59
3889.66
3898.86
3899.64
3899.93
3900.00
3901.84
3901.94
3902.24
3902.32
3905.68
3905.76
3906.07
3906.15
3908.02
3908.09
3908.39
3908.46
3915.74
3915.82
3916.12
3916.20
3918.06
3918.14
3918.44
3918.52
3921.87
3921.95
3922.26
3922.33
3924.20
3924.28
3924.59
3924.67
3933.81
3934.60
3934.91
3934.98
3936.90
3936.97
3937.29
3937.37
3940.75
3940.83
3941.15
3941.23
3943.12
3943.20
3943.52
3943.60
3950.90
3950.98
3951.31
3951.38
3953.30
3953.37
3953.70
3953.78
3957.16
3957.24
3957.57
3957.65
3959.58
3959.65
3959.99
3960.06
3969.20
3969.98
3970.31
3970.39
3972.31
3972.38
3972.73
3972.80
3976.23
3976.30
3976.65
3976.73
3978.67
3978.74
3979.09
3979.17
3986.50
3986.58
3986.94
3987.01
3988.95
3989.03
3989.39
3989.46
3992.89
3992.97
3993.33
3993.40
3995.41
3995.49
3995.85
3995.92
4005.02
4005.80
4006.15
4006.23
4008.19
4008.26
4008.63
4008.70
4012.18
4012.26
4012.63
4012.71
4014.68
4014.76
4015.13
4015.21
4022.62
4022.70
4023.09
4023.18
4025.18
4025.26
4025.64
4025.72
4029.23
4029.31
4029.69
4029.76
4031.76
4031.83
4032.22
4032.29
4041.31
4042.10
4043.22
4043.29
4045.30
4045.37
4045.76
4045.84
4049.37
4049.46
4049.88
4049.95
4051.97
4052.05
4052.44
4052.52
4059.95
4060.03
4060.43
4060.51
4062.54
4062.62
4063.02
4063.10
4066.66
4066.74
4067.15
4067.23
4069.27
4069.35
4069.76
4069.84
4078.82
4079.61
4080.01
4080.10
4082.15
4082.24
4082.65
4082.74
4086.37
4086.46
4086.89
4086.98
4089.07
4089.16
4089.59
4089.70
4097.14
4097.23
4097.65
4097.75
4099.84
4099.93
4100.35
4100.45
4104.05
4104.15
4104.57
4104.67
4106.76
4106.86
4107.29
4107.39
4116.35
4117.20
4117.62
4117.73
4119.83
4119.94
4120.38
4120.51
4124.18
4124.29
4124.73
4124.85
4126.96
4127.07
4127.50
4127.62
4135.17
4135.28
4135.72
4135.84
4137.96
4138.07
4138.51
4138.63
4142.29
4142.40
4142.84
4142.96
4145.08
4145.19
4145.63
4145.75
4154.74
4155.56
4155.99
4156.11
4158.27
4158.39
4158.85
4158.96
4162.73
4162.83
4163.28
4163.38
4165.57
4165.66
4166.12
4166.22
4173.69
4173.79
4174.25
4174.36
4176.53
4176.63
4177.08
4177.19
4181.01
4181.11
4181.57
4181.68
4183.86
4183.97
4184.44
4184.55
4193.43
4194.31
4194.76
4194.86
4197.03
4197.13
4197.59
4197.69
4201.49
4201.59
4202.05
4202.14
4204.33
4204.42
4204.88
4204.98
4212.40
4212.50
4212.97
4213.07
4215.26
4215.35
4215.81
4215.90
4219.75
4219.83
4220.30
4220.39
4222.60
4222.69
4223.15
4223.24
4232.19
4233.00
4233.46
4233.55
4235.78
4235.86
4236.34
4236.43
4240.27
4240.36
4240.84
4240.93
4243.18
4243.27
4243.76
4243.86
4251.31
4251.39
4251.88
4251.97
4254.23
4254.31
4254.81
4254.90
4258.77
4258.86
4259.35
4259.44
4261.70
4261.79
4262.29
4262.38
4271.26
4272.06
4272.55
4272.64
4274.90
4275.01
4275.53
4275.62
4279.65
4279.73
4280.22
4280.31
4282.53
4282.62
4283.13
4283.21
4291.10
4291.20
4291.70
4291.79
4294.03
4294.13
4294.63
4294.72
4298.67
4298.76
4299.26
4299.35
4301.56
4301.64
4302.16
4302.27
4311.15
4311.95
4312.44
4312.53
4314.76
4314.85
4315.38
4315.47
4319.46
4319.55
4320.08
4320.17
4322.40
4322.49
4323.03
4323.12
4330.82
4330.91
4331.46
4331.55
4333.96
4334.04
4334.60
4334.69
4338.67
4338.76
4339.33
4339.42
4341.68
4341.78
4342.38
4342.48
4351.34
4352.12
4352.70
4352.85
4355.11
4355.21
4355.82
4355.92
4359.92
4360.01
4360.63
4360.74
4363.02
4363.13
4363.76
4363.87
4371.55
4371.66
4372.29
4372.40
4374.70
4374.80
4375.45
4375.57
4379.61
4379.73
4380.38
4380.49
4382.82
4382.92
4383.57
4383.67
4392.53
4393.33
4393.96
4394.06
4396.38
4396.47
4397.13
4397.23
4401.37
4401.46
4402.15
4402.25
4404.58
4404.68
4405.36
4405.47
4413.23
4413.34
4414.05
4414.16
4416.51
4416.61
4417.30
4417.41
4421.53
4421.63
4422.33
4422.43
4424.76
4424.85
4425.56
4425.66
4434.49
4435.30
4435.98
4436.09
4438.42
4438.54
4439.26
4439.41
4443.51
4443.65
4444.36
4444.52
4446.94
4447.11
4447.84
4448.05
4455.67
4455.84
4456.57
4456.86
4459.29
4459.46
4460.20
4460.41
4464.49
4464.66
4465.42
4465.63
4468.08
4468.26
4469.02
4469.23
4478.07
4478.96
4479.66
4479.86
4482.30
4482.47
4483.29
4483.49
4487.69
4487.85
4488.64
4488.84
4491.28
4491.45
4492.26
4492.46
4500.27
4500.47
4501.32
4501.55
4504.01
4504.21
4505.06
4505.34
4509.56
4509.80
4510.66
4510.96
4513.43
4513.66
4514.44
4514.74
4523.97
4524.96
4525.68
4525.96
4528.46
4528.73
4529.51
4529.86
4534.23
4534.51
4535.30
4535.67
4538.19
4538.48
4539.28
4539.67
4547.94
4548.26
4549.08
4549.48
4552.01
4552.32
4553.13
4553.52
4557.97
4558.28
4559.16
4559.55
4562.13
4562.44
4563.27
4563.65
4572.71
4573.74
4574.54
4574.87
4577.44
4577.74
4578.59
4578.95
4583.46
4583.74
4584.61
4584.96
4587.54
4587.81
4588.68
4589.01
4597.22
4597.50
4598.37
4598.68
4601.29
4601.53
4602.40
4602.68
4607.17
4607.40
4608.29
4608.55
4611.12
4611.32
4612.19
4612.42
4621.52
4622.48
4623.31
4623.52
4626.14
4626.33
4627.21
4627.43
4631.92
4632.10
4632.99
4633.20
4635.87
4636.04
4636.93
4637.12
4645.46
4645.63
4646.52
4646.69
4649.31
4649.46
4650.38
4650.55
4655.14
4655.28
4656.17
4656.30
4658.92
4659.04
4659.94
4660.07
4669.04
4669.95
4670.95
4671.09
4673.79
4673.93
4675.01
4675.15
4679.57
4679.70
4680.78
4680.91
4683.61
4683.73
4684.65
4684.79
4692.65
4692.79
4693.87
4694.01
4696.74
4696.86
4697.94
4698.07
4702.48
4702.61
4703.71
4703.84
4706.55
4706.66
4707.60
4707.72
4716.69
4717.61
4718.67
4718.79
4721.54
4721.65
4722.59
4722.72
4727.35
4727.47
4728.42
4728.54
4731.29
4731.41
4732.36
4732.50
4740.50
4740.63
4741.59
4741.73
4744.48
4744.61
4745.58
4745.73
4750.35
4750.49
4751.45
4751.60
4754.35
4754.49
4755.47
4755.62
4764.63
4765.53
4766.47
4766.63
4769.43
4769.57
4770.56
4770.81
4775.47
4775.62
4776.61
4776.76
4779.61
4779.76
4780.76
4780.91
4789.13
4789.30
4790.30
4790.44
4793.18
4793.32
4794.32
4794.46
4799.20
4799.34
4800.35
4800.49
4803.27
4803.40
4804.41
4804.56
4813.54
4814.53
4815.50
4815.65
4818.45
4818.58
4819.61
4819.76
4824.54
4824.69
4825.72
4825.86
4828.63
4828.76
4829.78
4829.92
4838.07
4838.22
4839.24
4839.39
4842.23
4842.35
4843.38
4843.53
4848.38
4848.54
4849.59
4849.74
4852.60
4852.73
4853.76
4853.90
4863.13
4864.07
4865.23
4865.38
4868.27
4868.40
4869.42
4869.57
4874.43
4874.57
4875.59
4875.79
4878.69
4878.82
4879.84
4879.98
4888.17
4888.31
4889.33
4889.48
4892.38
4892.52
4893.55
4893.72
4898.60
4898.77
4899.79
4899.98
4902.96
4903.12
4904.13
4904.32
4913.48
4914.41
4915.74
4915.93
4918.90
4919.07
4920.07
4920.29
4925.26
4925.45
4926.42
4926.66
4929.61
4929.83
4930.81
4931.06
4939.26
4939.48
4940.45
4940.70
4943.64
4943.84
4944.82
4945.07
4949.99
4950.20
4951.18
4951.42
4954.40
4954.62
4955.61
4955.85
4965.18
4966.22
4967.17
4967.40
4970.37
4970.57
4971.54
4971.77
4976.76
4976.95
4977.91
4978.14
4981.13
4981.32
4982.58
4982.81
4991.29
4991.53
4992.51
4992.75
4995.74
4995.94
4996.90
4997.14
5002.28
5002.51
5003.50
5003.76
5006.78
5006.99
5007.95
5008.20
5017.52
5018.53
5019.45
5019.69
5022.64
5022.86
5023.81
5024.07
5029.16
5029.39
5030.36
5030.63
5033.64
5033.85
5034.90
5035.16
5043.52
5043.76
5044.72
5044.98
5047.98
5048.19
5049.16
5049.41
5054.49
5054.71
5055.67
5055.92
5058.90
5059.11
5060.07
5060.31
5069.69
5070.68
5071.62
5071.84
5074.83
5075.03
5076.03
5076.38
5081.49
5081.69
5082.66
5082.89
5085.91
5086.10
5087.08
5087.31
5095.66
5095.87
5096.86
5097.10
5100.17
5100.38
5101.38
5101.62
5106.75
5106.94
5107.93
5108.15
5111.20
5111.38
5112.38
5112.60
5122.07
5123.05
5124.01
5124.22
5127.25
5127.44
5128.43
5128.66
5133.81
5134.00
5135.01
5135.24
5138.41
5138.60
5139.60
5139.82
5148.27
5148.47
5149.49
5149.72
5152.80
5152.99
5153.99
5154.22
5159.40
5159.60
5160.60
5160.83
5163.95
5164.13
5165.14
5165.36
5175.01
5176.05
5177.03
5177.24
5180.33
5180.51
5181.53
5181.74
5187.09
5187.30
5188.34
5188.54
5191.69
5191.86
5192.90
5193.09
5201.68
5201.87
5202.92
5203.10
5206.26
5206.41
5207.46
5207.65
5213.02
5213.19
5214.25
5214.44
5217.56
5217.72
5218.78
5218.96
5228.67
5229.66
5230.67
5230.84
5233.99
5234.15
5235.23
5235.41
5240.79
5240.96
5242.03
5242.21
5245.39
5245.56
5246.64
5246.83
5255.49
5255.67
5256.74
5257.63
5260.87
5261.04
5262.14
5262.34
5267.74
5267.91
5268.99
5269.18
5272.42
5272.59
5273.67
5273.87
5283.58
5284.61
5285.65
5285.85
5289.09
5289.30
5290.40
5290.65
5296.15
5296.36
5297.46
5297.73
5301.04
5301.25
5302.35
5302.59
5311.30
5311.53
5312.63
5312.88
5316.14
5316.35
5317.46
5317.72
5323.21
5323.44
5324.56
5324.83
5328.12
5328.34
5329.46
5329.74
5339.13
5340.15
5341.20
5341.44
5344.72
5344.94
5346.06
5346.33
5351.76
5351.98
5353.10
5353.39
5356.62
5356.84
5357.96
5358.23
5366.74
5366.98
5368.17
5368.44
5371.68
5371.90
5373.03
5373.41
5378.88
5379.12
5380.25
5380.53
5383.80
5384.03
5385.23
5385.51
5395.43
5396.51
5397.58
5397.83
5401.12
5401.35
5402.51
5402.77
5408.22
5408.44
5409.55
5409.80
5413.06
5413.28
5414.43
5414.67
5423.11
5423.33
5424.47
5424.70
5428.06
5428.26
5429.40
5429.63
5435.24
5435.44
5436.58
5436.80
5440.21
5440.40
5441.54
5441.77
5451.88
5452.89
5453.95
5454.16
5457.46
5457.65
5458.81
5459.05
5464.68
5464.89
5466.06
5466.30
5469.70
5469.90
5471.08
5471.32
5479.75
5479.98
5481.18
5481.43
5484.80
5485.00
5486.18
5486.46
5491.89
5492.11
5493.29
5493.54
5496.93
5497.14
5498.33
5498.59
5507.70
5508.70
5509.80
5510.04
5513.49
5513.72
5514.90
5515.17
5520.83
5521.07
5522.27
5522.56
5526.08
5526.32
5527.53
5527.81
5536.64
5536.90
5538.11
5538.41
5541.90
5542.15
5543.37
5543.66
5549.33
5549.58
5550.79
5551.08
5554.48
5554.69
5555.92
5556.17
5565.61
5566.68
5567.81
5568.07
5571.46
5571.66
5572.91
5573.16
5578.56
5578.77
5580.02
5580.27
5583.68
5583.89
5585.18
5585.43
5593.73
5593.95
5595.21
5595.47
5598.84
5599.06
5600.31
5600.57
5605.97
5606.20
5607.49
5607.76
5611.17
5611.39
5612.65
5612.92
5622.25
5623.33
5624.49
5624.79
5628.14
5628.39
5629.67
5629.95
5635.38
5635.62
5636.90
5637.18
5640.60
5640.82
5642.11
5642.39
5650.67
5650.91
5652.19
5652.47
5655.98
5656.22
5657.49
5657.78
5663.24
5663.48
5664.86
5665.14
5668.59
5668.83
5670.14
5670.44
5679.68
5680.71
5681.91
5682.16
5685.49
5685.72
5686.97
5687.26
5692.65
5692.89
5694.15
5694.44
5697.87
5698.11
5699.37
5699.67
5707.83
5708.08
5709.34
5709.66
5713.06
5713.32
5714.61
5714.92
5720.40
5720.66
5721.91
5722.22
5725.68
5725.95
5727.20
5727.51
5736.92
5737.97
5739.17
5739.47
5742.86
5743.11
5744.35
5744.66
5750.15
5750.42
5751.66
5751.99
5755.50
5755.76
5757.02
5757.35
5765.64
5765.92
5767.16
5767.49
5770.97
5771.24
5772.49
5772.83
5778.42
5778.72
5780.01
5780.35
5783.87
5784.16
5785.42
5785.77
5795.60
5796.77
5798.05
5798.37
5801.77
5802.06
5803.31
5803.67
5809.26
5809.56
5810.82
5811.20
5814.70
5815.00
5816.25
5816.64
5825.17
5825.49
5826.76
5827.18
5830.69
5831.00
5832.25
5832.66
5838.19
5838.51
5839.76
5840.19
5843.69
5844.02
5845.28
5845.71
5855.16
5856.38
5857.56
5857.93
5861.31
5861.63
5862.87
5863.28
5868.75
5869.07
5870.32
5870.74
5874.21
5874.53
5875.75
5876.16
5884.27
5884.60
5885.83
5886.24
5889.72
5890.03
5891.27
5891.67
5897.12
5897.43
5898.65
5899.05
5902.50
5902.80
5904.19
5904.57
5914.39
5915.55
5916.73
5917.08
5920.45
5920.76
5922.02
5922.42
5928.01
5928.32
5929.72
5930.12
5933.65
5933.96
5935.36
5935.77
5944.32
5944.75
5946.13
5946.52
5950.05
5950.34
5951.73
5952.11
5957.68
5957.98
5959.37
5959.75
5963.28
5963.67
5964.97
5965.33
5974.44
5975.58
5976.82
5977.16
5980.59
5980.88
5982.16
5982.53
5988.10
5988.40
5989.83
5990.20
5993.80
5994.08
5995.36
5995.72
6003.82
6004.10
6005.40
6005.79
6009.29
6009.58
6011.01
6011.38
6017.00
6017.28
6018.68
6019.05
6022.65
6022.93
6024.24
6024.61
6033.81
6034.91
6036.21
6036.54
6040.01
6040.29
6041.60
6041.96
6047.47
6047.76
6049.08
6049.46
6053.09
6053.39
6054.79
6055.16
6063.64
6063.95
6065.34
6065.73
6069.34
6069.63
6071.03
6071.42
6077.04
6077.33
6078.70
6079.07
6082.66
6082.95
6084.32
6084.69
6094.39
6095.52
6096.90
6097.26
6100.77
6101.06
6102.39
6102.76
6108.33
6108.63
6110.02
6110.41
6114.06
6114.37
6115.79
6116.17
6124.62
6124.93
6126.31
6126.69
6130.30
6130.59
6131.92
6132.49
6138.04
6138.34
6139.69
6140.07
6143.75
6144.04
6145.38
6145.76
6155.31
6156.43
6157.79
6158.15
6161.71
6162.00
6163.37
6163.75
6169.37
6169.67
6171.02
6171.39
6175.02
6175.32
6176.68
6177.06
6185.42
6185.75
6187.11
6187.47
6191.15
6191.45
6192.80
6193.16
6198.75
6199.04
6200.39
6200.75
6204.37
6204.75
6206.09
6206.45
6215.73
6216.82
6218.14
6218.47
6221.97
6222.24
6223.50
6223.85
6229.42
6229.70
6231.06
6231.40
6235.06
6235.34
6236.68
6237.02
6245.20
6245.48
6246.78
6247.13
6250.70
6250.97
6252.28
6252.63
6258.28
6258.57
6259.89
6260.24
6263.82
6264.10
6265.39
6265.75
6274.72
6275.74
6276.99
6277.31
6280.86
6281.14
6282.44
6282.79
6288.45
6288.73
6290.05
6290.54
6294.17
6294.44
6295.75
6296.09
6304.33
6304.61
6305.96
6306.30
6310.04
6310.34
6311.68
6312.06
6317.92
6318.23
6319.56
6319.96
6323.61
6323.91
6325.46
6325.86
6335.15
6336.23
6337.51
6337.86
6341.44
6341.75
6343.11
6343.51
6349.32
6349.65
6350.97
6351.38
6355.02
6356.09
6357.42
6357.84
6366.21
6366.57
6367.92
6368.34
6371.98
6372.31
6373.66
6374.11
6379.90
6380.26
6381.62
6382.06
6385.71
6386.04
6387.39
6387.83
6397.16
6398.37
6399.67
6400.02
6403.88
6404.21
6405.69
6406.11
6411.79
6412.13
6413.51
6413.92
6417.58
6417.89
6419.29
6419.69
6427.89
6428.26
6429.70
6430.10
6433.78
6434.08
6435.46
6435.84
6441.56
6441.86
6443.25
6443.63
6447.33
6447.62
6449.02
6449.40
6458.46
6459.68
6461.02
6461.35
6465.03
6465.32
6466.72
6467.09
6472.80
6473.09
6474.52
6474.89
6478.60
6478.89
6480.33
6480.71
6488.82
6489.14
6490.62
6491.00
6494.74
6495.03
6496.49
6496.87
6502.66
6502.96
6504.43
6504.80
6508.58
6508.87
6510.30
6510.67
6519.81
6520.87
6522.19
6522.51
6526.21
6526.50
6527.98
6528.36
6534.09
6534.38
6535.85
6536.23
6539.98
6540.28
6541.79
6542.17
6550.39
6550.69
6552.22
6552.59
6556.44
6556.72
6558.24
6558.61
6564.35
6564.64
6566.18
6566.55
6570.35
6570.63
6572.18
6572.55
6582.04
6583.15
6584.52
6584.84
6588.53
6588.81
6590.37
6590.75
6596.64
6596.94
6598.54
6598.89
6602.75
6603.04
6604.56
6604.92
6613.43
6613.75
6615.37
6615.75
6619.69
6619.99
6621.53
6621.91
6627.89
6628.20
6629.76
6630.15
6634.13
6634.44
6635.98
6636.38
6646.59
6647.79
6649.15
6649.49
6653.24
6653.55
6655.02
6655.43
6661.34
6661.67
6663.16
6663.59
6667.59
6667.93
6669.43
6669.89
6678.71
6679.08
6680.56
6681.04
6684.95
6685.32
6686.77
6688.11
6693.95
6694.38
6695.95
6697.29
6701.14
6701.71
6703.26
6704.63
6714.26
6715.60
6717.06
6717.68
6721.56
6722.09
6723.61
6725.09
6731.02
6731.61
6733.27
6734.75
6738.66
6739.26
6740.93
6742.39
6750.55
6751.15
6752.71
6754.17
6758.05
6758.65
6760.22
6761.68
6767.57
6768.22
6769.81
6771.29
6775.23
6775.85
6777.44
6778.91
6789.09
6790.55
6792.04
6792.82
6796.83
6797.47
6799.04
6800.59
6806.65
6807.29
6808.94
6810.45
6814.42
6815.02
6816.65
6818.13
6826.61
6827.20
6828.85
6830.32
6834.29
6834.82
6836.42
6837.85
6843.89
6844.42
6846.10
6847.53
6851.56
6852.06
6853.76
6855.20
6865.30
6866.65
6868.11
6868.67
6872.75
6873.22
6874.85
6876.31
6882.40
6882.87
6884.52
6885.92
6889.90
6890.33
6891.94
6893.29
6901.59
6902.03
6903.64
6904.96
6908.91
6909.30
6910.87
6912.24
6918.27
6918.67
6920.24
6921.53
6925.49
6925.86
6927.42
6928.71
6938.01
6939.24
6940.68
6941.10
6944.99
6945.35
6946.94
6948.23
6954.17
6954.53
6956.11
6957.32
6961.14
6961.48
6963.07
6964.31
6972.51
6972.87
6974.61
6975.84
6979.73
6980.04
6981.64
6982.88
6988.75
6989.06
6990.67
6991.87
6995.78
6996.10
6997.71
6998.89
7008.45
7009.59
7011.11
7011.44
7015.37
7015.66
7017.30
7018.50
7024.44
7024.76
7026.43
7027.61
7031.54
7031.84
7033.54
7034.77
7042.94
7043.25
7044.91
7046.11
7050.01
7050.31
7052.00
7053.21
7059.19
7059.48
7061.13
7062.35
7066.29
7066.58
7068.24
7069.47
7079.08
7080.23
7081.79
7082.28
7086.52
7086.82
7088.51
7089.75
7095.79
7096.09
7097.79
7099.02
7102.95
7103.24
7104.95
7106.18
7114.42
7114.73
7116.45
7117.75
7121.67
7121.96
7123.71
7124.96
7130.90
7131.20
7132.93
7134.16
7138.05
7138.35
7140.09
7141.32
7151.20
7152.52
7154.18
7154.55
7158.59
7158.91
7160.69
7161.96
7167.81
7168.14
7169.93
7171.16
7175.13
7175.45
7177.26
7178.52
7186.86
7187.21
7189.02
7190.27
7194.26
7194.59
7196.39
7197.66
7203.53
7203.87
7205.68
7206.97
7210.98
7211.31
7213.20
7214.48
7224.41
7225.74
7227.37
7227.78
7231.92
7232.28
7234.09
7235.41
7241.36
7241.73
7243.58
7244.89
7248.89
7249.28
7251.14
7252.46
7260.71
7261.12
7263.00
7264.33
7268.34
7268.75
7270.63
7271.99
7277.96
7278.37
7280.26
7281.57
7285.54
7285.93
7287.80
7289.12
7299.25
7300.57
7302.28
7302.76
7306.80
7307.21
7309.06
7310.42
7316.39
7316.81
7318.70
7320.03
7324.04
7324.45
7326.38
7327.73
7336.34
7336.85
7338.94
7340.30
7344.44
7344.93
7347.03
7348.39
7354.50
7355.00
7357.13
7358.51
7362.63
7363.13
7365.29
7366.66
7366.66
