0002097152
0002097152
0002097152
0002097152
0002097152
0002097152
0002097152
0002097152
0002097152
0002097152
0002097152
0002097152
0002097152
0002097152
0002097152
0002097152
0002097152
0002097152
0002097152
0002097152
0002097152
0002097152
0002097152
0002097152
0002097152
0002097152
0002097152
0002097152
0002097152
0002097152
0002097152
0002097152
0002097152
0002097152
0002097152
0002097152
0002097152
0002097152
0002097152
0002097152
0002097152
0002097152
0002097152
0002097152
0002097152
0002097152
0002097152
0002097152
0002097152
0002097152
0002097152
0002097152
0002097152
0002097152
0002097152
0002097152
0002097152
0002097152
0002097152
0002097152
0002097152
0002097152
0002097152
0002097152
0002097152
0002097152
0002097152
0002097152
0002097152
0002097152
0002097152
0002097152
0002097152
0002097152
0002097152
0002097152
0002097152
0000000002
0002097152
0000000005
0002097152
0000000007
0002097152
0000000009
0000000001
0002097152
0000000002
0000000016
0000000002
0002097152
0000000003
0000000026
0000000006
0002097152
0000000009
0000000053
0000000010
0002097152
0000000010
0000000102
0000000012
0002097152
0000000014
0000000164
0000000016
0002097152
0000000016
0000000258
0000000014
0002097152
0000000018
0000000397
0000000021
0002097152
0000000022
0000000618
0000000027
0000000002
0002097152
0000000002
0000000030
0000000002
0000000914
0000000002
0000000037
0000000003
0002097152
0000000002
0000000041
0000001273
0000000043
0002097152
0000000058
0000001707
0000000067
0002097152
0000000077
0000002359
0000000087
0002097152
0000000105
0000003159
0000000117
0002097152
0000000133
0000004090
0000000153
0002097152
0000000180
0000005286
0000000187
0002097152
0000000206
0000006709
0000000250
0002097152
0000000276
0000008313
0000000268
0002097152
0000000003
0000000303
0000000003
0000010283
0000000002
0000000333
0000000002
0002097152
0000000003
0000000378
0000012784
0000000399
0002097152
0000000003
0000000424
0000000003
0000015810
0000000003
0000000490
0000000001
0002097152
0000000007
0000000574
0000000005
0000019480
0000000005
0000000628
0000000006
0002097152
0000000010
0000000668
0000000013
0000023729
0000000010
0000000720
0000000005
0002097152
0000000004
0000000801
0000000004
0000028667
0000000003
0000000900
0000000004
0002097152
0000000004
0000000977
0000000001
0000034354
0000000005
0000001023
0000000009
0002097152
0000000012
0000001138
0000000016
0000040897
0000000015
0000001246
0000000019
0002097152
0000000017
0000001393
0000000016
0000048170
0000000012
0000001486
0000000012
0002097152
0000000011
0000001626
0000000013
0000056448
0000000010
0000001739
0000000018
0002097152
0000000017
0000001905
0000000019
0000065376
0000000022
0000002051
0000000016
0002097152
0000000014
0000002219
0000000021
0000075217
0000000017
0000002417
0000000018
0002097152
0000000020
0000002647
0000000026
0000085688
0000000031
0000002868
0000000028
0002097152
0000000033
0000003141
0000000039
0000097047
0000000047
0000003390
0000000034
0002097152
0000000037
0000003716
0000000044
0000109265
0000000042
0000004025
0000000057
0002097152
0000000053
0000004277
0000000060
0000122282
0000000063
0000004566
0000000076
0002097152
0000000079
0000004872
0000000081
0000136236
0000000080
0000005129
0000000088
0002097152
0000000088
0000005494
0000000099
0000151378
0000000105
0000005828
0000000090
0002097152
0000000087
0000006186
0000000116
0000167188
0000000127
0000006585
0000000123
0002097152
0000000140
0000006958
0000000155
0000183901
0000000171
0000007359
0000000188
0002097152
0000000194
0000007866
0000000195
0000201619
0000000190
0000008397
0000000194
0002097152
0000000213
0000008854
0000000230
0000220184
0000000254
0000009376
0000000243
0002097152
0000000243
0000009977
0000000226
0000239889
0000000240
0000010658
0000000261
0002097152
0000000298
0000011322
0000000316
0000260558
0000000337
0000011858
0000000346
0002097152
0000000349
0000012570
0000000342
0000282482
0000000333
0000013378
0000000333
0002097152
0000000357
0000014174
0000000357
0000304854
0000000353
0000015017
0000000366
0002097152
0000000383
0000015847
0000000407
0000328344
0000000427
0000016693
0000000459
0002097152
0000000479
0000017557
0000000529
0000352517
0000000544
0000018542
0000000597
0002097152
0000000625
0000019471
0000000639
0000377767
0000000673
0000020366
0000000688
0002097152
0000000717
0000021395
0000000771
0000403956
0000000782
0000022449
0000000800
0002097152
0000000812
0000023497
0000000835
0000430983
0000000858
0000024776
0000000903
0002097152
0000000963
0000026018
0000001016
0000458744
0000001041
0000027338
0000001094
0002097152
0000001143
0000028744
0000001204
0000487193
0000001235
0000030055
0000001277
0002097152
0000001347
0000031531
0000001398
0000516256
0000001482
0000033011
0000001554
0002097152
0000001618
0000034582
0000001730
0000546143
0000001773
0000036127
0000001827
0002097152
0000001906
0000037617
0000001950
0000576810
0000002041
0000039291
0000002166
0002097152
0000002245
0000040982
0000002299
0000607987
0000002317
0000042628
0000002376
0002097152
0000002482
0000044566
0000002592
0000639101
0000002693
0000046332
0000002822
0002097152
0000002905
0000048406
0000003047
0000670741
0000000001
0000003094
0000050458
0000003268
0002097152
0000000001
0000003382
0000000001
0000052584
0000000002
0000003520
0000000004
0000702768
0000000003
0000003657
0000000002
0000054726
0000000004
0000003772
0000000002
0002097152
0000000002
0000003899
0000000002
0000056875
0000000002
0000003994
0000000002
0000735138
0000000001
0000004132
0000059090
0000004240
0002097152
0000004393
0000061399
0000004600
0000000002
0000767501
0000000004
0000004762
0000000009
0000063788
0000000010
0000004975
0000000009
0002097152
0000000007
0000005140
0000000007
0000066220
0000000007
0000005298
0000000006
0000800016
0000000007
0000005443
0000000006
0000068631
0000000007
0000005482
0000000006
0002097152
0000000003
0000005693
0000071151
0000000005
0000005811
0000000008
0000832286
0000000009
0000006010
0000000011
0000073830
0000000012
0000006206
0000000012
0002097152
0000000010
0000006382
0000000010
0000076599
0000000009
0000006512
0000000005
0000864826
0000006682
0000000002
0000079398
0000000005
0000006844
0000000006
0002097152
0000000007
0000007119
0000000008
0000082175
0000000005
0000007431
0000000006
0000897074
0000000001
0000007691
0000000001
0000084838
0000000002
0000007993
0000000003
0002097152
0000000006
0000008258
0000000003
0000087697
0000000004
0000008509
0000000009
0000928927
0000000005
0000008745
0000000003
0000090524
0000000002
0000008999
0002097152
0000009276
0000000002
0000093626
0000000005
0000009547
0000000011
0000960240
0000000019
0000009781
0000000025
0000096395
0000000022
0000010154
0000000024
0002097152
0000000032
0000010445
0000000038
0000099512
0000000042
0000010727
0000000043
0000991633
0000000051
0000011050
0000000056
0000102712
0000000056
0000011341
0000000052
0002097152
0000000047
0000011631
0000000040
0000105956
0000000038
0000011846
0000000050
0001022729
0000000052
0000012086
0000000039
0000109259
0000000040
0000012426
0000000030
0002097152
0000000031
0000012834
0000000041
0000112733
0000000035
0000013167
0000000034
0001053293
0000000028
0000013548
0000000025
0000116134
0000000020
0000013860
0000000025
0002097152
0000000026
0000014259
0000000038
0000119869
0000000041
0000014538
0000000043
0001083599
0000000054
0000014930
0000000067
0000123277
0000000076
0000015334
0000000080
0002097152
0000000087
0000015640
0000000100
0000127186
0000000107
0000016024
0000000120
0001113320
0000000131
0000016404
0000000138
0000130692
0000000139
0000016743
0000000142
0002097152
0000000157
0000017159
0000000161
0000134637
0000000169
0000017694
0000000181
0001142614
0000000194
0000018193
0000000198
0000138325
0000000218
0000018606
0000000226
0002097152
0000000247
0000019126
0000000255
0000142376
0000000263
0000019471
0000000260
0001171192
0000000257
0000019880
0000000246
0000146185
0000000244
0000020251
0000000247
0002097152
0000000228
0000020605
0000000223
0000150578
0000000223
0000021071
0000000220
0001198987
0000000221
0000021533
0000000222
0000154656
0000000231
0000022152
0000000226
0002097152
0000000210
0000022605
0000000187
0000159296
0000000182
0000022969
0000000183
0001226237
0000000174
0000023411
0000000169
0000163090
0000000147
0000023839
0000000145
0002097152
0000000145
0000024431
0000000140
0000167588
0000000141
0000024939
0000000139
0001253272
0000000147
0000025545
0000000158
0000171906
0000000173
0000026136
0000000187
0002097152
0000000204
0000026603
0000000197
0000176885
0000000198
0000027093
0000000199
0001279530
0000000207
0000027671
0000000231
0000181211
0000000250
0000028299
0000000276
0002097152
0000000294
0000028916
0000000313
0000186422
0000000357
0000029696
0000000407
0001305050
0000000475
0000030227
0000000526
0000190906
0000000569
0000030887
0000000596
0002097152
0000000634
0000031595
0000000659
0000196054
0000000717
0000032144
0000000750
0001330317
0000000833
0000032914
0000000865
0000200676
0000000907
0000033614
0000000945
0002097152
0000001013
0000034451
0000001047
0000205913
0000001090
0000035212
0000001168
0001354612
0000001215
0000035859
0000001284
0000210730
0000001307
0000036662
0000001350
0002097152
0000001401
0000037503
0000001454
0000216414
0000001486
0000038303
0000001539
0001378155
0000001572
0000039047
0000001609
0000221055
0000001626
0000039673
0000001634
0002097152
0000001644
0000040644
0000001734
0000226931
0000001735
0000041313
0000001770
0001401040
0000001774
0000042187
0000001793
0000231877
0000001830
0000042799
0000001832
0002097152
0000001844
0000043581
0000001901
0000237931
0000001914
0000044190
0000001938
0001423266
0000001939
0000045124
0000001901
0000242895
0000001918
0000045849
0000001896
0002097152
0000001905
0000046585
0000001935
0000249463
0000001981
0000047473
0000002008
0001444884
0000002054
0000048469
0000002099
0000254642
0000002122
0000049305
0000002138
0002097152
0000002181
0000050355
0000002242
0000261075
0000002368
0000051148
0000002434
0001465682
0000002532
0000051982
0000002633
0000266169
0000002684
0000052776
0000002746
0002097152
0000002784
0000053835
0000002870
0000272703
0000002945
0000054637
0000003002
0001485881
0000003009
0000055647
0000003056
0000278029
0000003110
0000056482
0000003135
0002097152
0000003193
0000057588
0000003280
0000284693
0000003379
0000058636
0000003450
0001505437
0000003527
0000059576
0000003551
0000290154
0000003591
0000060392
0000003629
0002097152
0000003617
0000061402
0000003632
0000297188
0000003669
0000062297
0000003663
0001524305
0000003698
0000063344
0000003713
0000302785
0000003761
0000064377
0000003776
0002097152
0000003816
0000065445
0000003877
0000309791
0000003877
0000066320
0000003958
0001542606
0000003998
0000067294
0000003981
0000315098
0000004024
0000068566
0000004023
0002097152
0000004098
0000069621
0000004100
0000322293
0000004178
0000070923
0000004225
0001560421
0000004263
0000072057
0000004294
0000327458
0000004324
0000073071
0000004404
0002097152
0000004446
0000074400
0000004492
0000335031
0000004453
0000075757
0000004461
0001577575
0000004411
0000076915
0000004457
0000340406
0000004457
0000078258
0000004452
0002097152
0000004505
0000079570
0000004506
0000348267
0000004504
0000080559
0000004514
0001594558
0000004527
0000081938
0000004623
0000354046
0000004680
0000083079
0000004699
0002097152
0000004744
0000084401
0000004813
0000361814
0000004896
0000085816
0000004961
0001610666
0000005080
0000086994
0000005179
0000367390
0000005278
0000088365
0000005456
0002097152
0000005555
0000089840
0000005676
0000375152
0000005793
0000091202
0000005988
0001625937
0000006149
0000092353
0000006292
0000381504
0000006452
0000093466
0000006606
0002097152
0000006736
0000094856
0000006811
0000389879
0000006868
0000096159
0000006993
0001640766
0000007094
0000097507
0000007124
0000395423
0000007168
0000098972
0000007183
0002097152
0000007203
0000100400
0000007309
0000403609
0000007354
0000101639
0000007287
0001655121
0000007357
0000103010
0000000001
0000007448
0000409659
0000007500
0000104322
0000007480
0002097152
0000000001
0000007553
0000000003
0000105722
0000000007
0000007559
0000000006
0000418197
0000000010
0000007601
0000000011
0000106964
0000000003
0000007687
0001668881
0000007684
0000108238
0000007786
0000424013
0000007782
0000109534
0000007881
0002097152
0000007923
0000111102
0000007986
0000433011
0000007967
0000112538
0000007988
0001682168
0000008035
0000114081
0000007989
0000438685
0000008000
0000115496
0000007936
0002097152
0000008026
0000116860
0000008052
0000447598
0000008071
0000118239
0000008140
0001695013
0000008114
0000119784
0000008163
0000453603
0000008165
0000121415
0000008171
0002097152
0000008271
0000122848
0000008318
0000462279
0000008411
0000124170
0000008547
0001707385
0000008626
0000125615
0000008736
0000468092
0000008925
0000127282
0000009111
0002097152
0000009220
0000129044
0000009296
0000476962
0000009440
0000130679
0000009579
0001719285
0000009719
0000132298
0000009852
0000482870
0000009954
0000133751
0000010049
0002097152
0000010204
0000135468
0000010370
0000491846
0000010490
0000137081
0000010661
0001730603
0000010880
0000138769
0000011080
0000497465
0000011205
0000140496
0000011333
0002097152
0000011549
0000142301
0000000001
0000011786
0000506378
0000011835
0000144038
0000012034
0001741661
0000012164
0000145873
0000012288
0000512163
0000012491
0000147571
0000012582
0002097152
0000012762
0000149420
0000012912
0000521362
0000013008
0000150949
0000013209
0001751867
0000013419
0000152596
0000000002
0000013598
0000000003
0000526636
0000000009
0000013834
0000000042
0000154428
0000000102
0000013948
0000000183
0002097152
0000000243
0000014265
0000000271
0000156267
0000000299
0000014523
0000000325
0000536372
0000000349
0000014767
0000000378
0000158133
0000000384
0000015034
0000000403
0001761825
0000000409
0000015287
0000000415
0000159859
0000000385
0000015590
0000000376
0000541928
0000000384
0000015867
0000000354
0000161667
0000000327
0000016219
0000000300
0002097152
0000000316
0000016557
0000000302
0000163826
0000000279
0000016957
0000000251
0000551486
0000000236
0000017248
0000000219
0000165602
0000000200
0000017601
0000000168
0001771276
0000000172
0000017868
0000000147
0000167441
0000000131
0000018095
0000000104
0000557342
0000000081
0000018402
0000000065
0000169420
0000000049
0000018632
0000000038
0002097152
0000000025
0000018914
0000000018
0000171496
0000000021
0000019135
0000000016
0000566711
0000000010
0000019434
0000000006
0000173574
0000000009
0000019569
0000000011
0001780651
0000000021
0000019792
0000000026
0000175425
0000000025
0000020037
0000000026
0000572171
0000000026
0000020293
0000000029
0000177309
0000000032
0000020521
0000000034
0002097152
0000000034
0000020741
0000000036
0000179442
0000000023
0000021041
0000000007
0000581905
0000000001
0000021238
0000000001
0000181399
0000021527
0000000001
0001789267
0000000001
0000021659
0000183316
0000021788
0000000004
0000587218
0000000003
0000021919
0000000003
0000185381
0000021909
0002097152
0000022007
0000187760
0000022162
0000000004
0000597140
0000000005
0000022272
0000000004
0000189755
0000000001
0000022442
0000000001
0001797704
0000022579
0000191548
0000022696
0000602524
0000000001
0000023000
0000193438
0000000002
0000023179
0000000005
0002097152
0000000009
0000023375
0000000014
0000195725
0000000012
0000023679
0000000013
0000612256
0000000022
0000023756
0000000029
0000197653
0000000033
0000023776
0000000056
0001805818
0000000066
0000023963
0000000102
0000199342
0000000155
0000024148
0000000200
0000618041
0000000221
0000024318
0000000247
0000201591
0000000254
0000024365
0000000265
0002097152
0000000255
0000024523
0000000232
0000203842
0000000223
0000024579
0000000209
0000628122
0000000184
0000024736
0000000151
0000205757
0000000131
0000024887
0000000112
0001813454
0000000107
0000024907
0000000076
0000207914
0000000056
0000024986
0000000043
0000633941
0000000031
0000025007
0000000024
0000210046
0000000012
0000025051
0000000006
0002097152
0000000005
0000025324
0000000004
0000212499
0000000008
0000025457
0000000007
0000643636
0000000007
0000025630
0000000004
0000214457
0000000004
0000025950
0000000003
0001820755
0000026090
0000000001
0000216327
0000026223
0000649145
0000026494
0000218408
0000000001
0000026659
0000000009
0002097152
0000000013
0000026827
0000000012
0000220943
0000000009
0000026988
0000000010
0000659197
0000000004
0000027208
0000000001
0000222667
0000000004
0000027410
0000000007
0001827905
0000000005
0000027647
0000000002
0000224457
0000000002
0000027918
0000000001
0000664711
0000028266
0000226376
0000028717
0002097152
0000029030
0000228688
0000029299
0000674458
0000029658
0000000001
0000230535
0000000003
0000029954
0001834703
0000000003
0000030362
0000000003
0000232478
0000000002
0000030709
0000000005
0000679802
0000000008
0000031176
0000000015
0000234664
0000000027
0000031591
0000000040
0002097152
0000000058
0000032143
0000000079
0000237128
0000000088
0000032452
0000000096
0000689771
0000000090
0000032924
0000000104
0000239159
0000000115
0000033264
0000000158
0001841011
0000000203
0000033593
0000000254
0000241120
0000000300
0000033941
0000000335
0000694861
0000000342
0000034425
0000000340
0000243095
0000000359
0000034838
0000000375
0002097152
0000000379
0000035176
0000000382
0000245464
0000000424
0000035636
0000000403
0000704808
0000000424
0000036076
0000000427
0000247569
0000000418
0000036523
0000000418
0001847067
0000000416
0000036917
0000000385
0000249437
0000000362
0000037097
0000000356
0000709868
0000000376
0000037513
0000000358
0000251515
0000000373
0000037822
0000000358
0002097152
0000000367
0000038305
0000000348
0000254020
0000000343
0000038749
0000000325
0000719560
0000000299
0000039117
0000000289
0000256021
0000000287
0000039410
0000000275
0001852894
0000000255
0000039831
0000000226
0000257704
0000000210
0000040171
0000000199
0000724246
0000000181
0000040593
0000000157
0000259772
0000000141
0000040939
0000000121
0002097152
0000000122
0000041490
0000000133
0000262239
0000000142
0000041930
0000000144
0000734423
0000000157
0000042301
0000000160
0000264252
0000000189
0000042806
0000000198
0001858483
0000000211
0000043152
0000000215
0000266167
0000000204
0000043484
0000000192
0000739161
0000000198
0000043786
0000000180
0000268099
0000000167
0000044189
0000000148
0002097152
0000000160
0000044761
0000000155
0000270924
0000000153
0000045103
0000000149
0000749060
0000000160
0000045668
0000000167
0000273101
0000000183
0000046039
0000000211
0001863672
0000000243
0000046368
0000000260
0000275135
0000000274
0000046898
0000000302
0000753715
0000000311
0000047328
0000000335
0000277262
0000000354
0000047735
0000000385
0002097152
0000000419
0000048267
0000000440
0000280115
0000000489
0000048711
0000000521
0000762951
0000000517
0000049198
0000000513
0000281974
0000000502
0000049656
0000000507
0001868758
0000000553
0000050009
0000000566
0000283971
0000000575
0000050557
0000000589
0000767417
0000000612
0000050940
0000000648
0000285636
0000000739
0000051386
0000000767
0002097152
0000000836
0000051982
0000000914
0000288162
0000000973
0000052384
0000001020
0000777160
0000001058
0000052693
0000001081
0000290076
0000001110
0000052877
0000001117
0001873412
0000001145
0000053090
0000001169
0000292204
0000001166
0000053423
0000001139
0000781330
0000001123
0000053739
0000001068
0000294148
0000000998
0000053916
0000000971
0002097152
0000000979
0000054530
0000001002
0000296985
0000001073
0000054920
0000001145
0000791211
0000001204
0000055371
0000001268
0000299160
0000001311
0000055808
0000001354
0001877905
0000001370
0000056165
0000001329
0000301301
0000001305
0000056446
0000001272
0000795434
0000001240
0000056789
0000001174
0000303071
0000001131
0000057058
0000001055
0002097152
0000001013
0000057703
0000000952
0000305763
0000000897
0000058145
0000000837
0000805048
0000000775
0000058473
0000000722
0000307818
0000000714
0000058804
0000000697
0001882157
0000000691
0000058927
0000000657
0000309644
0000000623
0000059239
0000000565
0000809248
0000000524
0000059557
0000000498
0000311861
0000000519
0000059669
0000000526
0002097152
0000000544
0000060112
0000000554
0000314746
0000000566
0000060536
0000000578
0000818940
0000000587
0000060793
0000000602
0000316762
0000000634
0000060950
0000000642
0001886143
0000000652
0000061127
0000000659
0000319018
0000000674
0000061306
0000000685
0000822874
0000000704
0000061329
0000000708
0000320617
0000000674
0000061513
0000000670
0002097152
0000000684
0000062099
0000000700
0000323417
0000000697
0000062347
0000000681
0000832115
0000000673
0000062654
0000000683
0000325351
0000000674
0000062989
0000000666
0001889850
0000000674
0000063391
0000000669
0000327319
0000000692
0000063582
0000000723
0000836097
0000000711
0000063897
0000000718
0000329313
0000000730
0000064241
0000000746
0002097152
0000000797
0000064964
0000000810
0000332570
0000000802
0000065542
0000000821
0000845342
0000000841
0000066097
0000000858
0000334479
0000000871
0000066789
0000000887
0001893324
0000000860
0000067289
0000000844
0000336596
0000000838
0000067870
0000000896
0000848970
0000000923
0000068294
0000000914
0000338766
0000000971
0000068822
0000001031
0002097152
0000001072
0000069514
0000001133
0000341707
0000001173
0000070174
0000001180
0000858187
0000001182
0000070833
0000001196
0000344057
0000001208
0000071451
0000001197
0001896669
0000001174
0000071784
0000001176
0000346154
0000001159
0000072282
0000001160
0000861740
0000001144
0000072624
0000001124
0000348014
0000001059
0000072858
0000001008
0002097152
0000001012
0000073443
0000000955
0000350730
0000000930
0000073778
0000000965
0000870820
0000000986
0000074101
0000001019
0000352682
0000001046
0000074541
0000001099
0001899558
0000001131
0000074909
0000001169
0000354354
0000001180
0000075374
0000001236
0000874172
0000001291
0000075780
0000001313
0000356262
0000001335
0000076241
0000001454
0002097152
0000001625
0000077003
0000001848
0000359489
0000002081
0000077636
0000002376
0000883381
0000002553
0000078120
0000002755
0000361462
0000002970
0000078871
0000003198
0001902310
0000003378
0000079419
0000003524
0000363512
0000003655
0000079976
0000003761
0000886840
0000003841
0000080583
0000003884
0000365244
0000003930
0000081130
0000004024
0002097152
0000004162
0000081900
0000004322
0000368423
0000004453
0000082437
0000004501
0000896131
0000004565
0000083140
0000004625
0000370456
0000004718
0000083543
0000004833
0001904932
0000004879
0000084084
0000004991
0000372443
0000005128
0000084576
0000005383
0000899247
0000005560
0000084966
0000005687
0000374273
0000005820
0000085505
0000005954
0002097152
0000006190
0000086249
0000006352
0000377276
0000006538
0000086763
0000006724
0000907843
0000006869
0000087453
0000006958
0000378817
0000007029
0000088124
0000007052
0001907329
0000007105
0000088785
0000007114
0000380705
0000007065
0000089206
0000006970
0000910816
0000007003
0000089764
0000006987
0000382491
0000006917
0000090191
0000006803
0002097152
0000006773
0000090924
0000006646
0000385591
0000006531
0000091715
0000006467
0000919186
0000006352
0000092405
0000006229
0000387618
0000006109
0000093076
0000005967
0001909530
0000005760
0000093614
0000005554
0000389586
0000005322
0000094325
0000005107
0000921945
0000004796
0000094927
0000004516
0000391262
0000004314
0000095664
0000004186
0002097152
0000004226
0000096509
0000004162
0000394122
0000004037
0000097288
0000003907
0000930717
0000003813
0000098189
0000003692
0000396026
0000003631
0000098837
0000003504
0001911501
0000003395
0000099350
0000003215
0000397857
0000003064
0000099974
0000002939
0000933303
0000002769
0000100519
0000002655
0000399603
0000002537
0000100873
0000002388
0002097152
0000002381
0000101469
0000002355
0000402726
0000002266
0000101943
0000002181
0000941649
0000002190
0000102166
0000002182
0000404573
0000002194
0000102302
0000002131
0001913003
0000002034
0000102520
0000001916
0000406227
0000001831
0000102691
0000001801
0000943542
0000001764
0000102760
0000001770
0000407920
0000001796
0000102785
0000001712
0002097152
0000001694
0000103273
0000001675
0000410904
0000001692
0000103499
0000001745
0000951468
0000001747
0000103624
0000001725
0000412766
0000001808
0000103687
0000001837
0001914390
0000001889
0000103769
0000001913
0000414476
0000001893
0000103696
0000001833
0000953750
0000001845
0000103838
0000001887
0000416120
0000001899
0000103659
0000001883
0002097152
0000001923
0000103996
0000001959
0000419193
0000002005
0000104198
0000002024
0000961615
0000002054
0000104411
0000002035
0000420821
0000002082
0000104795
0000002201
0001915775
0000002329
0000104924
0000002483
0000422734
0000002674
0000105240
0000002781
0000963539
0000002893
0000105453
0000002944
0000424210
0000002998
0000105442
0000003046
0002097152
0000003047
0000106007
0000003045
0000427219
0000003036
0000106075
0000003028
0000971510
0000003046
0000106125
0000003079
0000428779
0000003162
0000106286
0000003180
0001916886
0000003205
0000106490
0000003191
0000430447
0000003158
0000106474
0000003102
0000973558
0000003057
0000106469
0000003012
0000432003
0000003013
0000106498
0000002991
0002097152
0000002960
0000106886
0000002951
0000435007
0000002919
0000107084
0000002856
0000981246
0000002793
0000107421
0000002762
0000436896
0000002771
0000107603
0000002779
0001917602
0000002814
0000107850
0000002915
0000438601
0000002982
0000108143
0000003085
0000983129
0000003144
0000108366
0000003201
0000440279
0000003246
0000108759
0000003253
0002097152
0000003318
0000109490
0000003403
0000443255
0000003545
0000109919
0000003702
0000990287
0000003911
0000110389
0000004108
0000444781
0000004289
0000110763
0000004388
0001918225
0000004528
0000111262
0000004637
0000446416
0000004714
0000111782
0000004720
0000991538
0000004786
0000112000
0000004860
0000447898
0000004888
0000112091
0000004861
0002097152
0000004898
0000112617
0000004821
0000450942
0000004814
0000113098
0000004773
0000999059
0000004743
0000113373
0000004750
0000452345
0000004856
0000113539
0000004918
0001918849
0000005023
0000113947
0000005050
0000453806
0000005101
0000114196
0000005208
0001000264
0000005265
0000114214
0000005344
0000455294
0000005415
0000114468
0000005440
0002097152
0000005613
0000115283
0000005588
0000458301
0000005607
0000115904
0000005655
0001007176
0000005738
0000116499
0000005686
0000460023
0000005633
0000117037
0000005619
0001919205
0000005615
0000117332
0000005594
0000461672
0000005565
0000117703
0000005442
0001008514
0000005391
0000117871
0000005284
0000463287
0000005258
0000118202
0000005194
0002097152
0000005259
0000118682
0000005220
0000466408
0000005180
0000119176
0000005123
0001015434
0000005111
0000119706
0000005101
0000468114
0000005159
0000120138
0000005132
0001919151
0000005143
0000120834
0000005165
0000469733
0000005190
0000121188
0000005193
0001016548
0000005223
0000121593
0000005335
0000471336
0000005481
0000121854
0000005621
0002097152
0000005904
0000122672
0000005925
0000474458
0000006052
0000123155
0000006031
0001023446
0000006005
0000123727
0000005924
0000476243
0000005911
0000124359
0000005972
0001918837
0000005984
0000124860
0000005948
0000477708
0000006003
0000125100
0000006031
0001024121
0000006073
0000125323
0000006119
0000478933
0000006100
0000125455
0000006022
0002097152
0000006082
0000126037
0000006109
0000481998
0000006102
0000126490
0000006074
0001030906
0000006053
0000127045
0000005996
0000483494
0000005881
0000127349
0000005768
0001918290
0000005706
0000127784
0000005619
0000484651
0000005546
0000128129
0000005486
0001031612
0000005420
0000128508
0000005279
0000485867
0000005142
0000128800
0000004980
0002097152
0000005016
0000129336
0000004972
0000488860
0000005015
0000129774
0000005001
0001037991
0000004991
0000130300
0000005030
0000490254
0000005056
0000130896
0000005175
0001917548
0000005230
0000131292
0000005346
0000491636
0000005520
0000131549
0000005606
0001038761
0000005675
0000131874
0000005695
0000493067
0000005683
0000131943
0000005724
0002097152
0000005889
0000132568
0000005953
0000496182
0000005980
0000132946
0000006027
0001044831
0000006123
0000133279
0000006221
0000497639
0000006275
0000133758
0000006388
0001916775
0000006485
0000134095
0000006633
0000498934
0000006817
0000134332
0000006994
0001045477
0000007132
0000134577
0000007286
0000500171
0000007422
0000134794
0000007462
0002097152
0000007633
0000135529
0000007672
0000503339
0000007715
0000136103
0000007846
0001051390
0000007983
0000136481
0000008066
0000504910
0000008141
0000136882
0000008244
0001915615
0000008259
0000137252
0000008242
0000506341
0000008221
0000137674
0000008158
0001051689
0000008068
0000137960
0000007998
0000507780
0000007935
0000138092
0000007850
0002097152
0000007851
0000138679
0000007740
0000510897
0000007667
0000138833
0000007612
0001057601
0000007510
0000139197
0000007388
0000512393
0000007283
0000139532
0000007245
0001914284
0000007178
0000139797
0000007102
0000513807
0000007085
0000140138
0000007037
0001058081
0000006951
0000140549
0000006834
0000514991
0000006767
0000140679
0000006718
0002097152
0000006785
0000141592
0000006765
0000518141
0000006785
0000141967
0000006752
0001063379
0000006748
0000142515
0000006816
0000519536
0000006840
0000143015
0000006834
0001912547
0000006926
0000143436
0000006909
0000520958
0000006963
0000143715
0000007017
0001063899
0000007100
0000144233
0000007191
0000522200
0000007322
0000144589
0000007505
0002097152
0000007816
0000145608
0000008014
0000525145
0000008220
0000146144
0000008307
0001068932
0000008325
0000146817
0000008261
0000526373
0000008312
0000147226
0000008269
0001910654
0000008252
0000147665
0000008090
0000527299
0000007929
0000148250
0000007762
0001069098
0000007589
0000148645
0000007471
0000528379
0000007385
0000149169
0000007218
0002097152
0000007251
0000150106
0000007251
0000531124
0000007271
0000150711
0000007268
0001074278
0000007334
0000151273
0000007336
0000531991
0000007330
0000151810
0000007362
0001908583
0000007473
0000152362
0000007474
0000532852
0000007538
0000152753
0000007577
0001074161
0000007611
0000153157
0000007616
0000533868
0000007616
0000153747
0000007651
0002097152
0000007822
0000154672
0000007910
0000536861
0000008023
0000155252
0000008144
0001078484
0000008232
0000155922
0000008304
0000537778
0000008337
0000156483
0000008372
0001906045
0000008433
0000156835
0000008462
0000538535
0000008461
0000157378
0000008487
0001078370
0000008479
0000157778
0000008486
0000539357
0000008499
0000158077
0000008485
0002097152
0000008714
0000158868
0000008794
0000542038
0000008887
0000159464
0000008989
0001083267
0000009093
0000159811
0000009162
0000542697
0000009274
0000160340
0000009287
0001903253
0000009403
0000160683
0000009512
0000543410
0000009613
0000161083
0000009689
0001083089
0000009760
0000161395
0000009850
0000544282
0000009933
0000161708
0000010100
0002097152
0000010365
0000162423
0000010472
0000546756
0000010621
0000162932
0000010726
0001087822
0000010745
0000163510
0000010899
0000547748
0000011040
0000163793
0000011150
0001900465
0000011323
0000164042
0000011447
0000548269
0000011649
0000164020
0000011833
0001087414
0000011934
0000163951
0000012037
0000549244
0000012212
0000164066
0000012322
0002097152
0000012654
0000164561
0000012787
0000551688
0000012918
0000164805
0000012983
0001091681
0000013106
0000165030
0000013270
0000552239
0000013369
0000165032
0000013457
0001897159
0000013543
0000165032
0000013538
0000553169
0000013392
0000164894
0000013324
0001090882
0000013208
0000164896
0000013050
0000553942
0000012902
0000164741
0000012742
0002097152
0000012708
0000165063
0000012440
0000556275
0000012247
0000165004
0000011969
0001095028
0000011668
0000165169
0000011571
0000557011
0000011463
0000165402
0000011408
0001893726
0000011280
0000165369
0000011146
0000557709
0000010955
0000165235
0000010727
0001094428
0000010624
0000165041
0000010477
0000558457
0000010474
0000164967
0000010513
0002097152
0000010683
0000165311
0000010740
0000560771
0000010793
0000165700
0000010727
0001097860
0000010695
0000166014
0000010554
0000561515
0000010484
0000166184
0000010410
0001889960
0000010394
0000166608
0000010302
0000562398
0000010198
0000166753
0000010091
0001097650
0000009970
0000167026
0000009822
0000563308
0000009698
0000167218
0000009646
0002097152
0000009868
0000167894
0000009890
0000565901
0000009991
0000168265
0000010106
0001101151
0000010140
0000168607
0000010171
0000567063
0000010310
0000168882
0000010505
0001885469
0000010671
0000169325
0000010750
0000567609
0000010745
0000169772
0000010705
0001100365
0000010737
0000170036
0000010665
0000568204
0000010703
0000170259
0000010601
0002097152
0000010704
0000170908
0000010691
0000570411
0000010736
0000171285
0000010688
0001103641
0000010734
0000171675
0000010728
0000571153
0000010604
0000171960
0000010472
0001881172
0000010443
0000172146
0000010363
0000571642
0000010301
0000172455
0000010085
0001102731
0000010010
0000172689
0000009968
0000572098
0000009851
0000172683
0000009618
0002097152
0000009578
0000173458
0000009594
0000574298
0000009637
0000173737
0000009713
0001105640
0000009768
0000173827
0000009758
0000575007
0000009884
0000173768
0000010029
0001876202
0000010251
0000173550
0000010515
0000575716
0000010769
0000173659
0000010929
0001104294
0000011064
0000173581
0000011146
0000576105
0000011259
0000173505
0000011364
0002097152
0000011552
0000174350
0000011677
0000577993
0000011831
0000174633
0000011925
0001107154
0000011958
0000174828
0000012014
0000578790
0000012139
0000174718
0000012251
0001870873
0000012313
0000174750
0000012264
0000579347
0000012254
0000174822
0000012211
0001106049
0000012135
0000174677
0000012091
0000579822
0000011998
0000174650
0000011872
0002097152
0000011937
0000175331
0000011850
0000581597
0000011835
0000175535
0000011804
0001108544
0000011751
0000175851
0000011717
0000582147
0000011807
0000176007
0000011838
0001865062
0000011911
0000176028
0000011868
0000582654
0000011963
0000176016
0000011926
0001107144
0000011910
0000176028
0000011975
0000583141
0000012104
0000176314
0000012089
0002097152
0000012235
0000176933
0000012329
0000584563
0000012328
0000177273
0000012394
0001109615
0000012357
0000177516
0000012355
0000584717
0000012369
0000177681
0000012352
0001859164
0000012372
0000177772
0000012270
0000585039
0000012261
0000177622
0000012132
0001108351
0000012034
0000177572
0000011890
0000585126
0000011919
0000177438
0000012010
0002097152
0000012210
0000178197
0000012220
0000586541
0000012228
0000178192
0000012192
0001110698
0000012186
0000178447
0000012219
0000586589
0000012387
0000178595
0000012423
0001852764
0000012632
0000178510
0000012688
0000586917
0000012837
0000178791
0000012941
0001109090
0000013063
0000178544
0000013155
0000587035
0000013209
0000178471
0000013171
0002097152
0000013242
0000178927
0000013141
0000588486
0000013018
0000179008
0000012802
0001111050
0000012762
0000179076
0000012705
0000588971
0000012699
0000179214
0000012665
0001845981
0000012676
0000179192
0000012628
0000589171
0000012609
0000179272
0000012511
0001109552
0000012375
0000179187
0000012247
0000589345
0000012151
0000178983
0000011955
0002097152
0000011932
0000179384
0000011833
0000590970
0000011609
0000179503
0000011446
0001111453
0000011385
0000179693
0000011262
0000591316
0000011211
0000179992
0000011192
0001838714
0000011257
0000180084
0000011223
0000591748
0000011327
0000179846
0000011220
0001109690
0000011328
0000179607
0000011354
0000591843
0000011345
0000179193
0000011263
0002097152
0000011408
0000179955
0000011433
0000593357
0000011565
0000180027
0000011632
0001111259
0000011695
0000180157
0000011757
0000593764
0000011941
0000180095
0000012056
0001831289
0000012079
0000180064
0000012027
0000594170
0000012124
0000180056
0000012219
0001109141
0000012196
0000180158
0000012134
0000594533
0000012063
0000180100
0000011928
0002097152
0000012029
0000180851
0000012049
0000595863
0000011914
0000180953
0000011803
0001110777
0000011733
0000181025
0000011632
0000596246
0000011533
0000180920
0000011484
0001823353
0000011525
0000180836
0000011569
0000596618
0000011758
0000180704
0000011779
0001108553
0000011889
0000180705
0000011927
0000596956
0000011964
0000180651
0000011986
0002097152
0000012133
0000181277
0000012266
0000598428
0000012400
0000181486
0000012415
0001109793
0000012590
0000181595
0000012700
0000598830
0000012832
0000181533
0000013032
0001815158
0000013305
0000181404
0000013586
0000598819
0000014012
0000181318
0000014614
0001107508
0000015398
0000181361
0000016049
0000599082
0000016867
0000181255
0000017565
0002097152
0000018298
0000181777
0000018842
0000600528
0000019334
0000182103
0000019795
0001108873
0000020263
0000182256
0000020788
0000600973
0000021170
0000182545
0000021390
0001806694
0000021601
0000182494
0000021728
0000601047
0000021851
0000182327
0000021930
0001106461
0000021946
0000182313
0000021842
0000600848
0000021937
0000182116
0000021779
0002097152
0000021901
0000182865
0000021881
0000601976
0000021910
0000183124
0000021961
0001107370
0000022006
0000183334
0000021872
0000601852
0000021792
0000183619
0000021538
0001797496
0000021248
0000183751
0000020839
0000601717
0000020410
0000184119
0000019966
0001105329
0000019578
0000184380
0000019322
0000601479
0000019107
0000184543
0000018812
0002097152
0000018982
0000185260
0000018868
0000602378
0000018680
0000185629
0000018507
0001105917
0000018383
0000185960
0000018322
0000601827
0000018038
0000186269
0000017712
0001787865
0000017330
0000186614
0000016895
0000601597
0000016667
0000186722
0000016418
0001103069
0000016237
0000186936
0000016049
0000600962
0000015918
0000187110
0000015700
0002097152
0000015733
0000187817
0000015549
0000601522
0000015420
0000188120
0000015247
0001103399
0000015153
0000188291
0000014829
0000601262
0000014535
0000188457
0000014251
0001778289
0000014038
0000188607
0000013836
0000600633
0000013621
0000188975
0000013518
0001100908
0000013409
0000188941
0000013150
0000600022
0000012971
0000189200
0000012748
0002097152
0000012777
0000189904
0000012685
0000600615
0000012572
0000190020
0000012493
0001101514
0000012340
0000190355
0000012245
0000600044
0000012203
0000190556
0000012074
0001768425
0000012001
0000190919
0000011895
0000599521
0000011903
0000191126
0000011771
0001098603
0000011674
0000191142
0000011543
0000598697
0000011467
0000190995
0000011451
0002097152
0000011495
0000191561
0000011488
0000599300
0000011494
0000191466
0000011380
0001098983
0000011335
0000191562
0000011337
0000598751
0000011401
0000191801
0000011397
0001758424
0000011459
0000192049
0000011537
0000598428
0000011428
0000192090
0000011324
0001096002
0000011351
0000191895
0000011443
0000597646
0000011595
0000191756
0000011588
0002097152
0000011739
0000192588
0000011874
0000598139
0000011988
0000192670
0000012004
0001096333
0000012057
0000192776
0000011883
0000597735
0000011897
0000192661
0000011802
0001747954
0000011924
0000192591
0000011933
0000597132
0000012085
0000192265
0000012170
0001093509
0000012380
0000192085
0000012425
0000596751
0000012566
0000191999
0000012677
0002097152
0000013111
0000193107
0000013454
0000597273
0000013742
0000193178
0000014067
0001093506
0000014276
0000193402
0000014444
0000596703
0000014626
0000193248
0000014747
0001737390
0000015014
0000193218
0000015123
0000596300
0000015382
0000193158
0000015430
0001090639
0000015650
0000193150
0000015731
0000595689
0000015701
0000192891
0000015598
0002097152
0000015800
0000193631
0000015842
0000596493
0000015823
0000193564
0000015772
0001090187
0000015824
0000193708
0000015862
0000596272
0000015921
0000193793
0000015830
0001726555
0000015894
0000193696
0000015801
0000595858
0000015780
0000193628
0000015690
0001087247
0000015576
0000193581
0000015365
0000595183
0000015344
0000193536
0000015177
0002097152
