1.00871
1.00871
1.0475
1.0475
1.04749
1.04749
1.04749
1.04749
1.04749
1.04747
1.04747
1.04747
1.04747
1.04747
1.04747
1.04746
1.04745
1.04745
1.04744
1.04745
1.04745
1.04745
1.04745
1.04745
1.04745
1.04744
1.04744
1.04742
1.04737
1.04733
1.04728
1.04718
1.04708
1.04693
1.04675
1.04656
1.04638
1.04624
1.04607
1.04596
1.04578
1.04562
1.04545
1.04525
1.04509
1.04491
1.04475
1.04458
1.05411
1.05389
1.05367
1.05346
1.05324
1.05303
1.05273
1.05246
1.05223
1.05197
1.05167
1.05138
1.05104
1.05078
1.05045
1.05021
1.04996
1.04974
1.04953
1.04924
1.04909
1.04879
1.04857
1.04005
1.03981
1.04789
1.04771
1.04753
1.04734
1.04726
1.0472
1.04709
1.047
1.04692
1.04681
1.04673
1.04673
1.04664
1.03855
1.03855
1.03855
1.04646
1.03805
1.03805
1.03805
1.03775
1.03764
1.03764
1.03764
1.03728
1.03716
1.03716
1.03716
1.0368
1.03669
1.03669
1.03669
1.03645
1.03514
1.03514
1.03514
1.03478
1.03473
1.03473
1.03473
1.03455
1.03445
1.03445
1.03445
1.03445
1.03424
1.03422
1.03422
1.03422
1.03422
1.03422
1.03422
1.03422
1.03395
1.03392
1.03392
1.03392
1.03392
1.03377
1.0337
1.0337
1.0337
1.03352
1.03348
1.03348
1.03348
1.03332
1.03328
1.03328
1.03328
1.03315
1.0331
1.0331
1.0331
1.03292
1.03286
1.03286
1.03286
1.03274
1.0327
1.0327
1.0327
1.03252
1.03244
1.03244
1.03244
1.04787
1.04784
1.04784
1.04784
1.04784
1.04784
1.04784
1.04784
1.04762
1.03195
1.03195
1.03195
1.03195
1.0317
1.03164
1.03164
1.03164
1.03164
1.03164
1.03164
1.03164
1.03138
1.03136
1.03136
1.03136
1.03136
1.03136
1.03136
1.03136
1.03091
1.03082
1.03082
1.03082
1.03082
1.03082
1.03082
1.03082
1.03036
1.03029
1.03029
1.03029
1.03029
1.03029
1.03029
1.03029
1.02979
1.02972
1.02972
1.02972
1.02972
1.02972
1.02972
1.02972
1.03142
1.04403
1.04403
1.04403
1.04403
1.04403
1.04403
1.04403
1.0435
1.04343
1.04343
1.04343
1.04343
1.04343
1.04343
1.04343
1.04291
1.04286
1.04286
1.04286
1.04286
1.04286
1.04286
1.04286
1.04229
1.03534
1.03534
1.03534
1.03534
1.03534
1.03534
1.03534
1.03567
1.02905
1.02905
1.02905
1.02905
1.02905
1.02905
1.02905
1.02859
1.02855
1.02855
1.02855
1.02855
1.02855
1.02855
1.02855
1.03018
1.03016
1.03016
1.03016
1.03016
1.03016
1.03016
1.03016
1.02979
1.02972
1.02972
1.02972
1.02972
1.02972
1.02972
1.02972
1.02931
1.02924
1.02924
1.02924
1.02924
1.02924
1.02924
1.02924
1.02894
1.02883
1.02883
1.02883
1.02883
1.02883
1.02883
1.02883
1.02847
1.02841
1.02841
1.02841
1.02841
1.02841
1.02841
1.02841
1.02793
1.02788
1.02788
1.02788
1.02788
1.02788
1.02788
1.02788
1.02768
1.0276
1.0276
1.0276
1.0276
1.0276
1.0276
1.0276
1.02738
1.02735
1.02735
1.02735
1.02735
1.02722
1.02722
1.02722
1.02713
1.03625
1.03625
1.03625
1.03638
1.03638
1.03638
1.03638
1.0364
1.03156
1.03156
1.03156
1.03118
1.03118
1.03118
1.03118
1.03063
1.02753
1.02753
1.02753
1.02776
1.02776
1.02776
1.02776
1.03989
1.04342
1.04342
1.04342
1.04311
1.04311
1.04311
1.04311
1.04264
1.04229
1.04229
1.04229
1.04193
1.04193
1.04193
1.04193
1.04144
1.04251
1.04251
1.04251
1.04203
1.04203
1.04203
1.04203
1.0415
1.05841
1.05841
1.05841
1.05801
1.05801
1.05801
1.05801
1.05747
1.06092
1.06092
1.06092
1.06043
1.06043
1.06043
1.06043
1.05991
1.05981
1.05981
1.05981
1.05937
1.05937
1.05937
1.05937
1.05888
1.05875
1.05875
1.05875
1.05837
1.05837
1.05837
1.05837
1.05784
1.05765
1.05765
1.05765
1.05733
1.05733
1.05733
1.05733
1.0598
1.05658
1.05658
1.05658
1.05613
1.05613
1.05613
1.05613
1.05566
1.05856
1.05856
1.05856
1.07374
1.07374
1.07374
1.07374
1.07314
1.07306
1.07306
1.07306
1.07821
1.07821
1.07821
1.07821
1.07778
1.07765
1.07765
1.07765
1.07721
1.07721
1.07721
1.07721
1.07671
1.07659
1.07659
1.07659
1.07617
1.07617
1.07617
1.07617
1.07576
1.07565
1.07565
1.07565
1.07528
1.07528
1.07528
1.07528
1.07495
1.07481
1.07481
1.07481
1.07445
1.07445
1.07445
1.07445
1.07445
1.07394
1.07389
1.07389
1.07389
1.07389
1.07389
1.07389
1.07389
1.09239
1.09239
1.09239
1.09239
1.09239
1.09239
1.09239
1.09239
1.07293
1.09183
1.09183
1.09183
1.09183
1.09183
1.09183
1.09183
1.09153
1.09153
1.09153
1.09153
1.09153
1.09107
1.09094
1.09094
1.09094
1.09094
1.09066
1.09066
1.09066
1.09066
1.09066
1.09066
1.09066
1.09066
1.08601
1.08595
1.08595
1.08595
1.08595
1.08595
1.08595
1.08595
1.08554
1.08554
1.08554
1.08554
1.08554
1.08554
1.08554
1.08554
1.08508
1.08503
1.08503
1.08503
1.08503
1.08503
1.08503
1.08455
1.08455
1.08455
1.08455
1.08455
1.08455
1.08455
1.08455
1.08408
1.08401
1.08401
1.08401
1.08401
1.08401
1.08401
1.08401
1.08346
1.08346
1.08346
1.08346
1.08346
1.08346
1.08346
1.08305
1.0984
1.0984
1.0984
1.0984
1.0984
1.0984
1.0984
1.09458
1.09458
1.09458
1.09458
1.09458
1.09458
1.09458
1.09458
1.0941
1.09403
1.09403
1.09403
1.09403
1.09403
1.09403
1.09403
1.09343
1.09343
1.09343
1.09343
1.09343
1.09343
1.09343
1.09297
1.09283
1.09283
1.09283
1.09283
1.09283
1.09283
1.09243
1.09243
1.09243
1.09243
1.09243
1.09243
1.09243
1.09243
1.09557
1.11435
1.11435
1.11435
1.11435
1.11435
1.11435
1.11435
1.11407
1.11407
1.11407
1.11407
1.11407
1.11407
1.11407
1.11407
1.11357
1.11346
1.11346
1.11346
1.11346
1.11346
1.11346
1.11346
1.11306
1.11306
1.11306
1.11306
1.11306
1.11306
1.11306
1.11306
1.11256
1.11248
1.11248
1.11248
1.11248
1.11248
1.11248
1.11248
1.10256
1.10256
1.10256
1.10256
1.10256
1.10256
1.10256
1.10256
1.11218
1.11211
1.11211
1.11211
1.11211
1.11211
1.11211
1.11211
1.11105
1.11105
1.11105
1.11105
1.11105
1.11105
1.11105
1.11105
1.11059
1.11053
1.11053
1.11053
1.11053
1.11053
1.11053
1.11053
1.11006
1.11006
1.11006
1.11006
1.11006
1.11006
1.11006
1.11006
1.10946
1.10938
1.10938
1.10938
1.10938
1.10938
1.10938
1.10938
1.10894
1.10894
1.10894
1.10894
1.10894
1.10894
1.10894
1.10894
1.10845
1.10843
1.10843
1.10843
1.10843
1.10843
1.10843
1.10843
1.10793
1.10793
1.10793
1.10793
1.10793
1.10793
1.10793
1.10793
1.12007
1.12
1.12
1.12
1.12
1.12
1.12
1.12
1.11959
1.11959
1.11959
1.11959
1.11959
1.11959
1.11959
1.11959
1.13026
1.13019
1.13019
1.13019
1.13019
1.13019
1.13019
1.13019
1.11864
1.11864
1.11864
1.11864
1.11864
1.11864
1.11819
1.11819
1.12545
1.118
1.118
1.118
1.118
1.118
1.11763
1.11763
1.11754
1.11754
1.11754
1.11754
1.11754
1.11754
1.11718
1.11718
1.117
1.11695
1.11695
1.11695
1.11695
1.11695
1.12774
1.12774
1.1276
1.1276
1.1276
1.1276
1.1276
1.1276
1.13837
1.13837
1.12702
1.127
1.127
1.127
1.13561
1.13561
1.13561
1.13561
1.13758
1.13758
1.13758
1.13758
1.13717
1.13717
1.13717
1.13717
1.13679
1.13674
1.13674
1.13674
1.13651
1.13651
1.13651
1.13651
1.13411
1.13411
1.13411
1.13411
1.13384
1.13384
1.13384
1.13384
1.13352
1.13548
1.13548
1.13548
1.13321
1.13321
1.13321
1.13321
1.13299
1.13299
1.13299
1.13299
1.13275
1.13275
1.13275
1.13275
1.13252
1.1324
1.1324
1.1324
1.13226
1.13226
1.13226
1.13226
1.14418
1.14418
1.14418
1.14418
1.14383
1.14383
1.14383
1.14383
1.14353
1.14344
1.14344
1.14344
1.14318
1.14318
1.14318
1.14318
1.14149
1.14149
1.14149
1.14149
1.14121
1.14121
1.14121
1.14121
1.14227
1.14222
1.14222
1.14222
1.14201
1.14201
1.14201
1.14201
1.14174
1.14174
1.14174
1.14174
1.14147
1.14147
1.14147
1.14147
1.14118
1.15176
1.15176
1.15176
1.1516
1.1516
1.1516
1.1516
1.15138
1.15138
1.15138
1.15138
1.15078
1.15078
1.15078
1.15078
1.15044
1.15042
1.15042
1.15042
1.15025
1.15025
1.15025
1.15025
1.15005
1.15005
1.15005
1.15005
1.14981
1.14981
1.14981
1.14981
1.14956
1.14953
1.14953
1.14953
1.14934
1.14934
1.14934
1.14934
1.149
1.149
1.149
1.149
1.16052
1.16052
1.16052
1.16052
1.1603
1.14844
1.14844
1.14844
1.15996
1.15996
1.15996
1.15996
1.15965
1.15965
1.15965
1.15965
1.15948
1.15948
1.15948
1.15948
1.15914
1.15911
1.15911
1.15911
1.15884
1.15884
1.15884
1.15884
1.15855
1.15855
1.15855
1.15855
1.15816
1.15816
1.15816
1.15816
1.15791
1.15779
1.15779
1.15779
1.15759
1.15759
1.15759
1.15759
1.16771
1.16771
1.16771
1.16771
1.16745
1.16745
1.16745
1.16745
1.16716
1.15668
1.15668
1.15668
1.15641
1.15641
1.15641
1.15641
1.16647
1.16647
1.16647
1.16647
1.15572
1.15572
1.15572
1.15572
1.17637
1.15528
1.15528
1.15528
1.15502
1.15502
1.15502
1.15502
1.17561
1.17561
1.17561
1.17561
1.16466
1.16466
1.16466
1.16466
1.16816
1.16433
1.16433
1.16433
1.16413
1.16413
1.16413
1.16413
1.16785
1.16785
1.16785
1.16785
1.16769
1.16769
1.16769
1.16769
1.16759
1.16315
1.16315
1.16315
1.16747
1.16747
1.16747
1.16747
1.16728
1.16728
1.16728
1.16728
1.16709
1.16709
1.16709
1.16709
1.167
1.16691
1.16691
1.16691
1.16674
1.16674
1.16674
1.16674
1.16659
1.16659
1.16659
1.16659
1.16647
1.16647
1.16647
1.16647
1.16642
1.16637
1.16637
1.16637
1.16622
1.16622
1.16622
1.16622
1.166
1.166
1.166
1.166
1.16584
1.16584
1.16584
1.16584
1.16578
1.16571
1.16571
1.16571
1.1656
1.1656
1.1656
1.1656
1.16542
1.16542
1.16542
1.16542
1.16542
1.16535
1.16535
1.16535
1.16535
1.16528
1.16528
1.16528
1.16528
1.16528
1.16528
1.16528
1.16528
1.16515
1.16515
1.16515
1.16515
1.16515
1.16515
1.16515
1.16497
1.16497
1.16497
1.16497
1.16485
1.16485
1.16485
1.16485
1.16465
1.16461
1.16461
1.16461
1.16447
1.16447
1.16447
1.16447
1.1643
1.1643
1.1643
1.1643
1.16417
1.16417
1.16417
1.16417
1.16393
1.16388
1.16388
1.16388
1.16368
1.16368
1.16368
1.16368
1.16353
1.16353
1.16353
1.16353
1.16338
1.16338
1.16338
1.16338
1.16321
1.16318
1.16318
1.16318
1.16294
1.16294
1.16294
1.16294
1.16272
1.16272
1.16272
1.16272
1.16251
1.16251
1.16251
1.16251
1.16227
1.16218
1.16218
1.16218
1.16211
1.16211
1.16211
1.16211
1.16186
1.16186
1.16186
1.16186
1.16162
1.16162
1.16162
1.16162
1.16147
1.16143
1.16143
1.16143
1.16128
1.16128
1.16128
1.16128
1.16111
1.16111
1.16111
1.16111
1.16099
1.16099
1.16099
1.16099
1.16089
1.16079
1.16079
1.16079
1.16079
1.1607
1.1607
1.1607
1.1607
1.16055
1.16055
1.16055
1.16055
1.16121
1.16121
1.16121
1.16121
1.16116
1.16037
1.16037
1.16037
1.16097
1.16097
1.16097
1.16097
1.1609
1.1609
1.1609
1.1609
1.1609
1.1609
1.16076
1.16076
1.16076
1.16076
1.16076
1.16076
1.16076
1.16076
1.16056
1.16055
1.16055
1.16055
1.16055
1.16055
1.16055
1.16055
1.16059
1.16059
1.16059
1.16059
1.16059
1.16059
1.16059
1.16059
1.16051
1.16051
1.16051
1.16051
1.16051
1.16051
1.16051
1.16051
1.16669
1.16669
1.16669
1.16669
1.16669
1.16669
1.16669
1.16669
1.16667
1.16039
1.16039
1.16039
1.16039
1.16039
1.16039
1.16039
1.1668
1.1668
1.1668
1.1668
1.1668
1.1668
1.1668
1.1668
1.16674
1.16674
1.16674
1.16674
1.16674
1.16674
1.16674
1.16674
1.16668
1.16668
1.16668
1.16668
1.16668
1.16668
1.16668
1.16668
1.16663
1.15922
1.15922
1.15922
1.15922
1.15922
1.15922
1.15922
1.16646
1.16646
1.16646
1.16646
1.16646
1.16646
1.16632
1.16632
1.15879
1.15879
1.15879
1.15879
1.15879
1.15879
1.16616
1.16616
1.16616
1.16616
1.16616
1.16616
1.16616
1.16616
1.16614
1.16614
1.16617
1.1599
1.1599
1.1599
1.1599
1.1599
1.16608
1.16608
1.16614
1.16614
1.16614
1.16614
1.16614
1.16618
1.16618
1.16622
1.16622
1.16622
1.16622
1.16616
1.16616
1.16615
1.16615
1.16615
1.16615
1.16615
1.16608
1.16617
1.15993
1.15993
1.16627
1.16627
1.1663
1.1663
1.1663
1.1663
1.16632
1.16632
1.16632
1.16632
1.16627
1.16627
1.15998
1.15998
1.16001
1.16001
1.16001
1.16636
1.16636
1.16636
1.16636
1.16021
1.16024
1.16024
1.16024
1.16016
1.16016
1.16016
1.16016
1.16022
1.16022
1.16022
1.16022
1.16024
1.16024
1.16024
1.16024
1.16647
1.16647
1.16647
1.16647
1.1665
1.1665
1.1665
1.1665
1.13545
1.13545
1.13545
1.13545
1.16657
1.16657
1.16657
1.16657
1.1665
1.16648
1.16648
1.16648
1.16656
1.16656
1.16656
1.16656
1.16653
1.16653
1.16653
1.16653
1.16663
1.16663
1.16663
1.16663
1.13546
1.13546
1.13546
1.13546
1.13548
1.13548
1.13548
1.13548
1.13554
1.13554
1.13554
1.13554
1.13553
1.13553
1.13553
1.13553
1.13557
1.15828
1.15828
1.15828
1.1583
1.1583
1.1583
1.1583
1.15843
1.15843
1.15843
1.15843
1.15855
1.15855
1.15855
1.15855
1.15859
1.15859
1.15859
1.15867
1.15867
1.15874
1.15874
1.15875
1.15875
1.15875
1.15875
1.15883
1.15886
1.15886
1.15886
1.15891
1.15891
1.15891
1.15891
1.15898
1.15898
1.15898
1.15898
1.15907
1.15907
1.15907
1.15907
1.15908
1.15908
1.15908
1.15908
1.15911
1.15911
1.15911
1.15911
1.15907
1.15907
1.15912
1.15912
1.15915
1.15911
1.15911
1.15911
1.15913
1.15913
1.15913
1.15918
1.15918
1.15918
1.15932
1.15932
1.15932
1.15932
1.15928
1.15928
1.15928
1.15928
1.15928
1.15928
1.15928
1.15928
1.15933
1.15933
1.15933
1.15933
1.15934
1.15929
1.15929
1.15929
1.15932
1.15932
1.15932
1.15932
1.15938
1.15938
1.15938
1.15938
1.15938
1.15938
1.15938
1.15938
1.15933
1.15933
1.15933
1.15933
1.15938
1.15938
1.15938
1.15938
1.1594
1.1594
1.1594
1.1594
1.15946
1.15946
1.15946
1.15946
1.15948
1.15947
1.15947
1.15947
1.15939
1.15939
1.15939
1.15939
1.15936
1.15936
1.15936
1.15936
1.15943
1.15943
1.15943
1.15943
1.15945
1.15945
1.15945
1.15945
1.15944
1.15944
1.15944
1.15944
1.1594
1.1594
1.1594
1.1594
1.15944
1.15944
1.15944
1.15944
1.15937
1.15932
1.15932
1.15932
1.15934
1.15934
1.15934
1.15934
1.15929
1.15929
1.15929
1.15929
1.1593
1.1593
1.1593
1.1593
1.1593
1.1593
1.1593
1.1593
1.15932
1.15932
1.15932
1.15932
1.1593
1.1593
1.1593
1.1593
1.15926
1.15926
1.15926
1.15926
1.1592
1.15921
1.15921
1.15921
1.15923
1.15923
1.15923
1.15923
1.15914
1.15914
1.15914
1.15914
1.1592
1.1592
1.1592
1.1592
1.15916
1.15916
1.15916
1.15916
1.15903
1.15903
1.15903
1.15903
1.15895
1.15895
1.15895
1.15895
1.15897
1.15897
1.15897
1.15897
1.159
1.159
1.159
1.159
1.15895
1.15895
1.15895
1.15895
1.1589
1.1589
1.1589
1.1589
1.15881
1.15881
1.15881
1.15881
1.15878
1.15878
1.15878
1.15878
1.15883
1.15883
1.15883
1.15883
1.15882
1.15882
1.15882
1.15882
1.15881
1.15881
1.15881
1.15881
1.1587
1.15873
1.15873
1.15873
1.15867
1.15867
1.15867
1.15867
1.15866
1.15866
1.15866
1.15866
1.15863
1.15863
1.15863
1.15863
1.15858
1.15858
1.15858
1.15858
1.15855
1.15855
1.15855
1.15855
1.15856
1.15856
1.15856
1.15856
1.15865
1.15865
1.15865
1.15865
1.15865
1.15864
1.15864
1.15864
1.15865
1.15865
1.15865
1.15865
1.15859
1.15859
1.15859
1.15859
1.15865
1.15865
1.15865
1.15865
1.15866
1.15866
1.15866
1.15866
1.15878
1.15878
1.15878
1.15878
1.15873
1.15873
1.15873
1.15873
1.15886
1.15886
1.15886
1.15886
1.15891
1.15889
1.15889
1.15889
1.15897
1.15897
1.15897
1.15897
1.15895
1.15895
1.15895
1.15895
1.15901
1.15901
1.15901
1.15901
1.15896
1.15896
1.15896
1.15896
1.15897
1.15897
1.15897
1.15897
1.15893
1.15893
1.15893
1.15893
1.15891
1.15891
1.15891
1.15891
1.15877
1.15874
1.15874
1.15874
1.15865
1.15865
1.15865
1.15865
1.15844
1.15844
1.15844
1.15844
1.15833
1.15833
1.15833
1.15833
1.15818
1.15818
1.15818
1.15818
1.15806
1.15806
1.15806
1.15806
1.15794
1.15794
1.15794
1.15794
1.15775
1.15775
1.15775
1.15775
1.15766
1.15763
1.15763
1.15763
1.15753
1.15753
1.15753
1.15753
1.15759
1.15759
1.15759
1.15759
1.15753
1.15753
1.15753
1.15753
1.15757
1.15757
1.15757
1.15757
1.15754
1.15754
1.15754
1.15754
1.15748
1.15748
1.15748
1.15748
1.15752
1.15752
1.15752
1.15752
1.15747
1.15743
1.15743
1.15743
1.15734
1.15734
1.15734
1.15734
1.16288
1.16288
1.16288
1.16288
1.16276
1.16276
1.16276
1.16276
1.16267
1.16267
1.16267
1.16267
1.16252
1.16252
1.16252
1.16252
1.16241
1.16241
1.16241
1.16241
1.16229
1.16229
1.16229
1.16229
1.16212
1.16208
1.16208
1.16208
1.16193
1.16193
1.16193
1.16193
1.16184
1.16184
1.16184
1.16184
1.16176
1.16176
1.16176
1.16176
1.16158
1.16158
1.16158
1.16158
1.16156
1.16156
1.16156
1.16156
1.16146
1.16146
1.16146
1.16146
1.16142
1.16142
1.16142
1.16142
1.16129
1.16132
1.16132
1.16132
1.16117
1.16117
1.16117
1.16117
1.16101
1.16101
1.16101
1.16101
1.16096
1.16096
1.16096
1.16096
1.16088
1.16088
1.16088
1.16088
1.16082
1.16082
1.16082
1.16082
1.16064
1.16064
1.16064
1.16064
1.16053
1.16053
1.16053
1.16053
1.16043
1.16043
1.16043
1.16043
1.16034
1.16034
1.16034
1.16034
1.16014
1.16014
1.16014
1.16014
1.16008
1.16008
1.16008
1.16008
1.1601
1.1601
1.1601
1.1601
1.16
1.16
1.16
1.16
1.15991
1.15991
1.15991
1.15991
1.15995
1.15995
1.15995
1.15995
1.15984
1.15986
1.15986
1.15986
1.15981
1.15981
1.15981
1.15981
1.15981
1.15981
1.15981
1.15981
1.15979
1.15979
1.15979
1.15979
1.15972
1.15972
1.15972
1.15972
1.1597
1.1597
1.1597
1.1597
1.15964
1.15964
1.15964
1.15964
1.15964
1.15964
1.15964
1.15964
1.15956
1.15958
1.15958
1.15958
1.1595
1.1595
1.1595
1.1595
1.15942
1.15942
1.15942
1.15942
1.15933
1.15933
1.15933
1.15933
1.15921
1.15921
1.15921
1.15921
1.15907
1.15907
1.15907
1.15907
1.15902
1.15902
1.15902
1.15902
1.20975
1.20975
1.20975
1.20975
1.2205
1.16906
1.16906
1.16906
1.16908
1.16908
1.16908
1.16908
1.16908
1.16908
1.16908
1.16908
1.1692
1.1692
1.1692
1.1692
1.16922
1.16922
1.16922
1.16922
1.16921
1.16921
1.16921
1.16921
1.1692
1.1692
1.1692
1.1692
1.16926
1.16926
1.16926
1.16926
1.16927
1.1539
1.1539
1.1539
1.16922
1.16922
1.16922
1.16922
1.16933
1.16933
1.16933
1.16933
1.16933
1.16933
1.16933
1.16933
1.16932
1.16932
1.16932
1.16932
1.16937
1.16937
1.16937
1.16937
1.16945
1.16945
1.16945
1.16945
1.19523
1.19523
1.19523
1.19523
1.19514
1.174
1.174
1.174
1.17386
1.17386
1.17386
1.17386
1.17359
1.17359
1.17359
1.17359
1.17341
1.17341
1.17341
1.17341
1.19498
1.19498
1.19498
1.19498
1.19491
1.19491
1.19491
1.19491
1.19496
1.19496
1.19496
1.19496
1.19492
1.19492
1.19492
1.19492
1.18936
1.15698
1.15698
1.15698
1.15688
1.15688
1.15688
1.15688
1.15675
1.15675
1.15675
1.15675
1.18914
1.18914
1.18914
1.18914
1.15671
1.15671
1.15671
1.15671
1.15661
1.15661
1.15661
1.15661
1.15659
1.15659
1.15659
1.15659
1.19754
1.19754
1.19754
1.19754
1.18784
1.15643
1.15643
1.15643
1.19743
1.19743
1.19743
1.19743
1.19744
1.19744
1.19744
1.19744
1.21441
1.21441
1.21441
1.21441
1.21435
1.21435
1.21435
1.21435
1.18779
1.18779
1.18779
1.18779
1.18779
1.18779
1.18779
1.18779
1.18781
1.18781
1.18781
1.18781
1.21395
1.21396
1.21396
1.21396
1.21382
1.21382
1.21382
1.21382
1.18782
1.18782
1.18782
1.18782
1.21375
1.21375
1.21375
1.21375
1.20246
1.20246
1.20246
1.20246
1.20237
1.20237
1.20237
1.20237
1.20236
1.20236
1.20236
1.20236
1.20239
1.20239
1.20239
1.20239
1.20226
1.207
1.207
1.207
1.21342
1.21342
1.21342
1.21342
1.2134
1.2134
1.2134
1.2134
1.21852
1.21852
1.21852
1.21852
1.21841
1.21841
1.21841
1.21841
1.23482
1.23482
1.23482
1.23482
1.23482
1.23482
1.23482
1.23482
1.2346
1.2346
1.2346
1.2346
1.23442
1.26228
1.26228
1.26228
1.2343
1.2343
1.2343
1.2343
1.23427
1.23427
1.23427
1.23427
1.23414
1.23414
1.23414
1.23414
1.23392
1.23392
1.23392
1.23392
1.23374
1.23374
1.23374
1.23374
1.23359
1.23359
1.23359
1.23359
1.2334
1.2334
1.2334
1.2334
1.23333
1.20007
1.20007
1.20007
1.22817
1.22817
1.22817
1.22817
1.23678
1.23678
1.23678
1.23678
1.23669
1.23669
1.23669
1.23669
1.24513
1.24513
1.24513
1.24513
1.24482
1.24482
1.24482
1.24482
1.24459
1.24459
1.24459
1.24459
1.25016
1.25016
1.25016
1.25016
1.25651
1.24057
1.24057
1.24057
1.24045
1.24045
1.24045
1.24045
1.25591
1.25591
1.25591
1.25591
1.27349
1.27349
1.27349
1.27349
1.27336
1.27336
1.27336
1.27336
1.2732
1.2732
1.2732
1.2732
1.28247
1.28247
1.28247
1.28247
1.27268
1.27268
1.27268
1.27268
1.26369
1.23175
1.23175
1.23175
1.24901
1.24901
1.24901
1.24901
1.28339
1.28339
1.28339
1.28339
1.28581
1.28581
1.28581
1.28581
1.28571
1.28571
1.28571
1.28571
1.2856
1.2856
1.2856
1.2856
1.2829
1.2829
1.2829
1.2829
1.27592
1.27592
1.27592
1.27592
1.27569
1.19399
1.19399
1.19399
1.25572
1.25572
1.25572
1.25572
1.282
1.282
1.282
1.282
1.28191
1.28191
1.28191
1.28191
1.28174
1.28174
1.28174
1.28174
1.28146
1.28146
1.28146
1.28146
1.28401
1.28401
1.28401
1.28401
1.28388
1.28388
1.28388
1.28388
1.28378
1.19331
1.19331
1.19331
1.26714
1.26714
1.26714
1.26714
1.2894
1.2894
1.2894
1.2894
1.28925
1.28925
1.28925
1.28925
1.30192
1.30192
1.30192
1.30192
1.30182
1.30182
1.30182
1.30182
1.30096
1.30096
1.30096
1.30096
1.31809
1.31809
1.31809
1.31809
1.31816
1.26134
1.26134
1.26134
1.28297
1.28297
1.28297
1.28297
1.31543
1.31543
1.31543
1.31543
1.31537
1.31537
1.31537
1.31537
1.31524
1.31524
1.31524
1.31524
1.30182
1.30182
1.30182
1.30182
1.30179
1.30179
1.30179
1.30179
1.31839
1.31839
1.31839
1.31839
1.31827
1.26513
1.26513
1.26513
1.26498
1.26498
1.26498
1.26498
1.31797
1.31797
1.31797
1.31797
1.31781
1.31781
1.31781
1.31781
1.32705
1.32705
1.32705
1.32705
1.32682
1.32682
1.32682
1.32682
1.32663
1.32663
1.32663
1.32663
1.32649
1.32649
1.32649
1.32649
1.32622
1.26066
1.26066
1.26066
1.26802
1.26802
1.26802
1.26802
1.33883
1.33883
1.33883
1.33883
1.33875
1.33875
1.33875
1.33875
1.3387
1.3387
1.3387
1.3387
1.31905
1.31905
1.31905
1.31905
1.33842
1.33842
1.33842
1.33842
1.34518
1.34518
1.34518
1.34518
1.2539
1.24661
1.24661
1.24661
1.31869
1.31869
1.31869
1.31869
1.28614
1.28614
1.28614
1.28614
1.25372
1.25372
1.25372
1.25372
1.28587
1.28587
1.28587
1.28587
1.25351
1.25351
1.25351
1.25351
1.29862
1.29862
1.29862
1.29862
1.21973
1.21973
1.21973
1.21973
1.36436
1.28434
1.28434
1.28434
1.25326
1.25326
1.25326
1.25326
1.23642
1.23642
1.23642
1.23642
1.25317
1.25317
1.25317
1.25317
1.26605
1.26605
1.26605
1.26605
1.36384
1.36384
1.36384
1.36384
1.36383
1.36383
1.36383
1.36383
1.36373
1.36373
1.36373
1.36373
1.36361
1.24721
1.24721
1.24721
1.25294
1.25294
1.25294
1.25294
1.3635
1.3635
1.3635
1.3635
1.36347
1.36347
1.36347
1.36347
1.26604
1.26604
1.26604
1.26604
1.26595
1.26595
1.26595
1.26595
1.266
1.266
1.266
1.266
1.23362
1.23362
1.23362
1.23362
1.19572
1.25744
1.25744
1.25744
1.33652
1.33652
1.33652
1.33652
1.3629
1.3629
1.3629
1.3629
1.36283
1.36283
1.36283
1.36283
1.36271
1.36271
1.36271
1.36271
1.36256
1.36256
1.36256
1.36256
1.35124
1.35124
1.35124
1.35124
1.32509
1.32509
1.32509
1.32509
1.30911
1.25748
1.25748
1.25748
1.25541
1.25541
1.25541
1.25541
1.28946
1.28946
1.28946
1.28946
1.28941
1.28941
1.28941
1.28941
1.28949
1.28949
1.28949
1.28949
1.2687
1.2687
1.2687
1.2687
1.26863
1.26863
1.26863
1.26863
1.25593
1.25593
1.25593
1.25593
1.28951
1.22407
1.22407
1.22407
1.2313
1.2313
1.2313
1.2313
1.28961
1.28961
1.28961
1.28961
1.28959
1.28959
1.28959
1.28959
1.2896
1.2896
1.2896
1.2896
1.28958
1.28958
1.28958
1.28958
1.28936
1.28936
1.28936
1.28936
1.26859
1.26859
1.26859
1.26859
1.26858
1.19708
1.19708
1.19708
1.20996
1.20996
1.20996
1.20996
1.28906
1.28906
1.28906
1.28906
1.28896
1.28896
1.28896
1.28896
1.2681
1.2681
1.2681
1.2681
1.30834
1.30834
1.30834
1.30834
1.31497
1.31497
1.31497
1.31497
1.33215
1.33215
1.33215
1.33215
1.30782
1.18458
1.18458
1.18458
1.22184
1.22184
1.22184
1.22184
1.3587
1.3587
1.3587
1.3587
1.35854
1.35854
1.35854
1.35854
1.34345
1.34345
1.34345
1.34345
1.37249
1.37249
1.37249
1.37249
1.39054
1.39054
1.39054
1.39054
1.39043
1.39043
1.39043
1.39043
1.39023
1.21056
1.21056
1.21056
1.30635
1.30635
1.30635
1.30635
1.38994
1.38994
1.38994
1.38994
1.37134
1.37134
1.37134
1.37134
1.37119
1.37119
1.37119
1.37119
1.35659
1.35659
1.35659
1.35659
1.35644
1.35644
1.35644
1.35644
1.34126
1.34126
1.34126
1.34126
1.30523
1.20967
1.20967
1.20967
1.22977
1.22977
1.22977
1.22977
1.28599
1.28599
1.28599
1.28599
1.26042
1.26042
1.26042
1.26042
1.26045
1.26045
1.26045
1.26045
1.26036
1.26036
1.26036
1.26036
1.26027
1.26027
1.26027
1.26027
1.38774
1.38774
1.38774
1.38774
1.38766
1.18279
1.18279
1.18279
1.21925
1.21925
1.21925
1.21925
1.38721
1.38721
1.38721
1.38721
1.38706
1.38706
1.38706
1.38706
1.38694
1.38694
1.38694
1.38694
1.38684
1.38684
1.38684
1.38684
1.36835
1.36835
1.36835
1.36835
1.25962
1.25962
1.25962
1.25962
1.26395
1.20131
1.20131
1.20131
1.23277
1.23277
1.23277
1.23277
1.38619
1.38619
1.38619
1.38619
1.28459
1.28459
1.28459
1.28459
1.26359
1.26359
1.26359
1.26359
1.38572
1.38572
1.38572
1.38572
1.39587
1.39587
1.39587
1.39587
1.28426
1.28426
1.28426
1.28426
1.28415
1.21949
1.21949
1.21949
1.2588
1.2588
1.2588
1.2588
1.30229
1.30229
1.30229
1.30229
1.39543
1.39543
1.39543
1.39543
1.39518
1.39518
1.39518
1.39518
1.38472
1.38472
1.38472
1.38472
1.39493
1.39493
1.39493
1.39493
1.39476
1.39476
1.39476
1.39476
1.38437
1.21906
1.21906
1.21906
1.25843
1.25843
1.25843
1.25843
1.38421
1.38421
1.38421
1.38421
1.36568
1.36568
1.36568
1.36568
1.38412
1.38412
1.38412
1.38412
1.30175
1.30175
1.30175
1.30175
1.32339
1.32339
1.32339
1.32339
1.35107
1.35107
1.35107
1.35107
1.3655
1.21899
1.21899
1.21899
1.284
1.284
1.284
1.284
1.36548
1.36548
1.36548
1.36548
1.36554
1.36554
1.36554
1.36554
1.36544
1.36544
1.36544
1.36544
1.35104
1.35104
1.35104
1.35104
1.35109
1.35109
1.35109
1.35109
1.33633
1.33633
1.33633
1.33633
1.32124
1.21881
1.21881
1.21881
1.21478
1.21478
1.21478
1.21478
1.30236
1.30236
1.30236
1.30236
1.35107
1.35107
1.35107
1.35107
1.25101
1.25101
1.25101
1.25101
1.2623
1.2623
1.2623
1.2623
1.26221
1.26221
1.26221
1.26221
1.28701
1.28701
1.28701
1.28701
1.26199
1.19907
1.19907
1.19907
1.23585
1.23585
1.23585
1.23585
1.26165
1.26165
1.26165
1.26165
1.28514
1.28514
1.28514
1.28514
1.26126
1.26126
1.26126
1.26126
1.26099
1.26099
1.26099
1.26099
1.28459
1.28459
1.28459
1.28459
1.26027
1.26027
1.26027
1.26027
1.26004
1.19478
1.19478
1.19478
1.23409
1.23409
1.23409
1.23409
1.25932
1.25932
1.25932
1.25932
1.26026
1.26026
1.26026
1.26026
1.26448
1.26448
1.26448
1.26448
1.2603
1.2603
1.2603
1.2603
1.2645
1.2645
1.2645
1.2645
1.28262
1.28262
1.28262
1.28262
1.28259
1.19381
1.19381
1.19381
1.2659
1.2659
1.2659
1.2659
1.26442
1.26442
1.26442
1.26442
1.26436
1.26436
1.26436
1.26436
1.26449
1.26449
1.26449
1.26449
1.30382
1.30382
1.30382
1.30382
1.28568
1.28568
1.28568
1.28568
1.28563
1.28563
1.28563
1.28563
1.2855
1.26223
1.26223
1.26223
1.22047
1.22047
1.22047
1.22047
1.28509
1.28509
1.28509
1.28509
1.32258
1.32258
1.32258
1.32258
1.24487
1.24487
1.24487
1.24487
1.34954
1.34954
1.34954
1.34954
1.36342
1.36342
1.36342
1.36342
1.28397
1.28397
1.28397
1.28397
1.28375
1.21768
1.21768
1.21768
1.24153
1.24153
1.24153
1.24153
1.33355
1.33355
1.33355
1.33355
1.33313
1.33313
1.33313
1.33313
1.34703
1.34703
1.34703
1.34703
1.34658
1.34658
1.34658
1.34658
1.36039
1.36039
1.36039
1.36039
1.35985
1.35985
1.35985
1.35985
1.35906
1.19722
1.19722
1.19722
1.32966
1.32966
1.32966
1.32966
1.40699
1.40699
1.40699
1.40699
1.38544
1.38544
1.38544
1.38544
1.43867
1.43867
1.43867
1.43867
1.45502
1.45502
1.45502
1.45502
1.45446
1.45446
1.45446
1.45446
1.49283
1.49283
1.49283
1.49283
1.49221
1.19827
1.19827
1.19827
1.35395
1.35395
1.35395
1.35395
1.42962
1.42962
1.42962
1.42962
1.49047
1.49047
1.49047
1.49047
1.52861
1.52861
1.52861
1.52861
1.50208
1.50208
1.50208
1.52495
1.37002
1.37002
1.37002
1.49166
1.35093
1.35093
1.35093
1.51952
1.36867
1.35007
1.35007
1.35007
1.51876
1.51876
1.51876
1.51828
1.39768
1.39768
1.39768
1.51783
1.39724
1.39724
1.39724
1.5174
1.34801
1.34801
1.34801
1.51721
1.33706
1.33706
1.33706
1.52674
1.37489
1.37489
1.37489
1.52634
1.36462
1.36462
1.36462
1.53923
1.48286
1.42757
1.42757
1.42757
1.53871
1.53871
1.53871
1.53833
1.4819
1.4819
1.4819
1.53792
1.45145
1.45145
1.45145
1.53764
1.45094
1.45094
1.45094
1.53729
1.39004
1.39004
1.39004
1.53698
1.48004
1.48004
1.48004
1.53666
1.43754
1.43754
1.43754
1.5363
1.44264
1.37046
1.37046
1.37046
1.56693
1.56693
1.56693
1.60091
1.44205
1.44205
1.44205
1.5662
1.39265
1.39265
1.39265
1.56582
1.38297
1.38297
1.38297
1.53504
1.38201
1.38201
1.38201
1.53463
1.37733
1.37733
1.37733
1.5124
1.37986
1.37986
1.37986
1.51194
1.36475
1.33027
1.33027
1.33027
1.4449
1.4449
1.4449
1.45565
1.34771
1.34771
1.34771
1.45517
1.34907
1.34907
1.34907
1.45472
1.34868
1.34868
1.34868
1.45428
1.34837
1.34837
1.34837
1.45388
1.34804
1.34804
1.34804
1.44393
1.33765
1.33765
1.33765
1.43141
1.33743
1.33899
1.33899
1.33899
1.41525
1.41525
1.41525
1.45243
1.34707
1.34707
1.34707
1.45201
1.34679
1.34679
1.34679
1.45987
1.3466
1.3466
1.3466
1.45546
1.34628
1.34628
1.34628
1.46749
1.35442
1.35442
1.35442
1.46697
1.35414
1.35414
1.35414
1.50324
1.35366
1.30421
1.30421
1.30421
1.46584
1.46584
1.46584
1.50218
1.35298
1.35298
1.35298
1.50163
1.37009
1.37009
1.37009
1.52271
1.36978
1.36978
1.36978
1.5223
1.39484
1.39484
1.39484
1.52179
1.36927
1.36927
1.36927
1.52136
1.40342
1.40342
1.40342
1.52099
1.39363
1.33602
1.33602
1.33602
1.5204
1.5204
1.5204
1.52016
1.39287
1.39287
1.39287
1.51978
1.46106
1.46106
1.46106
1.51935
1.46071
1.46071
1.46071
1.51901
1.46032
1.46032
1.46032
1.51863
1.42966
1.42966
1.42966
1.51834
1.42937
1.42937
1.42937
1.51815
1.42913
1.34972
1.34972
1.34972
1.51775
1.51775
1.51775
1.51756
1.45779
1.45779
1.45779
1.52889
1.45745
1.45745
1.45745
1.52869
1.45708
1.45708
1.45708
1.52835
1.45676
1.45676
1.45676
1.52814
1.47449
1.47449
1.47449
1.52789
1.45612
1.45612
1.45612
1.5275
1.47363
1.34782
1.34782
1.34782
1.50285
1.50285
1.50285
1.52698
1.47651
1.47651
1.47651
1.52662
1.47612
1.47612
1.47612
1.52642
1.50399
1.50399
1.50399
1.53666
1.50412
1.50412
1.50412
1.54162
1.50373
1.50373
1.50373
1.53654
1.50332
1.50332
1.50332
1.5465
1.50701
