27245.9
11786.2
12113.3
12178.3
12240.8
12305.8
12353.9
12440.4
12502.8
12572.1
12632.9
12702
12783
12843.1
12909.2
12987
13062.7
13122.6
13169.4
13260.1
13325.1
13392
13460.1
13540.3
13611.7
13679.1
13755.8
13810.7
13896.6
13970.9
14027.4
14086.7
14169.9
14253.6
14322.1
14397.8
14466.1
14543.2
14611.1
14690.7
14752.8
14834.2
14929.1
15002.2
15083.1
15168
15253.7
15332.5
15335.8
15402.3
15488.7
15565.7
15647.4
15728.5
15804.6
15884.3
15975.7
16054.4
16141.9
16205.7
16267.2
16388.3
16472.3
16554.8
16627.1
16721.5
16827.2
16874.8
16993.6
17063.8
17165.1
17114.9
17207.2
17428
17501.2
17632.8
17701.5
45.0153
17764.6
110.568
17877.6
153.243
17968.3
197.348
22.2524
18062
39.7191
327.388
31.9655
18104.4
66.7715
559.048
134.861
18222.6
198.002
1131.78
209.838
18265.7
221.208
1996.59
264.734
18387.8
310.565
3133.27
355.351
18459.4
355.888
4289.45
310.654
18562.3
393.211
5528.3
460.947
18643.6
481.088
6755.95
585.824
44.1668
18696.1
44.3157
657.601
44.3175
8377.68
43.8869
795.023
66.0634
18827.4
44.7309
902.409
9805.57
936.404
18865.9
1256.46
11345.9
1455.42
18922.7
1642.19
12538.6
1877.18
19012
2220.66
12040.1
2479.86
19083
2780.97
11235.2
3176.36
19208.4
3712.59
10760.1
3858.16
19347.7
4231.39
10317.4
5089.62
19425.4
5622.18
10171.8
5493.41
19479.1
66.5569
6162.95
21.1051
9513
44.4026
6638.2
44.3327
19600
57.845
7534.27
9906.16
7879.86
19709.2
66.0068
8042.96
66.903
9971.02
65.8086
9000.59
21.9163
19825.1
152.543
10167.8
110.199
10094.7
108.671
10651.9
131.549
19898.1
218.162
11199.2
289.156
10281.6
218.668
11604
110.621
19992.8
88.6015
12387.2
89.2993
10508.3
66.6172
13189.7
90.1581
20101.9
87.8757
14094.4
22.2219
10698.4
72.3453
11961.1
194.326
20256.5
266.596
15426.2
352.786
11100.9
331.226
15590.6
418.788
20383.3
380.279
16263.4
355.712
11429.8
267.129
16650.3
264.804
20486
240.456
17439.4
289.693
11732.5
224.797
17677.6
394.05
20624.3
370.82
18095.7
412.157
12003.3
482.788
18228.5
350.384
20508.2
315.616
18620.3
466.924
12329
381.339
19956
396.49
20893.7
443.956
20473.1
574.459
12635.7
686.818
20851.4
617.382
20964.1
723.791
21997.2
847.745
12923.5
1022.39
22733
744.372
20986.3
792.938
23547.8
933.505
13239.3
907.796
24106.5
1213.22
21101.6
1144.97
24610.4
1314.53
13764
1383.46
25500.3
1640.08
21200.2
1726.32
27261.2
1760.54
13993.5
1733.41
27154
1893.83
21249.7
1857.59
27284.1
2126.2
14459.7
2216.08
27083.6
1940.6
21385.8
1816.44
28256.7
2472.28
14879.8
2693.09
28422
2580.75
21334.1
2890.18
28277.2
3189.88
15277.8
3558.69
28379.8
3909.99
21470.4
3984.13
29545.6
4022.89
15732.3
3918.09
29368
4056.34
21599
4293.99
29608.7
4674.94
16244.7
4627.63
29664.2
3721.15
21419.6
4950.35
29933
4650.84
16731.6
4970.31
30191.5
5461.14
21417.8
6102.11
29529.4
6476.99
17287.1
6776.07
29974.3
7029.6
21711.7
6971.01
30065.5
6982.22
17821.4
6822.23
29634.7
6780.58
21563.1
7166.28
29859.3
7177.63
18477.9
7115.76
30067.9
7344.96
21689.4
7651.79
30611.7
8119.75
18984.3
8382.99
30590.3
8948.77
21756.5
9356.06
31135.5
10086.6
19520.6
10204.4
19963.9
11104.3
21666.7
11673.2
31775.4
11731.2
20148.8
12232.6
31820.8
12133.7
21768.2
12633.2
32042
13460.1
20778.3
13566.6
31880.5
13705.4
21913.3
14062.7
31937.1
14188.4
21452.3
14263.6
31509.5
14925.1
22061.2
15080
31472.3
16191.6
22054.1
15575.5
31972.5
15698.3
22175.1
15736.7
32169.1
16265
22584.9
16259.1
31744.9
16613.5
22339.8
17202
31800.1
17219.7
23106.1
18027.2
31737.1
18264.8
22198.1
19073.7
31806.3
19653.8
23347.5
19783.6
31556
19394.1
22288.2
9766.3
21101.1
20066.5
23609.1
18679.3
30883.8
21230.8
22444.9
21837.4
31457.7
21375
23929.2
21443.8
31209.7
21543
22636.2
21333.9
31097.7
20893.1
24253.6
22714.8
31540.3
23721.4
22784.1
23261.9
31115
24103.4
24719.6
22.3605
23197.4
30951.3
23365.7
22997.1
21.6148
23978.2
21.5875
30841.7
44.2824
23123.6
88.2571
25180.6
66.6813
23788.2
44.1111
30908.7
87.8132
23647.1
44.1539
23185.5
43.5856
23851.4
43.9841
30989.6
42.9716
23393.3
43.4622
25577.5
21.9428
23457.1
31122.8
22715.5
23046.8
23778.6
31212.3
23341.4
44.5957
25876.6
87.0033
23331.5
200.793
30833.6
224.466
22876.5
198.217
23307.2
150.215
23601.6
152.353
30827.4
153.9
23306
130.396
26248.8
97.0895
22922.2
129.036
30623.5
127.321
22048.1
119.001
23632.9
65.51
23716.1
31557.3
109.8
22316.7
173.889
26532.3
195.394
24034.1
240.38
31385
267.091
23106.7
265.209
23807.2
215.287
23951.1
199.194
31141.5
134.895
22381.5
110.092
26780.8
23421
44.628
31478
109.482
22930.5
133.369
23898.6
151.014
23688.8
175.023
31200.2
108.66
23364.9
130.138
26996.3
21.7721
23735.6
21.9783
31004.7
43.3912
23600
64.5416
23850.3
131.178
24182.4
64.6528
30760.4
87.5562
23711
197.162
27169.3
109.109
24387.4
65.8121
30699.6
43.5469
23931.4
24075.2
25037.2
43.6904
30760.7
109.892
24753.5
240.004
27452.3
414.049
25370.7
532.217
30166.6
275.609
24035.6
388.314
24221.1
675.702
25819
831.436
31015.7
909.003
25114
913.096
27725
1122.68
25879.8
1230.38
30701.9
1216.88
25069.7
1121.75
24053.7
996.7
25385.1
871.793
30365.4
822.765
24608.2
1084.2
27902
1126.31
24824.9
844.729
30437.5
860.575
24148.8
656.001
24344.1
663.988
24758.4
840.948
30244.6
628.889
23826.9
613.011
28028.3
497.613
24539.2
455.325
29949.7
191.79
24191.7
547.202
24449.3
558.144
24844.2
829.64
30283.3
894.972
23897.8
937.249
28309.6
1160.65
24869.6
1446.59
30140.2
1644.88
23769.9
1729.69
24741.9
1883.16
24831.3
2197.36
30331.2
2272.83
23774.9
2443.4
28520
2754.02
25050.6
2889.72
29950.7
2894.24
23936.7
2903.88
24977
3225.02
24932.6
3234.11
29970.4
3409.61
24072.8
3636.16
28824.4
3893.21
24778.9
3964.84
29891
4395.6
23558.1
4595.38
25208.1
4952.84
24968.3
5216.48
30034.3
5208.98
23912.3
5098.94
29154.1
4396.27
24402.9
4937.99
29723
4900.13
23691.7
4857.25
25202.9
4755.85
24963.6
4671.36
29541.3
3841.9
23760.6
4066.81
29473.9
4504.52
24501.3
4486.23
29655.6
4574.41
23564.1
4488.2
25251.4
4263.27
25028.1
3834.37
29904.3
3738.77
23958.3
3700.49
29734.9
2665.8
24904.4
3578.17
29875.8
3157.85
25136
3131.1
25472.8
3027.48
24659.6
2951.18
29577.4
2959.49
24996.7
2880.64
29862.6
3084.24
24681.9
3314.94
29315.1
3515.52
25151.7
3877.84
25916.6
4175.34
24796.3
4119.81
29466.9
4055.78
25024.5
4120.27
30202.2
4254.64
24327.4
4580.12
29233.8
5069.63
24908
5561.31
26028
5562.38
24904.5
5797.35
30092.4
6392.77
24616.8
6883.18
30532.1
6079.98
24404.4
7745.9
30000.3
8074.81
24446.7
8167.62
25985.1
8509.73
24487.2
8219.93
29807
8626.28
24439.2
8315.66
30248.3
9145.78
24652.6
8942.83
30037.4
9628.95
24681.9
9324.34
26171.1
10613.6
24972.4
9979.28
29657.1
10743.4
24708
10411.4
30474.2
11129.3
24977
10711.6
29875.1
11659.3
25002.1
11125.3
26468.3
12373.9
25530.7
11901.2
29376.2
10542.6
25023.4
10855.4
30656.1
11886.1
25039.4
10664.1
29717
11775.3
25135.1
10301.3
26499.8
11756.2
25643.2
10835.3
29747
11300.6
25296.8
9922.63
31032.9
11297.7
25548.4
10109.6
29291.3
11573
25242.5
10249.1
26759.4
12719.6
26368.9
12288.7
30084.8
13054.7
26006
12512.7
31391.4
14202.2
26052.6
12847.4
29968.9
14141.1
25894.2
12762
26985.7
13666.5
26155.9
12352.9
29795.4
12740.4
25655.1
11699.2
31685.6
12383.2
25590.8
11149.5
29996.2
11894.4
25572.1
10969.7
26993.5
11765.4
25691.4
10955
29691.7
11261
24775.6
10197.7
31719
11244.2
24974.5
10161.1
29660
11035
24847.1
9849.94
27225.2
11522.6
25313.4
10570.2
29376.3
11203.4
24600.7
9926.82
31705.2
10714.2
24618.3
9993.04
29010.7
11300.5
24466.6
10054.8
27199
11952.1
25124.9
11079.4
29311.4
11959.2
24553.4
10768.1
32048.1
12033.5
24437
10798.4
29339
12045.5
24428.7
10683.8
27399.8
12292
24888.5
11229.8
29250
12090.3
24420.8
10849.8
32295.7
12271.8
24484.8
11020.6
29321.7
12472
24404.2
11378
27684.7
12769
24492.5
11491.6
29206.8
12072.5
24055.5
10576.8
32472.2
11775.2
23928.9
10373.4
29181.2
11516.7
23726.1
10238.4
27667.1
11835.6
24272.6
10580.5
29190.3
11204.8
23775.1
10014.2
32474.7
11102.7
23617.5
9860.39
29190.3
11094.6
23567.5
9943.42
27726.4
11673.5
23932.6
10516.4
29025.2
11166.7
23384.5
9897.21
32905.8
10881.4
22825.4
9489.43
29036.3
11237.1
23327.4
10045.9
28095.2
11487.6
23891.5
10615.8
29101.2
11037.4
23251.3
9875.16
32196.8
12317.4
26807.5
11327
33556.9
12892.1
26958.4
11778
28265.6
11301.3
23778.2
10390.7
33355.2
12904.8
26791.2
12089.3
32432
13523.7
26759.3
12613.8
33279.3
14036.8
26789.4
13111.6
28467
14762.4
27254.9
13893.7
33084.5
14412.3
26445.3
13472
33027
14897.6
26406.4
13704.9
33131.2
15164.5
26388.9
13947.8
28751
15605.9
26691.1
14751.3
32819
15467.7
26520.6
13725.6
33247.7
15121.4
26461.8
13423.9
33288.5
14767.7
26459.7
13161.2
29023
15161.6
27131.6
13559.4
33269.2
14331.3
26527.6
12669.8
33230.6
14117.8
26362.8
21.6233
12639.6
33154.9
14235.6
26344.9
12470.1
29260.4
21.2997
14884.4
64.8518
26720.2
148.259
13059.1
129.037
33135.5
215.394
14340.6
239.83
26391
64.2787
12604.1
33471.8
14118.7
26297.4
12592.5
33255.8
14284.5
26306.4
12606
29431.5
14840
26993.5
13457.1
33184.3
14148.5
26258.8
12465.7
33782.9
13904.6
26267.5
12271.7
32807.5
13300.5
25911.8
12115.6
29699.2
14266.9
26715.7
12927.5
33122.6
13810.7
26018.9
12237.5
33798.7
13682
25887.9
10464.5
33236.3
13590
25948.3
12097.3
29834.9
14137.4
26409.5
12787.9
33032.8
13695.9
25635.6
12306
34059.5
14045.1
25415.5
12688.2
32924.6
14413.7
25435.2
12839.5
30048.1
15169.9
26072.3
13686.1
32859.4
14463.6
25198.9
12694.6
34286.2
14472.9
25177.2
12881.8
32901.2
14744.1
25077.3
12942.5
30264.3
15891.1
26261.3
14163.4
33171.9
15151
25405.8
13184.6
34440.5
15205.7
25386.1
13137.5
33374.5
14872.2
25288.9
12808.7
30593.2
15094.9
25878.9
21.6789
13392.4
32897.7
14248.4
25041.3
12084.5
34587.8
13969.3
25026.7
11743.8
36606.6
15070.9
27724.4
10818.2
30823.8
14159.1
25040.7
11832
36197.7
14723.3
27410.5
12340.9
33824.8
14677.3
27406.8
42.6464
12280.9
65.5473
36413.8
196.148
14704.6
882.098
27337
1801.75
12288.8
2229.64
31054.3
3236.03
15669.7
2927.32
27545.4
2509.41
12776.8
2285.12
34657.7
3400.45
15021.7
2944.38
28107.8
2609.15
12361.4
2350.9
33961.6
3564.89
15016.5
3005.5
28100.2
2564.06
12242.8
2282.71
35590.5
3486.14
15035.7
2902.01
28077.5
2477.81
12250.8
2174.3
31054.7
3543.05
16132.4
3055.58
27778.2
2514.38
13153.1
2014.25
35272.8
3065.94
15465.1
2595.9
28321.3
2276.24
12850.9
1978.74
33848.7
2853.76
15760.3
2346.3
28422.8
2028.87
12999.6
1713.5
35792.9
1606.95
15721.7
1351.88
28280.1
1002.14
13037.5
800.94
31309.4
517.353
15215.5
384.21
24719.6
383.734
12634.5
338.005
35503.6
214.955
15876
131.58
28285.2
195.928
16754.3
240.451
34992.6
455.721
14655.4
565.683
24392.3
535.117
16886.5
520.809
36319.7
523.899
15783.9
561.678
27305.3
595.785
16998.3
666.456
31495.2
655.44
16769
685.62
27542.8
431.541
16948.8
153.169
36324.2
21.7636
16083
20.4337
27337.4
17255.3
21.3508
34449.6
21.6584
15951.2
27285.8
17173.2
87.1387
36324.7
62.9651
15926.4
64.826
27288
17085.3
31503.3
17007.7
28381.4
17002.7
87.68
36283.1
110.94
15950
86.8754
29192
21.6562
15912.8
22.2277
34582.8
16007.6
29327.3
16008.4
36238.1
21.5944
16004.9
30497.2
43.7948
16300.1
107.246
31910.4
195.216
16692
302.365
29439.3
259.125
16066.7
281.358
36173.8
470.293
16076
601.851
29385.8
699.582
16118.8
1122.69
34875.6
1314.51
13632.3
1677.22
30471.5
2735.26
16429.1
2668.81
36684
3146.68
16542.1
2802.66
30264.6
3196.93
16044
2551.51
32029.4
3372.38
17271.4
2950.1
30285.4
3173.25
16663
2713.77
36626.6
2974.4
16769.6
2427.62
30219.6
2440.15
16913.3
2115.18
34658.1
2201.69
17235.6
1616.27
30532.4
1221.83
17307.2
757.083
36486.9
636.596
17275.4
466.088
30313.4
258.95
17518.2
129.912
33151.5
104.631
16410.5
85.0006
29205.7
166.962
15997.9
149.462
34695.3
147.705
16100.4
84.4615
29196.3
83.7082
16279.8
64.056
35936.5
16078.2
16.5849
28662.2
16386.3
34741.3
16659.2
29096.2
20.9874
16799.5
189.113
32746.7
272.309
17403.9
248.175
29489.7
189.937
16970.8
210.698
34794
85.0672
17050.5
21.5023
29393.1
85.715
16793.7
147.725
35210.2
104.669
16910.7
42.0893
29392.1
43.4592
16974.5
21.3558
34719.5
17037.6
29453.8
17178.1
32947.7
18348.2
29363.6
17220.4
35088.3
17328.8
21.4805
28907.3
63.6639
17457.6
36337.7
65.2156
17525.3
64.8593
29323.4
43.3874
17700
109.342
35141.8
175.072
17668
324.083
29261.7
576.136
17722.5
842.343
33003.8
1181.77
18461.9
1557.38
29225.9
1363.13
17723.2
1661.82
34904.6
1625.65
17463.3
1874.79
29143.6
2016.67
17852.5
2486.99
36840.3
3151.54
17885.6
3211.16
29187
4052.65
17808.4
3626.63
35266.9
4169.16
17799.2
3576.4
29145.7
4185.45
17827.5
3577.21
33236.4
4532.21
18593.7
3998.45
28789
4545.1
17892.8
3832.66
35390.2
4526.18
17778.2
3869.63
29103.6
4449.08
17885.4
3924.21
36902.3
4459.78
17766.3
3898.26
28934.8
4113.79
17783.1
3723.2
35509
4172.79
17732.1
3684.52
28801.8
4032.24
17720.3
3574.41
33234.8
3962.4
18281.3
3661.66
28915.6
3842.18
17560.3
3297.34
35608.5
3545.6
17404.3
3060.18
28962.7
3448.48
17332.4
3029.27
37093.6
3218.78
17337
2729.18
28913.4
2867.56
17282.5
2579.12
35740.2
2581.17
17371.9
2119.43
28852.1
2306.44
17430
1930.27
33575.3
2045.86
18172.5
2004.64
28955.2
2161.12
17454.5
1980.68
35552.6
2245.84
17437.8
1939.73
29091.1
2385.19
17415.1
2194.49
37505
2487.56
17478.2
1941.51
28685.3
2538.46
17401.4
2236.65
35547
2560.5
17431.7
2179.26
28977.8
2267.48
17568
1958.89
33648.9
2311.32
18105.6
2088.7
28918.7
2177.41
17441.2
1919.15
35803.7
2253.93
17528.6
2149.93
28986.8
2419.29
17577.7
2283.34
37305.9
2685.17
17588.1
2445.08
28887
2810.57
17590
2584.93
35829.8
3123.53
17594.8
2930.76
28790
3366.47
17590.5
3066.54
33834.1
3787.21
18161.9
3317.67
28735.9
3609.78
17460.1
3061.49
35669.4
3347.74
17528.8
2823.5
28292.3
3202.51
17437.5
2469.35
37488.6
3272.79
17638.3
2749.55
28484.2
3287.96
17676.4
2735.45
35719.9
3349.98
17787.3
2784.5
28475.6
3413.31
17908.7
2745.66
33943.2
3682.93
18677.3
3077.49
28303.2
3491.15
17835.8
2730.03
35870.6
3573.32
17987
2830.51
28494.7
3666.72
18037
2912.93
36735.6
3768.35
18117.9
3070.98
28449.8
3942.4
18056
3122.97
35765.6
3905.03
18139.5
3052.11
28486.4
3776.48
18096.5
3049.68
33890.2
4273.12
18943.5
3595.98
28317.3
4159.49
18053
3898.68
35800.9
5118.11
18112.4
4314.82
28271.5
5623
18148.3
4743.16
36617
5887.56
18132.4
4599.19
28385.6
5610.5
18108.7
4485.38
34395.6
5203.05
18177.4
3928.17
28917.6
4429.35
18086.1
3773.91
34432.9
4979.59
19196.7
4105.81
28620.2
4409.58
18449.3
3541.46
34763.5
4133.23
18755.6
3324.55
28892
4014.39
18801
3357.71
36780.4
3990.67
18727.3
3306.85
28947
3951.15
18874.9
3122.59
34637.9
3538.95
18800.2
2922.3
28896.2
3470.93
18817.7
2990.48
34477
3824.76
19246.3
3388.12
28694.6
3720.57
18786.8
3168.67
34779.3
3843.58
18690.5
3251.47
28628
3850.28
18590.2
3281.54
36978.1
4190.83
18582.3
3475.88
28698.8
4282.7
18507.1
3554.81
34741.1
4332.72
18489.8
3607.65
28680.9
4279.82
18361.8
3542.86
34569.5
4485.51
19007.1
3955.73
28719.8
3978.4
17958.1
3574.75
35789.5
4579.93
18604.5
3862.78
30370.4
4535.26
18211.1
3824.35
35790.7
4723.42
18374.4
3907.53
29898.6
4300.71
18246.6
4220.48
35767.4
5043.92
18234.7
4264.09
30730.7
5061.08
18115.3
4463.15
34502.6
5612.04
19010.3
4928.64
30536.3
5235.76
17948.6
4305.79
36010.5
5266.86
18028.8
4423.56
30565.7
5425.72
18044.3
4578.93
36107.5
5409.76
17999.7
4385.78
30536.7
5181.1
17729.4
4263.22
36184.1
5113.5
17548.6
4094.89
30214.3
4380.92
17148.5
3722.96
34623.8
4757.76
17927.4
4011.14
30439.3
4370.04
16946.7
3583.26
36326.4
4317.41
16781.5
3594.76
30456.7
4273.58
16668.8
3524.57
36147.5
4160.43
16579
3405.95
29980.8
4118.81
16328.6
3448.53
36495.3
4214.35
16191.2
3557.19
30129.9
4262.95
16279.8
3567.54
34857.1
4550.83
17037.7
3845.38
29968.7
4276.65
16108.3
3588.64
34963.4
4618.98
15165.4
3887.35
29654.2
4875.87
15154
4064.68
36241.4
5020.32
14871.6
4361.66
29769
5427.29
15129
4534.53
35127
5676.52
15141.2
4789.32
29936.4
5914.4
15141.5
4835.41
35064.2
6511.74
16050.9
5678.51
30073.4
5686.99
14983.9
4189.28
37066.4
5278.07
15429.4
3932.85
29569.2
4651.33
15151.9
3612.04
36545.5
4751.12
15158
3593.68
29395.9
4778.55
15083.9
3650.59
37532.5
4831.66
15021.7
3669.26
29180
4935.45
14971.1
3743.97
35018.7
5651.13
16790.7
4477.23
30664.1
5408.99
15447.7
4297.8
36062.8
5857.95
15088.8
4702.57
30571.8
6133.64
14787.1
4617.94
36827.7
5642.04
14568.4
4199.73
30442.8
5181.74
14413.4
3768.53
36315.8
4780.17
14168.6
3466.23
32785.9
5447.19
17350.4
3894.39
33295
6071.11
19416.5
4251.29
33590.2
4914.72
17365.6
3443.73
35392.4
4760.79
17454.7
3306.57
33635.5
4628.37
17271.5
3189.24
34173.2
4462.77
17171.7
3143.87
33463.1
4373.98
17268.9
3101.88
35375.1
4353.87
15851.2
3126.18
33254.3
4360.57
17064.2
3141.05
34595
5055.64
18566.4
3680.24
32319.5
4368.42
16934.9
3194.56
35211.6
4385.5
16867.8
3194.88
33288
4384.66
16896.8
3223.55
34292.5
4404.81
16887
3267.45
33212.4
4482.56
16987.7
3366.43
35392.3
4532.36
16735.2
3417.73
33004.3
4708.53
17099.6
3599.96
33902
5411.77
18810
4156
33001.9
4818.16
17002.2
3653.26
35112.6
4988.15
17160.4
3862.85
32800.7
5277.02
17189.3
4179.34
33549.1
5721.53
17196.9
4509.75
32954
6017.17
17119.2
4770.76
34573.2
6175.07
17343.8
4870.45
33192.5
5734.94
17321.8
4521.39
34287.1
4808.44
14803
4080.35
29124.1
4537.44
13493.3
3893.36
36157.9
5028.14
13578.1
4008.97
33240.9
5675.09
16570.4
4509.43
35934.3
5064.35
13464.9
3933.8
28873.9
4777.3
13433.8
3876.75
35971.2
4945.26
13382
3966.56
33002.8
5521.94
16488.7
4396.11
34164.3
5370.72
14094.5
4450.5
32804.1
5187.24
16414
4266.92
34743.8
5140.47
16325.4
4071.64
32293.9
4751.02
16355.3
3739.55
34813.4
4474.54
16250.3
3479.87
32574.5
4116.76
16427.5
3184.28
34305.1
3923.73
16400
3111.53
32493.8
3840.35
16218
3019.3
34061.5
4156.51
17259.9
3278.22
32196.9
3873.58
16007.7
3167.03
34361.6
4085.09
15956.7
3371.7
31705.7
4305.9
15905
3721.58
34665.9
4764.32
16001.8
4209.98
33108.2
5533.08
15961.9
4632.94
33794.6
5975.09
15856.4
4861.57
32960.5
6128.23
15925.5
5023.34
34098.8
6830.61
16961.5
5760.81
32344.1
6449.32
15854.4
5239.04
34359.4
6593.59
15831.4
5390.02
33109.1
6811.82
15945.8
5549.5
34817.4
6846.24
15854.4
5528.96
32510.1
6922.42
15872.6
5496.47
33949.4
6321.86
15748.5
5240.32
32628.6
6408.7
15943.6
5167.95
33516.4
6087.54
13595.6
4713.6
32505.9
6234.75
15996.3
4919.77
34010.4
5969.46
15993.7
4234.24
32578.4
5762.36
16127
4634.79
34579.6
5679.53
16180.3
4735.31
32699.8
5928.13
15940.1
4453.75
33927
5567.02
16317.1
4062.27
32574
5295.88
16383.7
3825.58
33691
5761.55
12026.2
4303.44
31746.6
4922.23
17279.7
3573.07
33740.6
4850.51
17619.8
3581.61
32325.7
4644.45
17629.2
3536.02
34622.8
4928.71
17738.1
3605.13
32680.6
4997.19
17778.6
3667.25
34010.3
5084
17893.7
3842.61
32523.7
5038.84
17713.4
4010.71
33337.9
5943.61
19684.4
4695.64
31197.2
5694.78
18448.2
4282.25
33723.3
5740.12
18461.2
4335.64
31894.2
5721.16
14573.9
4304.3
33905.1
5420.79
18262.9
4238.76
31910.3
5759.28
18598.7
4298.36
33090.1
5466.84
18677.2
4203.71
31390
5713.01
18810.6
4245.96
33204.2
6425.55
20503.3
4823.34
31983.6
5617.02
18941.3
4127.22
33210.4
5611.18
18921.8
4127.63
31639.5
5570.85
19012.1
4120.52
34043.4
5516.56
19002.5
4102.69
31727.6
5620.92
19075.5
4120.57
33397.7
5612.47
19156.5
4129.46
32358.2
5714.2
19206.1
4232.24
32945.4
6551.24
20819
5027.79
31668
5742.72
18970.6
4354.13
33431.1
6101.62
19231.4
4438.51
31982.1
6084.04
19179
4553.28
34057.5
6238.13
19155.7
4584.4
31919.6
6023.07
18894.4
4719.86
33440.8
6575.2
19211.5
4914.51
32024
6915.78
18869.8
5060.47
32894.5
8001.93
20975.4
5986.13
32034.9
7088.83
19273.7
5174.9
33399
7138.82
19155.2
5160.67
31940.3
7080.23
19269.3
5270.11
33711.2
7334.02
19007.4
5270.04
32253.6
7178.4
19370.5
5287.97
33159.3
7228.24
19329.2
5378.97
32182.6
7389.02
19289.2
5446.33
32212.5
8235.16
21123.7
6615.19
32283.7
7831.22
19330.6
5952.61
32696.1
7759.54
19181.2
6343.9
31604.4
7941.11
19259.8
6344.9
33663.1
7906.06
19225.9
6211.85
31707.3
7844.13
19217.7
6192.95
32731.1
7698.59
19184.8
5925.07
31542.2
7415.74
19183.7
5783.08
32326
7624.42
20869.8
6145.89
30306.5
6951.26
19281.6
5616.98
32831.7
7210.66
19294.2
5814.58
31166.9
7043.74
19131.8
5789.9
33372.8
7573.67
19369.4
6163.31
30882.9
7533.2
19112
6079.07
32752.3
8059.23
19426.9
6455.37
30796.5
7946.02
19479.6
6266.58
32346
8370.61
20826.6
6545.86
30044.6
7314.41
19386.5
5266.88
32467.2
6999.66
19472.4
5054.69
30439.5
6875.33
19401.9
5058.91
33204.6
6936.87
19423.2
5128.25
30031.4
7059.92
19440.1
5149.17
32423
7140.96
19116.9
5217.76
29921.8
7398.19
19505.7
5439.94
33485.1
8720.18
21086.5
6498
29831.7
7737.62
19419
5646.24
32873.6
7929.72
19382.5
5861.62
29710.1
8200.23
19383.9
6004.18
33752.9
8010.31
19434
5933.11
29862.8
7552.45
19382.4
5579.93
32387.4
7286.03
19449.5
5467.01
30576.7
7065.73
19234.5
5325.16
31706.8
8022.07
20836.4
6247.12
30302.2
7131.9
19037.5
5460.55
32743.9
7125.63
19253.9
5549.88
29794.2
7303.39
19128.9
5983.75
34061
8042.58
19364.3
6270.89
29687.8
8319.3
19501.8
6531.2
32185.8
8524.4
19570.1
6712.81
29584.5
8428.66
19384.6
6391.05
31814.2
9017.13
21197.7
7244.97
31233.3
8419.98
19238.6
6023.89
32186.1
8256.04
19539.7
6019.78
30653.4
8162.39
19473.7
5970.79
34358.7
8042.15
19130.6
5882.41
30964.5
7988.95
19314.1
5777.22
33264.9
8160.8
18967.2
6014.67
30887.9
8245.97
18807.3
6064.87
34711.7
9585.03
20664.3
7111.12
29879.6
8507.08
19097.9
6231.86
32205.8
8142.86
18882.1
5942.07
29829.6
8166.8
18911.3
5882.7
32836
8029.21
18974.4
5494.4
29954.5
7296.34
18741
5364.85
32239.6
7193.08
18914.5
5105.19
31526.8
6897.01
19334
5278.65
32518.2
7876.18
20576
5729.32
31781.6
6785.16
19261.5
5216.73
32744.9
6772.57
19391.7
5188.99
31483.1
6671.2
19043.9
5139.03
33915.4
6776.18
19339.5
5145.33
31651
6696.41
19434.2
5133.15
32877.7
6627.55
19256
5031.83
31523.2
6618.19
19356.2
5016.03
32935.7
6774.83
20482.9
4956.9
31746.5
6366.77
19385.2
4980.08
32628.9
6591.86
19382.7
4999.25
31487.1
6600.11
19512.9
5030.15
33934.7
6619.79
19634.7
4998.2
31412.3
6661.74
19668.9
5036.86
32602.8
6667.74
19813.9
5037.58
31423.5
6629.37
19420.8
4985.43
33584.5
7756.48
21061
5979.52
32125.5
6921.86
19482.8
5245.74
32662.3
6885.58
19292.5
5181.34
31215.7
6798.71
19376.3
5080.3
34663.9
6777.72
19909.7
4945.37
31287.3
6590.04
19369.3
5108.99
32465.2
6789.65
19484.9
5160.67
31255.6
6964.31
19553.6
5327.51
32617.9
8194.09
20975.7
6058.12
32232.6
7295.63
19346.6
5498.62
32159.2
7336.94
19149.5
5481.62
31179.2
7348.35
18859.2
5478.08
34074.8
7412.28
19125.7
5536.67
31044
7403.93
18902.4
5586.85
31601.4
7382.98
18827.5
5580.31
30601.7
7396.79
18924.3
5549.48
31254.6
8665.35
20473.4
6601.15
31035.7
7442.05
18543
5642.33
31474.4
7449.51
18790.5
5655.94
30778.8
7520.93
18698.2
5704.34
32578.8
7524.08
18493.1
5668.84
30903.2
7421.46
18624.6
5600.34
31988.1
7403.45
18694
5361.97
30934.3
7292.42
18536.1
5292.14
32895.7
8061.54
19211.2
6055.96
30548.8
7252.03
18060
4990.41
32386.7
7202.87
18703
4829.7
31209.6
7193.62
18317.2
4917.35
34528.7
6947.38
18176.6
4844.32
31072.4
7068.43
18152.3
4766.25
32751
7012.74
18230.4
4758.18
29972.5
6431.36
15939.5
5063.34
31282.6
8236.37
18985.2
5693.9
30262.4
7107.15
17742.6
4832.59
31217.3
6687.47
15866.4
5203.72
29923
6794.15
15847.4
5270.56
32431.7
6793.76
16090.1
5312.74
29937.6
6777.81
16083.7
5240.01
31528.6
6725.94
16126.3
5095.19
30560
4880
17732.6
4893.23
33809.9
7212.61
18377
5695.79
29679.6
7391.37
17576.3
5116.9
31306.2
6812.68
15974.9
5432.6
30274.7
7628.92
17685.2
5448.47
34331.7
7888.21
17483.4
5338.79
29266.3
7437.93
16255.3
5878.44
31369.8
7580.74
16273.3
5934.17
29289.5
8206.73
17311
5528.75
33570.5
8519.6
18296.7
6362.8
29429.3
8052.74
17521.3
5493.04
32295.8
7955.59
17546.2
5410.06
28518.5
8259.61
16467.9
5556.93
32580.2
8317.79
16464.6
5526.57
28848.7
8257.39
16537.2
5360.65
31526.9
8023.33
16788.8
5337.83
29105.1
7807.51
16824.2
5134.19
31589.6
8083.17
18649.3
5422.26
28686.7
7263.03
17415.3
4838.64
31446.4
7403.45
16683.4
5009.75
28301.6
7245.07
16330.6
5214.45
32617.4
7730.63
16753.2
5413.09
28450.7
7904.34
17464.5
3056.14
32085.9
7857.54
17339.1
5462.08
28160.2
8330.13
17437.4
5725.91
32112.5
8201.79
19195.2
5963.67
28093.5
8890.16
17233.4
6054.11
31676.7
8821.31
17401.5
6242.28
28003.3
8544
17243.7
6282.57
32809.6
8653.1
17350.9
6443.44
27659
8839.16
17403.6
6481.69
31970.6
9288.23
17387.8
6485.54
28174.7
9473.67
17628.5
6520.7
33107.9
8724.3
19848.4
6565.63
29073.6
8954.98
19445.6
6169.74
31920.1
9117.73
17401.3
6692.84
28391.9
9276.35
17563.7
6846.4
33904.3
9024.71
19255.8
6217.03
29172.2
8930.87
19159.4
6055.72
31821.1
8855.59
19279.2
6157.34
29043.2
8939.73
19378.7
6123.62
34575.8
10556.8
20562.9
7346.73
28503.2
9036.41
19109.9
6389.3
31668.1
9320.89
19371.3
5760.88
29391.5
9629.88
19286.4
6636.16
33484.2
9541.64
19012.2
6583.16
29256.1
7997.48
19229.6
5381.12
30469.9
7713.32
19167.6
5241.67
29255.1
7655.1
16324
5204.09
33263.2
9143.99
20262.9
6184.85
28424.6
7599.58
18684.2
5100.86
30706.2
7524.79
18821.4
5038.78
27860.9
7515.19
18150.3
5025.32
32418.6
7522.35
17863.2
5047.18
28005.9
7443.88
17801.9
4972.36
30728.1
7352.71
17625.5
4995.41
28022.8
7432.46
17728.2
5046.09
32786
9929.76
19314.3
6884.42
26456.4
7819.45
16720.4
5699.72
31613.6
8367.62
17326.4
5794.54
28049
8473.35
17272.4
5763.28
33260.3
8361.07
16865.7
5860.22
28804.1
8571.75
17361.7
5930.27
31506.7
8554.42
17248.3
5812.02
28552.5
8541.04
17156.5
5659.15
33911.1
8403.98
18040.2
6259.7
28748.2
8174.2
17022.5
5578.47
31423.5
8284.71
16742.6
5598.73
28948.5
8109
16660.1
5469.13
33624.7
7767.02
16303.1
5375.22
29191.6
8010.65
16354.2
5500.23
31414.3
8027.68
16288.2
5538.56
29546.5
7975.36
16625.7
5453.87
33774.1
9407.28
18153.4
6558.1
29216.7
8101.83
16142.7
5548.78
31582.4
8000.03
16284.7
5658.98
30311.9
7730.69
15999.9
5829.53
33199.2
7733.8
15611
5714.68
30152
7654.34
15773.6
5636.99
31546.1
7564.88
15558
5592.11
29959.9
7429.9
15407.5
5453.11
32427
8734.22
18291.7
6541.46
30275.8
7220.66
15313.9
5205.9
30898.3
6985.22
15186
5142.2
30106.7
6924.01
15730.3
4995.57
31898.5
6557.08
14847.5
4776.3
29536.8
6588.33
15534.3
4791.86
30559
6495.88
15386.4
4739.22
29202.5
6443.69
15590.1
4625.5
30067.4
7721.21
17804.9
5563.17
30448.6
6443.34
16464.6
4606.94
30928.6
6293.2
16262.6
4417.91
29242.5
6153.32
16078
4309.64
30404.3
5993.71
16660.2
4154.91
28879.7
5912.74
16814.9
6799.13
31532.2
5597.7
15185.5
6713.04
30278.1
5663.28
15440
6823.05
32608.1
6855.59
17141.7
4570.58
29234
5742.18
16049.6
7026.5
31196.7
5592.62
14608.6
7690.8
30153.7
5552.22
14457.9
7661.89
33250.9
5881.52
15485.3
7670.94
30341.8
5763.05
15374.8
7522.07
31411.2
5660.5
15168.9
7378.5
30086.1
5633.55
15196.7
7356.48
30315.9
6726.33
16417.5
4080.54
28103.1
5409.27
15610
6837.17
30246.3
5388.09
14766.9
6956.5
29994.6
5563.52
14811.9
7094.42
31933.7
5676.83
14863.7
6731.64
29985
5796.45
15178.8
6845.34
30369.4
5599.78
14494.2
7071.47
29571.6
5705.47
14355.8
7102.87
31101.9
7173.43
16823
4886.66
28412
5960.48
15203.6
7366.38
30444.2
6101.25
14964.6
7335.23
29907.8
6311.44
15282.5
7568.32
32748.5
6508.77
15316.8
7657.76
30088.4
6765.8
15749.2
7712.77
30718
6898.24
15802.2
8188.03
30197.1
7155.06
15863.7
8421.15
33924.3
8446.97
17455.5
6087.59
30167.5
7490.84
15672.5
8728.89
31344.7
7533.11
15774.7
8940.88
30496.6
7658.3
15677.6
9057.85
32929.5
7617.66
15259.1
8740.09
30298.6
7703.31
15672.2
9100.66
31258.5
7710.42
15592.5
9012.87
30159.9
7671.69
15499.3
9109.09
32840.9
8828.42
16611.7
6215.14
29939.3
7412.03
15314
8597.51
31007.8
7107.94
15193.9
8358.58
29863.7
6942.86
14806.3
8192.9
32980
6977.44
15217.3
8240.1
29916.5
6843.59
15039.6
8157.97
31083.8
6947.74
15309.9
8167.62
29696.3
6747.15
15195.3
8059.68
32450.3
8030.92
16285.8
4342.95
29526.7
6531.82
14967.2
7768.98
30801.9
6469.83
14920.3
7660.76
29722.9
6435.21
14851.3
7657.08
32508.5
6415.15
14721.3
7655.11
29612.6
6479.49
14519.9
7679.61
30905.6
6473.46
14649
7720.06
29577.8
6479.43
14525.7
7708.92
31717
7224.53
15492.6
5235.01
29275.4
6410.57
14322.2
7656.37
31508.8
6324.06
14212.6
7515.57
29157.5
6215.85
14079.9
7355.13
31602.3
5981.46
14045.8
7372.42
29311.4
6167.38
14019.4
7388.55
31189.8
6143.49
13978.2
7406.13
29353.1
6163.41
13446.2
7359.5
31521.5
7562.04
15601.9
5024.13
29445.1
6097.13
14222.2
7382.07
30833.5
6099.8
13797.5
7377.23
29574.9
5982.47
13674.1
7358.87
31987
6006.86
13635.9
7351.46
29548.3
6000.03
13482
7591.68
30655.4
6124.06
13566.3
7694.77
29726.1
6190.05
13617.5
7590.88
30649.5
7536.55
14992.9
4847.95
29149.8
6001.2
13907
7328.88
30714.4
5957.88
13473.7
7320.48
29525.4
5882.8
13344.3
7079.85
30920.5
5040.39
12296.4
6844.87
28866.4
4872.44
12168.5
6967.09
29873.2
4806.59
12033.2
6924.15
28781.3
4688.44
11911.2
6842.06
29941.9
