1.0103
1.04632
1.01449
1.01395
1.01468
1.01464
1.0156
1.01474
1.01495
1.01488
1.01559
1.01522
1.01456
1.01441
1.01486
1.01456
1.01464
1.0146
1.0158
1.01454
1.01541
1.01505
1.01535
1.01472
1.01494
1.01512
1.01495
1.01512
1.01454
1.01494
1.0154
1.0157
1.01559
1.01535
1.01551
1.01553
1.01586
1.01594
1.01555
1.01564
1.01604
1.01576
1.01519
1.01508
1.01478
1.01449
1.01456
1.01478
1.02024
1.01967
1.02019
1.02029
1.0198
1.01899
1.01921
1.01943
1.01891
1.01878
1.01787
1.02001
1.02003
1.01847
1.01852
1.01745
1.01823
1.01835
1.01748
1.01774
1.01635
1.01682
1.01601
1.02338
1.0235
1.01503
1.01434
1.01282
1.01345
1.03254
1.01417
1.04607
1.01245
1.06171
1.01334
1.05323
1.04366
1.01312
1.06681
1.03552
1.06078
1.01523
1.04476
1.06683
1.04668
1.01283
1.05635
1.08116
1.06725
1.01422
1.04899
1.12162
1.05647
1.01412
1.05586
1.13483
1.05063
1.0144
1.04562
1.2404
1.05212
1.0139
1.04856
1.37506
1.0476
1.01457
1.06494
1.54835
1.0572
1.05457
1.01584
1.06118
1.06255
1.0621
1.58436
1.05396
1.06418
1.06032
1.01401
1.0511
1.06096
1.59533
1.05955
1.01607
1.0482
1.55836
1.05178
1.01771
1.05955
1.57057
1.05295
1.01792
1.05353
1.76848
1.05122
1.01924
1.07174
2.00583
1.08459
1.01868
1.06485
2.18844
1.07803
1.01636
1.05855
2.3588
1.07256
1.01692
1.06802
2.46809
1.06797
1.01858
1.0452
1.0618
2.64134
2.60771
1.05695
1.06633
1.05677
1.01813
1.11902
1.06043
2.62434
1.05898
1.01732
1.05041
1.09581
1.03986
2.65561
1.06053
1.1071
1.05604
1.01721
1.0583
1.14108
1.0345
2.65746
1.06684
1.18376
1.05357
1.01872
1.04789
1.18001
1.05755
2.6438
1.05859
1.20466
1.05178
1.01847
1.04682
1.20974
1.04391
2.6111
1.04624
1.24475
1.03658
1.01847
1.06229
1.24062
1.05894
2.57986
1.04784
1.15732
1.06764
1.01806
1.04713
1.26516
1.06085
2.51783
1.04204
1.3235
1.05718
1.01735
1.03623
1.36378
1.0395
2.45632
1.04808
1.38053
1.06435
1.01798
1.04841
1.38529
1.03639
2.40519
1.03768
1.42981
1.05642
1.01659
1.05925
1.46166
1.06151
2.36306
1.06027
1.49383
1.05715
1.02808
1.04072
1.52926
1.04782
2.31357
1.04705
1.46947
1.05781
1.01394
1.02861
1.50002
1.05036
2.2632
1.04664
1.51121
1.04146
1.01671
1.06162
1.48226
1.05992
2.21843
1.0537
1.47877
1.0528
1.02278
1.07077
1.46457
1.07772
2.17318
1.073
1.46751
1.07776
1.02405
1.05944
1.4727
1.05655
2.09626
1.05264
1.43552
1.05921
1.02282
1.04362
1.37033
1.05558
2.0584
1.03631
1.38399
1.05352
1.02486
1.06097
1.40108
1.0528
1.9868
1.08203
1.4212
1.05434
1.0248
1.07891
1.39131
1.06133
1.93395
1.05875
1.38979
1.08039
1.03341
1.07596
1.41122
1.07347
1.88326
1.07161
1.41517
1.07532
1.03447
1.08202
1.38601
1.07751
1.83334
1.07666
1.39964
1.07222
1.03291
1.09919
1.40256
1.09567
1.77338
1.13224
1.39432
1.23249
1.04794
1.07078
1.39773
1.07092
1.73335
1.07073
1.39218
1.04999
1.0548
1.05914
1.43802
1.05534
1.67824
1.06496
1.42363
1.05992
1.04825
1.06276
1.42646
1.05002
1.62897
1.05178
1.44933
1.04652
1.06391
1.06174
1.4503
1.06876
1.57602
1.0642
1.44006
1.06347
1.06241
1.06111
1.42048
1.07175
1.53694
1.07362
1.41504
1.07647
1.06572
1.06104
1.40294
1.08309
1.49274
1.09698
1.85795
1.09764
1.07892
1.08844
1.36994
1.11708
1.45154
1.11892
1.37658
1.13567
1.08094
1.12063
1.37371
1.13463
1.40988
1.13992
1.38202
1.1273
1.08012
1.12036
1.38586
1.15383
1.36637
1.15796
1.39392
1.16293
1.08135
1.19451
1.40529
1.21936
1.33772
1.24353
1.39051
1.27911
1.08258
1.30949
1.38337
1.31313
1.30725
1.34908
1.39964
1.33255
1.08337
1.3358
1.40088
1.36515
1.28531
1.37465
1.40333
1.38778
1.09748
1.36938
1.3988
1.38818
1.27351
1.39306
1.4025
1.444
1.09949
2.47327
1.89056
1.43874
1.26193
1.36666
1.40492
1.4264
1.10088
1.42324
1.41406
1.47561
1.24885
1.4847
1.41897
1.47575
1.10039
1.50619
1.40902
1.39146
1.23414
1.48813
1.40487
1.44632
1.10027
1.48352
1.42478
1.45315
1.21607
1.05525
1.52473
1.4276
1.53325
1.09826
1.09228
1.53297
1.08328
1.43256
1.06654
1.59672
1.06031
1.19729
1.06698
1.58027
1.07384
1.42588
1.0756
1.59465
1.07692
1.09715
1.07086
1.59558
1.07019
1.42055
1.08411
1.64023
1.08121
1.18374
1.07148
1.65467
1.41206
1.69834
1.11327
1.6767
1.4107
1.71081
1.06734
1.17453
1.07411
1.71598
1.06712
1.4234
1.05425
1.75132
1.06544
1.1099
1.08891
1.73033
1.07702
1.42524
1.06865
1.73723
1.07577
1.16459
1.09211
1.77403
1.05099
1.40894
1.06572
1.80622
1.07231
1.10556
1.06946
1.76065
1.39754
1.07381
1.73459
1.06816
1.15901
1.07676
1.74789
1.06081
1.39914
1.07184
1.79819
1.0623
1.10579
1.0783
1.75126
1.05133
1.40211
1.08008
1.75235
1.07305
1.15185
1.81698
1.06375
1.39118
1.07701
1.829
1.06927
1.1075
1.07387
1.8032
1.08321
1.40279
1.07718
1.81151
1.07394
1.14536
1.08123
1.81165
1.06839
1.40985
1.09111
1.8026
1.0902
1.11744
1.07018
1.79049
1.09476
1.41838
1.07532
1.80575
1.07782
1.14048
1.0835
1.77991
1.08531
1.41593
1.08766
1.78527
1.11586
1.73998
1.0788
1.41521
1.07515
1.73951
1.08077
1.13622
1.07246
1.71595
1.0683
1.42524
1.19748
1.7236
1.09777
1.11937
1.08877
1.71524
1.07383
1.40055
1.07361
1.72886
1.09357
1.12957
1.0724
1.7023
1.06717
1.40796
1.071
1.72952
1.08117
1.13552
1.09251
1.74163
1.08589
1.41999
1.0762
1.758
1.0751
1.12527
1.07721
1.77216
1.08214
1.41394
1.07991
1.78341
1.06923
1.13211
1.0687
1.77715
1.31495
1.42234
1.22408
1.78888
1.2089
1.12501
1.19789
1.76902
1.20819
1.43121
1.94511
1.76996
1.08083
1.13195
1.08596
1.76463
1.07132
1.41653
1.07305
1.79878
1.07518
1.11847
1.07517
1.7592
1.08308
1.41813
1.07457
1.78996
1.08539
1.13145
1.08202
1.76309
1.08298
1.41549
1.1127
1.79508
1.10833
1.11365
1.11705
1.74003
1.123
1.42075
1.12736
1.76812
1.1463
1.13003
1.11536
1.74957
1.15833
1.42284
1.15581
1.77168
1.1597
1.10972
1.16315
1.7631
1.17005
1.42163
1.16159
1.80246
1.14235
1.12839
1.13304
1.75949
1.13824
1.41922
1.1432
1.78104
1.17186
1.10345
1.194
1.75536
1.11854
1.42417
1.13932
1.78705
1.15366
1.13694
1.08231
1.75289
1.0934
1.42467
1.06924
1.77215
1.12787
1.09641
1.11412
1.76536
1.11476
1.42298
1.13692
1.77777
1.13077
1.14798
1.08993
1.74018
1.10202
1.41878
1.09529
1.76096
1.11372
1.09603
1.35064
1.72913
1.07728
1.41592
1.0822
1.73024
1.07049
1.14239
1.08542
1.74405
1.09939
1.42213
1.08999
1.72037
1.10161
1.0912
1.08606
1.73192
1.08591
1.42458
1.10348
1.71737
1.09645
1.13397
1.08377
1.72783
1.07357
1.42543
1.09799
1.72397
1.09721
1.08596
1.09447
1.74808
1.11588
1.42977
1.10092
1.72524
1.1026
1.14113
1.15558
1.72207
1.18303
1.41071
1.22776
1.7279
1.26017
1.08223
1.24517
1.73841
1.42718
1.41213
1.46563
1.73371
1.50686
1.1507
1.50829
1.73696
1.579
1.41628
1.61292
1.72813
1.68066
1.09329
1.65563
1.71824
1.73729
1.40549
1.69049
1.71369
1.73756
1.14796
1.63858
1.70361
1.68315
1.41922
1.69919
1.70976
1.76622
1.0915
1.74215
1.69187
1.79956
1.41149
1.73159
1.69091
1.75929
1.14609
1.68864
1.67375
1.7388
1.41632
1.61637
1.6776
1.89049
1.08755
1.82099
1.68028
1.95557
1.41483
1.86424
1.67336
2.00322
1.15581
1.87754
1.66076
1.99735
1.41501
1.97757
1.66396
2.13188
1.08464
1.99644
1.64926
2.1126
1.42521
1.93475
1.65342
2.00399
1.15313
1.81759
1.61023
1.81975
1.39965
1.76016
1.61238
1.72205
1.07523
1.63747
1.60241
1.6964
1.4021
1.63259
1.6133
1.70623
1.1514
1.70245
1.61305
1.81369
1.40852
1.8353
1.62314
1.90026
1.07252
1.9103
1.62874
2.01071
1.39435
1.98683
1.62751
2.02416
1.15992
2.01206
1.63846
2.10325
1.40896
2.10235
1.63893
2.21224
1.07053
2.16325
1.65085
2.2672
1.40727
2.20242
1.66042
2.34574
1.15843
2.16968
1.65195
2.25143
1.4173
2.21054
1.6709
2.32312
1.08082
2.13538
1.66693
2.31564
1.41319
2.2826
1.67175
2.30297
1.16843
2.15961
1.65527
2.22778
1.41852
2.13916
1.66797
2.23252
1.07696
2.16283
1.66902
2.24539
1.41364
2.18246
1.668
2.26882
1.16474
2.1779
1.65825
2.24535
1.41721
2.17681
1.66306
2.26205
1.07346
2.16501
1.66065
2.22012
1.41064
2.05158
1.66462
2.16685
1.16531
2.11117
1.66612
2.16087
1.41563
2.18308
1.67853
2.2966
1.07083
2.24698
1.68397
2.36226
1.41368
2.29943
1.69324
2.38235
1.17416
2.30788
1.68022
2.41806
1.41821
2.39437
1.6918
2.48859
1.07266
2.44003
1.69892
2.54535
1.41469
2.45049
1.70085
2.53001
1.1812
2.40725
1.70083
2.50558
1.41885
2.45837
1.71166
2.56068
1.0708
2.42336
1.73404
2.47593
1.41014
2.445
1.70867
2.53245
1.17177
2.45729
1.69798
2.5037
1.4099
2.51934
1.71248
2.60434
1.10045
2.24717
1.47072
2.28511
1.21941
2.18209
1.4668
2.22535
1.16898
2.569
1.70285
2.64188
1.22516
2.18712
1.46995
2.17467
1.0998
2.10996
1.47237
2.10661
1.2234
2.04464
1.4717
2.03551
1.17046
1.98724
1.46798
1.99697
1.23273
1.98575
1.48895
1.9834
1.08448
1.94843
1.4873
1.96153
1.22775
1.93024
1.48934
1.93692
1.16857
1.77715
1.47654
1.84309
1.23059
1.90627
1.48174
1.97425
1.08401
1.95324
1.48079
2.02108
1.2233
1.99479
1.48097
2.06082
1.16629
1.99422
1.46549
2.0879
1.22395
2.06836
1.47679
2.13522
1.08259
2.0868
1.47804
1.10522
2.14116
1.22292
2.08758
1.47576
2.1729
1.16513
1.09702
2.0353
1.09393
1.46745
1.11576
2.13151
1.10433
1.22265
1.09154
2.06723
1.09131
1.46991
1.10171
2.14085
1.08542
2.08023
1.46884
2.13383
1.21782
2.04225
1.46856
2.11725
1.16279
2.00496
1.45236
2.06791
1.21998
2.04314
1.46663
2.12299
1.08175
2.0869
1.46662
2.16523
1.21682
2.03426
1.46928
2.17999
1.1628
2.08586
1.45455
2.142
1.21944
2.0922
1.46728
2.16074
1.08477
2.1108
1.46672
2.29777
1.21734
2.11446
1.46831
2.17645
1.15972
2.09255
1.46058
2.14218
1.21976
2.09494
1.47468
2.13417
1.08289
2.03558
1.47238
2.06519
1.21691
2.00014
1.4805
2.0554
1.15952
1.97031
1.4732
2.03365
1.22266
2.01096
1.49114
2.09335
1.08044
2.01927
1.49217
2.06794
1.22138
1.9774
1.49302
2.03712
1.1598
1.90078
1.45954
1.96805
1.21191
1.92855
1.47644
2.01477
1.08122
1.93607
1.48078
2.03245
1.20591
1.97143
1.48025
2.07602
1.15685
1.97068
1.47593
1.10163
2.09911
1.21418
2.04201
1.48762
2.18876
1.07984
2.11122
1.48948
2.25132
1.09528
1.95212
1.33844
2.33473
1.15767
2.0934
1.49448
2.22759
1.10156
1.99007
1.34694
2.12144
1.11149
2.00329
1.35041
1.10483
2.13305
1.07746
1.0992
1.08465
2.00241
1.09687
1.34912
1.28581
2.13387
1.7102
1.15397
1.59645
1.94559
1.87432
1.34664
2.10258
2.11552
2.31231
1.14009
1.98411
1.975
2.31252
1.30521
2.53229
2.13958
2.76574
1.11109
2.1168
1.98744
2.43674
1.30644
2.57066
2.15397
2.73837
1.1199
1.87259
1.93987
2.29231
1.30319
2.25854
2.11473
2.24899
1.16031
1.80507
1.89374
1.95179
1.32626
1.99821
2.05295
1.89913
1.11555
1.63163
1.91729
1.97994
1.29026
1.80236
2.03341
1.75235
1.11901
1.34219
1.8761
1.38688
1.28478
1.43693
2.00915
1.35372
1.11105
1.153
1.87353
1.10275
1.28683
1.11506
1.99355
1.09594
1.15856
1.11694
2.02831
1.11067
1.48065
1.11959
2.12127
1.11361
1.10769
1.09684
1.85605
1.0858
1.28514
1.08424
1.83628
1.08902
1.08401
1.09577
2.04622
1.09763
1.48839
1.10441
1.81499
1.16404
1.09728
1.16813
1.85636
1.20601
1.32768
1.24369
1.80812
1.18538
1.15803
1.19474
1.8139
1.177
1.30649
1.14138
1.81065
1.07829
1.09754
1.09213
1.83519
1.32717
1.32516
1.78261
1.1155
1.10778
1.09078
1.84248
1.32534
1.78905
1.0854
1.09741
1.11157
1.8434
1.08793
1.32313
1.79232
1.16091
1.80146
1.30343
1.79633
1.08322
1.09848
1.07066
1.82958
1.09027
1.28869
1.08481
1.82839
1.07109
1.10814
1.818
1.28312
1.81858
1.09701
1.09826
1.81634
1.23171
1.09637
1.78717
1.10871
1.1484
1.08495
1.79537
1.09278
1.27722
1.088
1.8155
1.08388
1.09457
1.08875
1.81349
1.10886
1.27394
1.09943
1.80923
1.13512
1.1051
1.15591
2.01388
1.30873
1.22856
1.28426
1.77727
1.57765
1.08234
1.5111
1.76683
1.79869
1.22864
1.659
1.76443
1.68265
1.15445
1.57379
1.72753
1.61977
1.22837
1.50552
1.74287
1.61251
1.07769
1.3665
1.73732
1.37746
1.22991
1.23125
1.7181
1.20301
1.11069
1.12945
1.69131
1.08372
1.2177
1.06042
1.68671
1.06124
1.0701
1.06231
1.67176
1.07038
1.21888
1.09014
1.65551
1.08504
1.12299
1.12779
1.82749
1.1117
1.2792
1.13424
1.82582
1.11512
1.14509
1.12641
1.80966
1.12742
1.27246
1.14145
1.7892
1.1204
1.07571
1.78438
1.23782
1.27672
1.76381
1.14004
1.74025
1.27775
1.12156
1.72283
1.13012
1.14284
1.12014
1.71293
1.13141
1.26454
1.1244
1.70902
1.12628
1.13921
1.11796
1.70054
1.1102
1.25938
1.1256
1.71601
1.13706
1.09944
1.13443
1.70108
1.1234
1.25843
1.0978
1.68707
1.11589
1.13944
1.68074
1.2524
1.67502
1.14087
1.63828
1.25589
1.66712
1.12904
1.65559
1.11218
1.25984
1.11449
1.64264
1.06689
1.09879
1.63073
1.11133
1.25192
1.09144
1.61933
1.09455
1.12399
1.07035
1.61907
1.08164
1.25371
1.29441
1.61204
1.11385
1.14151
1.13252
1.59887
1.17003
1.25682
1.16567
1.60941
1.17358
1.12143
1.19704
1.61265
1.2687
1.25801
1.28863
1.59401
1.41347
1.06362
1.44013
1.59578
1.64286
1.25499
1.54959
1.59649
1.79362
1.11795
1.64829
1.59848
1.84349
1.25786
1.72954
1.59542
1.97223
1.14228
1.67838
1.58563
1.84706
1.26474
1.77898
1.59048
1.9228
1.11612
1.79039
1.59549
1.98039
1.25992
1.81179
1.58789
1.94154
1.06235
1.79615
1.59024
1.8467
1.26428
1.77982
1.58659
1.8411
1.11129
1.79037
1.58504
1.84944
1.26695
1.84575
1.58725
1.90058
1.13996
1.83986
1.57951
1.87265
1.26194
1.82056
1.59032
1.89528
1.10445
1.76608
1.59602
1.87379
1.25924
1.74086
1.60093
1.83388
1.06068
1.67743
1.60074
1.71699
1.25852
1.57026
1.60693
1.62845
1.10298
1.51724
1.59338
1.47716
1.25512
1.37674
1.59544
1.376
1.13742
1.33289
1.57628
1.46224
1.25637
1.4564
1.58063
1.56589
1.10381
1.52725
1.58766
1.72039
1.25355
1.69468
1.58722
1.8374
1.05105
1.76648
1.58668
1.63529
1.25588
1.67794
1.5841
1.74015
1.09767
1.63188
1.5786
1.71482
1.25208
1.5935
1.57036
1.60834
1.13967
1.50268
1.56839
1.60009
1.25395
1.54225
1.57467
1.65915
1.09693
1.54382
1.56722
1.64145
1.25392
1.61683
1.56471
1.85085
1.05444
1.84014
1.5558
2.05838
1.25501
1.93001
1.55579
2.16744
1.09445
1.95557
1.55202
2.15039
1.25673
2.03272
1.55402
2.2708
1.13633
2.06412
1.55546
2.33316
1.26026
2.37108
1.56288
2.69699
1.09377
2.52601
1.54199
2.77854
1.2608
2.38508
1.55021
2.48819
1.05631
2.72238
1.53733
3.02078
1.26362
2.7618
1.53228
3.10289
1.09276
2.81664
1.51713
3.21736
1.26362
3.07971
1.50765
3.49045
1.13655
3.14817
1.50446
3.62773
1.26775
3.4979
1.5058
3.66004
1.09003
3.57707
1.50009
4.00482
1.26011
3.60809
1.49322
3.97518
1.07956
3.55129
1.48538
3.92775
1.26285
3.49919
1.48823
3.87412
1.09097
3.45263
1.4834
3.81317
1.26187
3.3327
1.48412
3.58486
1.13729
3.1167
1.48437
3.29613
1.26848
3.047
1.48663
3.24699
1.09221
2.87024
1.48408
3.10647
1.27058
2.75849
1.48543
2.94584
1.08455
2.69727
1.48449
2.95986
1.26979
2.79655
1.49003
3.05226
1.12466
2.90714
1.46816
3.24815
1.24442
2.53638
1.44377
3.07355
1.13345
2.81482
1.46757
3.04729
1.2571
2.87031
1.46795
3.11384
1.12683
2.79011
1.44264
3.02046
1.2446
2.71139
1.43906
2.97082
1.08706
2.53653
1.43677
2.77951
1.2424
2.58393
1.43948
2.77926
1.12312
2.48736
1.43779
2.70154
1.24228
2.51102
1.43786
2.75705
1.13184
2.43269
1.45532
2.65269
1.24455
2.54603
1.43424
2.75492
1.12186
2.56528
1.44223
2.78966
1.2449
2.48684
1.43943
2.69791
1.07861
2.48819
1.44583
2.72791
1.24427
2.49061
1.45004
2.71067
1.11958
2.51141
1.45061
2.73783
1.24045
2.48641
1.45777
2.68762
1.13334
2.41976
1.47348
2.62783
1.24122
2.37182
1.48787
2.60042
1.08296
2.34847
1.44334
2.54611
1.14671
2.22445
1.44681
2.538
1.12017
2.3055
1.4567
2.50522
1.17223
2.15156
1.45114
2.43711
1.08141
2.22677
1.46037
2.41007
1.14535
2.25683
1.46853
2.13101
1.13858
2.18564
1.46036
2.32494
1.15188
2.28155
1.47822
2.43902
1.07768
2.34016
1.48038
2.51506
1.14862
2.32333
1.47846
2.47616
1.11269
2.31692
1.48411
2.52043
1.14936
2.36744
1.50443
2.67296
1.07366
2.53634
1.52365
2.80597
1.15161
2.5696
1.52792
3.06094
1.1349
2.95199
1.54676
3.44404
1.15125
3.24562
1.57219
3.5221
1.06729
3.32686
1.5904
3.56063
1.15286
3.16237
1.5893
3.59396
1.11147
3.4019
1.60901
3.70089
1.15835
3.39195
1.62098
3.68066
1.06154
3.38851
1.63588
3.49854
1.15805
3.22453
1.62891
3.36513
1.13246
3.03319
1.61817
3.22322
1.16812
3.0329
1.63843
3.33687
1.10286
2.91752
1.73931
3.16449
1.18137
2.93401
1.74676
3.16995
1.10783
2.79728
1.74146
2.87472
1.17315
2.7453
1.7435
2.96077
1.10127
2.72108
1.74361
2.8646
1.16799
2.58682
1.74541
2.86316
1.12892
2.64598
1.72965
2.77802
1.16623
3.08083
1.75204
3.61855
1.03913
3.48814
1.71754
3.96646
1.18368
3.75434
1.73881
4.072
1.1048
4.12577
1.74545
4.45192
1.18741
4.16152
1.75627
4.43563
1.03003
4.13064
1.75824
4.40849
1.19727
4.08026
1.77001
4.3373
1.13102
3.92258
1.657
4.09146
1.13283
3.80794
1.71156
3.86965
1.07527
3.54609
1.74588
3.56516
1.14087
3.39304
1.78354
3.6628
1.10045
3.61689
1.79707
4.07578
1.15111
4.08516
1.82785
4.41789
1.05833
4.44292
1.85024
4.88635
1.07418
3.56662
1.44717
3.99834
1.19864
3.63416
1.3902
4.16003
1.04763
4.10113
1.46727
4.58526
1.10251
4.28884
1.46186
4.79925
1.04781
4.47682
1.45999
5.01672
1.18699
4.63702
1.47124
5.08336
1.04811
4.74571
1.47408
5.19285
1.09912
4.78584
1.59491
5.19506
1.04992
4.7832
1.48514
5.18584
1.15142
4.54446
1.41729
4.91567
1.08019
4.74327
1.48936
5.10044
1.09791
4.70988
1.49475
5.081
1.04681
4.675
1.4947
5.01985
1.18632
4.61476
1.49432
4.92694
1.05088
4.48847
1.48609
4.77821
1.0978
4.3332
1.48608
4.5185
1.05462
4.0974
1.47586
4.31213
1.17656
3.82735
1.42174
4.12161
1.05298
3.9086
1.48424
4.17563
1.10448
3.75745
1.47602
3.76011
1.05276
3.54649
1.4713
3.68002
1.21004
3.23981
1.46918
3.35112
1.05228
2.95738
1.46322
2.88723
1.11823
2.9065
1.45945
3.05431
1.04267
3.07257
1.46097
3.27741
1.1673
3.96012
1.8545
4.11074
1.18827
3.57186
1.91529
3.86754
1.06282
3.55422
1.90998
3.84264
1.04011
3.06243
1.50038
3.2302
1.13186
3.45618
1.9227
3.77281
1.19184
3.53241
1.9304
3.76541
1.06336
3.3989
1.93374
3.64702
1.04542
3.04546
1.53343
3.27752
1.16931
3.11141
1.90781
3.31299
1.04631
3.17207
1.53908
3.34828
1.10782
3.16774
1.55066
3.48092
1.06222
3.43108
1.54598
3.82394
1.17164
3.67814
1.55675
4.10304
1.04511
4.00015
1.52893
4.35508
1.12198
4.13328
1.54327
4.50717
1.04676
4.17711
1.55206
4.56213
1.17995
4.14867
1.53891
4.34191
1.06105
4.22501
1.57914
4.39789
1.1232
4.03112
1.58291
4.16197
1.06031
3.63191
1.59108
3.84515
1.17444
3.354
1.58185
3.49709
1.03041
3.20092
1.58811
3.19579
1.13559
3.034
1.6005
3.11946
1.03501
3.01142
1.59855
3.09198
1.17836
2.84678
1.56891
2.97118
1.05342
2.88571
1.60725
2.96391
1.11217
2.85446
1.60795
2.92089
1.02968
2.80504
1.59817
2.84723
1.16967
2.77928
1.60032
2.83047
1.04409
2.70118
1.60248
2.7993
1.12636
2.7246
1.59832
2.86813
1.04153
2.80241
1.5944
2.87382
1.19554
3.26932
2.01847
3.58521
1.04458
2.762
1.58629
2.8465
1.12587
2.7894
1.58395
2.87175
1.04139
2.85038
1.57278
2.93627
1.1729
2.91175
1.56185
2.91788
1.04034
2.86594
1.56211
3.17786
1.12616
3.09842
1.53891
3.43101
1.03975
3.29701
1.54307
3.73147
1.1976
3.30478
1.95154
3.61747
1.0584
3.51655
1.43585
3.95154
1.13454
3.78025
1.45465
4.12152
1.037
3.69206
1.44921
4.15063
1.18833
3.81499
1.44842
4.183
1.03524
3.80291
1.44178
4.14098
1.12794
3.78609
1.43883
4.02875
1.03233
3.54678
1.43915
3.86486
1.21968
3.12829
1.35583
3.6392
1.08315
3.39225
1.39527
3.63077
1.13859
3.37297
1.39431
3.62222
1.05669
3.37149
1.59544
3.6463
1.21458
3.33344
1.38358
3.52053
1.05665
3.38149
1.3786
3.66271
1.15781
3.48583
1.36475
3.61015
1.07232
3.44136
1.35822
3.72135
1.22703
3.35283
1.3139
3.65969
1.05652
3.50298
1.35794
3.8201
1.14548
3.51952
1.35005
3.79939
1.05916
3.52414
1.34675
3.79422
1.20662
3.54331
1.34466
3.79663
1.05917
3.47979
1.33982
3.78615
1.14626
3.4621
1.33466
3.74737
1.04384
3.36328
1.33141
3.62965
1.23186
3.23066
1.29322
3.46006
1.0585
3.14816
1.32687
3.50396
1.14553
3.20965
1.32805
3.51878
1.05152
3.24045
1.32786
3.45755
1.21283
3.16734
1.328
3.31902
1.04423
3.04015
1.32626
3.15347
1.14511
3.00335
1.32521
3.18555
1.04772
2.87845
1.32939
3.08991
1.24369
2.73337
1.27977
2.95652
1.05117
2.83067
1.32063
3.06614
1.15161
2.81821
1.31807
3.03554
1.04514
2.81845
1.31814
3.0028
1.22551
2.74258
1.31051
2.69995
1.04303
2.77716
1.31357
2.99198
1.15641
2.77089
1.30815
2.9275
1.04339
2.68969
1.3176
2.87475
1.27027
2.62721
1.27303
2.64994
1.04176
2.54165
1.3165
2.6608
1.16735
2.44798
1.31202
2.48964
1.06419
2.49337
1.31463
2.49177
1.23143
2.49655
1.31488
2.52004
1.06312
2.50527
1.31933
2.53597
1.15783
2.53841
1.3202
2.60565
1.06282
2.61552
1.31784
2.68822
1.25968
2.75606
1.28386
2.79984
1.1104
2.77282
1.31233
2.74328
1.16717
2.65695
1.31455
2.63739
1.08111
2.62972
1.31745
2.61681
1.23692
2.54357
1.30836
2.50295
1.07978
2.43755
1.30669
2.42171
1.16812
2.40833
1.30425
2.39451
1.08918
2.43301
1.3009
2.4748
1.27231
2.3501
1.27303
2.63395
1.11787
2.58919
1.30314
2.85473
1.17884
2.78763
1.30425
3.01485
1.09167
2.85526
1.30635
3.06568
1.25037
2.8345
1.30285
3.032
1.11794
2.82343
1.30317
3.0431
1.17706
2.79549
1.30811
3.00352
1.1194
2.72245
1.29632
2.91118
1.22469
2.56176
1.26539
2.76294
1.12326
2.61866
1.2952
2.81289
1.1637
2.5687
1.29875
2.66551
1.12368
2.48322
1.3021
2.64404
1.22179
2.54399
1.29333
2.67402
1.12241
2.68055
1.29899
2.83541
1.16773
2.79265
1.29017
2.90226
1.09427
2.8809
1.30055
2.96329
1.29878
2.78521
1.27944
2.84705
1.09474
2.79051
1.30293
2.8639
1.1631
2.83284
1.29582
2.83517
1.12445
2.56076
1.2978
2.63152
1.21072
2.50654
1.29347
2.50332
1.12249
2.40477
1.28421
2.40547
1.18209
2.34795
1.28183
2.33718
1.11945
2.36377
1.28005
2.42218
1.29522
2.43312
1.25723
2.43566
1.06241
2.37807
1.28813
2.59337
1.18122
2.42593
1.28395
2.62068
1.0883
2.45969
1.2868
2.64138
1.208
2.4659
1.29177
2.62818
1.06631
2.45281
1.28529
2.69218
1.14178
2.41779
1.31169
2.58511
1.07575
2.40319
1.31586
2.55965
1.18263
2.32085
1.28684
2.49369
1.11366
2.37621
1.31029
2.53007
1.1847
2.42351
1.31813
2.56665
1.11139
2.49428
1.31692
2.70304
1.26474
2.55445
1.31921
2.69393
1.10791
2.61736
1.3235
2.95314
1.17453
2.82795
1.32042
3.08577
1.0576
2.96171
1.28191
2.9889
1.27133
2.86328
1.29091
3.10077
1.04594
2.9931
1.28547
3.01677
1.16401
2.99343
1.27843
3.00215
1.0546
3.01716
1.28001
2.98967
1.22504
2.9842
1.27563
3.02166
1.05071
3.00924
1.26725
3.02243
1.15625
3.00401
1.26342
3.04818
1.04957
3.0151
1.26679
3.08054
1.25618
3.14384
1.2768
3.48461
1.04065
3.04702
1.26865
3.12191
1.16521
3.09455
1.27338
3.11022
1.0561
3.07905
1.26528
3.09802
1.22461
3.05412
1.25843
3.10733
1.05653
3.03617
1.25541
3.07967
1.16446
3.0253
1.25124
3.07367
1.05005
3.02232
1.25693
3.0332
1.23887
2.93915
1.26135
2.98154
1.03995
2.94771
1.27681
2.98925
1.16976
2.97183
1.27976
3.0383
1.06212
3.0374
1.28072
3.10189
1.20805
3.04497
1.24792
3.06974
1.06776
3.08039
1.27048
3.0604
1.17775
3.02138
1.27357
3.02618
1.07053
2.73669
1.26748
2.93341
1.27297
2.81878
1.26133
2.8154
1.03536
2.81952
1.27894
2.82729
1.1889
2.81168
1.29569
2.83438
1.0684
2.80713
1.29625
2.82054
1.22518
2.7888
1.29319
2.79755
1.07439
2.77427
1.30501
2.772
1.20884
2.78528
1.29732
2.76408
1.08373
2.76647
1.29976
2.78489
1.33402
2.66325
1.25953
2.654
1.0624
2.7528
1.32094
2.72808
1.20891
2.74343
1.30158
2.7018
1.08007
2.70649
1.30589
2.6634
1.28082
2.68886
1.30739
2.62655
1.0748
2.71635
1.31012
2.6835
1.18849
2.70936
1.30443
2.72104
1.07067
2.73356
1.30014
2.8118
1.26187
2.76288
1.34992
2.78892
1.078
2.71695
1.33818
2.9136
1.15998
2.72006
1.29536
2.94042
1.05426
2.71972
1.31846
2.97095
1.20344
2.68474
1.31827
2.98935
1.05586
2.7476
1.31617
3.04719
1.15062
2.78004
1.32157
3.07344
1.10009
3.03486
1.51121
2.89158
1.32858
2.6621
1.34446
2.93581
1.08844
2.73738
1.36041
2.97979
1.20278
2.90636
1.50251
2.70377
1.1
2.8464
1.49931
2.70463
1.28406
2.85145
1.49734
2.74289
1.09936
2.85505
1.50004
2.76751
1.18756
2.87141
1.49107
2.79282
1.06979
3.33394
1.35442
2.94617
1.22688
2.94881
1.39663
2.9145
1.09517
2.59206
1.36831
2.82582
1.2012
2.775
1.49014
2.65808
1.08147
2.53739
1.36018
2.67831
1.20436
2.4404
1.36592
2.63703
1.11861
2.60118
1.47632
2.49293
1.19929
2.5514
1.47786
2.44055
1.11152
2.36078
1.37884
2.58749
1.24548
2.5671
1.41295
2.63973
1.11616
2.41545
1.3804
2.67519
1.16446
2.45603
1.37478
2.68277
1.14003
2.36669
1.45466
2.6652
1.28861
2.38179
1.44925
2.60244
1.14103
2.39129
1.44282
2.67046
1.20063
2.4671
1.43351
2.77096
1.13242
2.52705
1.42649
2.85314
1.32495
2.76796
1.36501
3.0068
1.14128
2.7043
1.37154
3.02226
1.1997
2.65147
1.43222
2.90267
1.1481
2.66189
1.44642
2.81331
1.2789
2.56645
1.42103
2.72173
1.14922
2.5155
1.36396
3.82663
1.17025
2.47594
1.35278
2.68259
1.15487
2.3817
1.35231
2.57801
1.30552
2.80078
1.32402
2.84495
1.16123
2.26481
1.36578
2.44974
1.18818
2.28312
1.36398
2.38918
1.16909
2.34204
1.36816
2.36859
1.26734
2.30555
1.36102
2.32057
1.17572
2.21462
1.36126
2.31267
1.17637
2.15498
1.36478
2.2998
1.16048
2.09903
1.33087
2.26389
1.26224
2.56997
1.29027
2.58887
1.11888
2.21093
1.22648
2.39315
1.1809
2.10838
1.35366
2.20717
1.14669
2.13154
1.34293
2.16234
1.22173
2.19431
1.22903
2.38834
1.11895
2.21899
1.22899
2.4289
1.17517
2.23104
1.21829
2.42112
1.12018
2.22634
1.22305
2.43089
1.20868
2.12254
1.23686
2.31109
1.13171
2.19857
1.23903
2.33402
1.1776
2.13576
1.221
2.32838
1.10475
2.07204
1.22414
2.24817
1.23596
2.0196
1.22764
2.24525
1.1071
2.27887
1.21043
2.49372
1.21806
2.3548
1.21389
2.55057
1.10961
2.36752
1.33663
2.54387
1.24098
2.2602
1.23605
2.47889
1.13832
2.3637
1.24114
2.57171
1.20432
2.37962
1.23089
2.58549
1.15229
2.37695
1.27801
2.58745
1.26523
2.36125
1.28807
2.5762
1.15655
2.37215
1.29435
2.54593
1.19883
2.36341
1.30487
2.6189
1.15171
2.40427
1.30481
2.59739
1.26173
2.20604
1.29931
2.40883
1.20347
2.44598
1.39876
2.51975
1.1693
2.28801
1.34466
2.45298
1.14302
2.25906
1.35008
2.46163
1.22678
2.23073
1.36892
2.42008
1.11529
2.25499
1.34353
2.43258
1.17787
2.25108
1.3536
2.43221
1.11701
2.24565
1.35765
2.48708
1.22623
2.59355
1.39046
2.62064
1.11223
2.31154
1.36517
2.50628
1.17421
2.2858
1.38829
2.5125
1.10024
2.32052
1.39337
2.55389
1.22575
2.38997
1.39868
2.6045
1.08998
2.36436
1.41875
2.54389
1.17245
2.36689
1.42215
2.52945
1.08266
2.3732
1.39199
2.55678
1.23284
2.28532
1.37191
2.4539
1.08996
2.30032
1.42635
2.4937
1.17227
2.34486
1.42095
2.4474
1.05927
2.33072
1.44302
2.35979
1.24052
2.41352
1.46149
2.38546
1.06368
2.42335
1.46671
2.4194
1.17242
2.46189
1.48293
2.42678
1.06421
2.51137
1.50044
2.5095
1.28535
2.44688
1.35904
2.42644
1.0625
2.56504
1.49991
2.55209
1.19597
2.65547
1.51048
2.64081
1.06636
2.74573
1.46785
2.72697
1.29258
2.83243
1.54357
2.81712
1.08332
2.82738
1.48317
2.82996
1.20614
2.87075
1.49934
2.87212
1.09759
2.90526
1.4786
2.94566
1.39488
2.77023
1.38701
2.85489
1.05417
2.89677
1.3989
2.94872
1.19823
2.96118
1.41589
3.07017
1.09508
3.04155
1.42396
3.15351
1.34813
3.13054
1.36576
3.26931
1.10687
3.17378
1.35146
3.23894
1.16988
3.37943
1.5083
3.25253
1.05864
3.37017
1.48152
3.24508
1.28272
3.25327
1.43686
3.50678
1.09295
3.32037
1.40005
3.16838
1.1864
3.44672
1.55321
2.94406
1.0705
3.45764
1.56578
2.94193
1.23409
3.31279
1.46857
2.9879
1.06128
3.37952
1.47817
3.05794
1.17414
3.42795
1.4841
3.10533
1.06687
3.43971
1.47993
3.10318
1.39017
3.42992
1.49659
3.83925
1.12619
3.56282
1.43695
3.35857
1.21936
3.61568
1.5305
3.30078
1.07434
3.52636
1.52901
3.24776
1.28407
3.44813
1.5185
3.40735
1.06806
3.35954
1.48585
3.32565
1.21751
3.4456
1.55249
3.19492
1.08624
3.35308
1.56185
3.14428
1.35487
3.21888
1.47297
3.32023
1.13619
3.24946
1.46513
3.09205
1.21346
3.20604
1.51449
3.09097
1.07068
3.08533
1.48609
2.98335
1.26244
2.97805
1.4599
2.926
1.06517
2.86048
1.44478
2.86806
1.19089
2.80474
1.43692
2.74573
1.06564
2.68977
1.43104
2.65769
1.22903
2.64072
1.41339
2.6284
1.05954
2.56875
1.43537
2.53829
1.17994
2.54553
1.43917
2.48806
1.04814
2.46724
1.43805
2.44204
1.24591
2.4643
1.4557
2.39122
1.05811
2.46728
1.44686
2.42364
1.17975
2.46143
1.45315
2.37184
1.05934
2.4351
1.45269
2.41645
1.27272
2.47094
1.47836
2.54414
1.06408
2.53564
1.47517
2.53653
1.17779
2.60059
1.48318
2.58822
1.05952
2.65624
1.51058
2.55537
1.23921
2.66042
1.48354
2.60875
1.06326
2.6406
1.48785
2.59738
1.16762
2.67921
1.4783
2.62935
1.05847
2.70551
1.48495
2.67415
1.28962
2.63908
1.48999
2.81373
1.05905
2.84732
1.51218
2.78237
1.17042
2.85869
1.51835
2.83026
1.06087
2.89487
1.52728
2.83321
1.25206
2.89743
1.53593
2.78686
1.06102
2.8662
1.53844
2.82617
1.17119
2.87241
1.54789
2.80405
1.06176
2.85795
1.55767
2.79658
1.31235
2.80434
1.55316
2.91752
1.06396
2.84249
1.57303
2.78893
1.15057
2.87552
1.58715
2.83985
1.0685
2.92293
1.59674
2.86498
1.28672
2.96447
1.58633
2.88333
1.06922
2.94993
1.60057
2.88365
1.1614
2.96009
1.60626
2.85277
1.06584
2.95616
1.63026
2.87478
1.33454
2.85956
1.57486
3.05169
1.06808
2.99799
1.5664
2.88813
1.17794
2.99648
1.6292
2.89064
1.0637
3.01549
1.63126
2.89893
1.27997
3.00901
1.64404
2.86761
1.0631
2.94755
1.64936
2.79461
1.17958
2.88697
1.6402
2.75541
1.06047
2.86959
1.63898
2.78675
1.37707
2.80054
1.61889
2.98129
1.07488
2.92658
1.58509
2.87385
1.18557
2.97123
1.64862
2.8978
1.06992
3.01915
1.64438
2.97729
1.29558
3.30598
1.75831
2.8087
1.08285
3.44661
1.78251
2.85167
1.20295
3.51647
1.80008
2.8911
1.08232
3.52411
1.80663
2.92647
1.39404
