0.10
0.49
0.79
1.10
1.40
1.71
2.02
2.32
2.62
2.93
3.23
3.53
3.84
4.14
4.45
4.75
5.06
5.36
5.67
5.97
6.27
6.58
6.89
7.19
7.50
7.81
8.12
8.42
8.71
9.01
9.32
9.62
9.91
10.21
10.52
10.81
11.12
11.42
11.72
12.03
12.33
12.63
12.93
13.24
13.53
13.83
14.12
14.43
14.74
15.04
15.34
15.64
15.94
16.24
16.54
16.84
17.14
17.45
17.74
18.04
18.35
18.65
18.95
19.26
19.57
19.88
20.17
20.47
20.78
21.07
21.36
21.67
21.97
22.26
22.56
22.86
23.16
23.46
23.76
24.06
24.35
24.66
24.96
25.26
25.56
25.86
26.15
26.46
26.76
27.06
27.36
27.66
27.96
28.25
28.55
28.84
29.14
29.43
29.72
30.02
30.31
30.62
30.91
31.21
31.51
31.80
32.10
32.39
32.68
32.97
33.26
33.27
33.56
33.58
33.86
33.88
34.17
34.19
34.19
34.19
34.48
34.50
34.50
34.50
34.79
34.81
34.81
34.81
35.10
35.11
35.12
35.12
35.40
35.42
35.42
35.43
35.71
35.73
36.01
36.03
36.32
36.34
36.62
36.64
36.64
36.92
36.94
36.94
36.94
37.23
37.24
37.25
37.25
37.54
37.56
37.56
37.56
37.85
37.87
37.87
37.88
38.17
38.19
38.19
38.19
38.48
38.50
38.50
38.50
38.79
38.81
38.82
38.82
39.11
39.13
39.13
39.13
39.43
39.45
39.45
39.45
39.75
39.76
39.77
39.77
40.06
40.08
40.08
40.09
40.39
40.41
40.41
40.41
40.71
40.73
40.74
40.74
41.04
41.06
41.07
41.07
41.37
41.39
41.40
41.40
41.71
41.72
41.73
41.73
42.04
42.05
42.06
42.06
42.37
42.39
42.39
42.40
42.70
42.72
42.72
42.73
43.03
43.05
43.06
43.06
43.37
43.39
43.39
43.39
43.70
43.72
43.73
43.73
44.03
44.05
44.06
44.06
44.36
44.38
44.39
44.39
44.69
44.71
44.72
44.72
45.03
45.05
45.05
45.05
45.36
45.38
45.38
45.38
45.69
45.71
45.72
45.72
46.03
46.06
46.06
46.06
46.06
46.07
46.38
46.39
46.40
46.40
46.40
46.41
46.43
46.43
46.73
46.75
46.76
46.76
46.76
46.77
46.77
46.77
47.08
47.10
47.10
47.11
47.11
47.11
47.12
47.42
47.44
47.44
47.45
47.45
47.45
47.46
47.46
47.77
47.79
47.79
47.80
47.80
47.80
47.81
47.81
48.12
48.14
48.14
48.15
48.15
48.15
48.16
48.16
48.47
48.49
48.49
48.49
48.50
48.50
48.51
48.51
48.82
48.84
48.84
48.85
48.85
48.86
48.86
48.86
49.17
49.19
49.19
49.19
49.20
49.20
49.21
49.21
49.49
49.51
49.51
49.52
49.52
49.53
49.53
49.53
49.92
49.94
49.94
49.94
49.95
49.95
49.96
49.96
50.24
50.26
50.26
50.27
50.27
50.28
50.28
50.28
50.56
50.58
50.58
50.59
50.60
50.60
50.60
50.60
50.88
50.90
50.90
50.91
50.91
50.92
50.92
50.92
51.21
51.23
51.23
51.23
51.24
51.24
51.25
51.25
51.53
51.55
51.55
51.55
51.56
51.57
51.57
51.57
51.85
51.87
51.87
51.88
51.89
51.89
51.89
51.90
52.18
52.20
52.20
52.20
52.21
52.22
52.22
52.22
52.50
52.52
52.53
52.53
52.54
52.54
52.57
52.57
52.85
52.87
52.87
52.87
52.88
52.89
52.91
52.91
53.19
53.21
53.22
53.22
53.23
53.24
53.26
53.26
53.54
53.56
53.57
53.57
53.60
53.60
53.61
53.61
53.89
53.91
53.92
53.92
53.95
53.95
53.96
53.96
54.24
54.26
54.27
54.27
54.30
54.30
54.31
54.31
54.59
54.61
54.62
54.62
54.65
54.65
54.66
54.66
54.95
54.97
54.97
54.98
55.01
55.01
55.02
55.02
55.31
55.33
55.33
55.34
55.37
55.37
55.38
55.38
55.67
55.69
55.69
55.70
55.73
55.73
55.74
55.74
56.03
56.05
56.05
56.06
56.09
56.09
56.10
56.10
56.39
56.41
56.42
56.42
56.45
56.46
56.46
56.47
56.75
56.77
56.78
56.78
56.82
56.82
56.83
56.83
57.12
57.14
57.14
57.15
57.19
57.19
57.20
57.20
57.48
57.51
57.51
57.52
57.55
57.55
57.56
57.56
57.85
57.87
57.88
57.88
57.92
57.92
57.93
57.93
58.22
58.24
58.25
58.25
58.29
58.29
58.30
58.30
58.59
58.61
58.62
58.62
58.66
58.66
58.67
58.67
58.96
58.98
58.99
58.99
59.03
59.03
59.04
59.04
59.33
59.35
59.36
59.36
59.40
59.40
59.41
59.42
59.70
59.72
59.73
59.73
59.77
59.77
59.78
59.79
60.07
60.10
60.10
60.11
60.15
60.15
60.16
60.16
60.45
60.47
60.48
60.48
60.53
60.53
60.54
60.54
60.83
60.86
60.87
60.87
60.91
60.91
60.92
60.93
61.22
61.24
61.25
61.25
61.29
61.30
61.31
61.31
61.61
61.63
61.64
61.65
61.69
61.69
61.70
61.71
61.99
62.02
62.03
62.03
62.07
62.08
62.09
62.11
62.40
62.42
62.43
62.43
62.48
62.48
62.49
62.52
62.80
62.84
62.85
62.86
62.90
62.91
62.94
62.94
63.23
63.25
63.27
63.29
63.33
63.34
63.37
63.37
63.66
63.68
63.70
63.72
63.76
63.77
63.80
63.80
64.10
64.12
64.13
64.16
64.20
64.21
64.24
64.25
64.54
64.56
64.59
64.60
64.65
64.65
64.68
64.69
65.00
65.03
65.06
65.06
65.11
65.12
65.12
65.15
65.16
65.16
65.47
65.49
65.50
65.50
65.54
65.54
65.54
65.55
65.60
65.60
65.60
65.64
65.64
65.95
65.98
66.01
66.02
66.07
66.08
66.11
66.12
66.43
66.45
66.49
66.49
66.54
66.55
66.59
66.59
66.90
66.93
66.93
66.96
66.97
66.97
66.97
67.03
67.03
67.07
67.08
67.39
67.41
67.41
67.42
67.45
67.45
67.46
67.46
67.52
67.52
67.53
67.57
67.57
67.58
67.89
67.91
67.92
67.92
67.95
67.96
67.96
67.96
68.02
68.03
68.03
68.07
68.07
68.08
68.08
68.41
68.43
68.44
68.44
68.48
68.48
68.49
68.49
68.55
68.55
68.56
68.56
68.60
68.60
68.61
68.61
68.92
68.94
68.95
68.95
68.99
68.99
69.00
69.00
69.06
69.06
69.07
69.07
69.11
69.11
69.12
69.12
69.43
69.45
69.46
69.46
69.50
69.50
69.51
69.51
69.57
69.57
69.58
69.58
69.62
69.62
69.63
69.63
69.95
69.98
69.98
70.02
70.02
70.03
70.03
70.09
70.09
70.10
70.10
70.14
70.15
70.15
70.16
70.47
70.49
70.50
70.50
70.54
70.55
70.61
70.62
70.66
70.67
70.98
71.01
71.06
71.06
71.13
71.14
71.18
71.18
71.19
71.19
71.51
71.53
71.54
71.54
71.58
71.58
71.59
71.66
71.67
71.67
71.71
71.71
71.72
71.72
72.04
72.06
72.07
72.08
72.12
72.12
72.13
72.20
72.20
72.21
72.25
72.25
72.26
72.26
72.58
72.60
72.61
72.62
72.66
72.66
72.67
72.67
72.74
72.74
72.75
72.75
72.80
72.80
72.81
72.81
73.13
73.15
73.16
73.17
73.21
73.21
73.22
73.22
73.29
73.29
73.30
73.30
73.35
73.35
73.36
73.36
73.68
73.70
73.71
73.71
73.76
73.76
73.77
73.77
73.84
73.84
73.85
73.85
73.90
73.90
73.91
73.91
74.23
74.25
74.26
74.26
74.31
74.31
74.32
74.32
74.39
74.39
74.40
74.41
74.45
74.45
74.46
74.46
74.78
74.80
74.81
74.81
74.86
74.86
74.87
74.87
74.94
74.94
74.95
74.95
74.99
75.00
75.01
75.01
75.32
75.35
75.36
75.36
75.40
75.40
75.41
75.42
75.48
75.49
75.49
75.50
75.54
75.54
75.55
75.55
75.87
75.89
75.90
75.90
75.95
75.95
75.96
75.96
76.03
76.03
76.06
76.06
76.10
76.10
76.11
76.11
76.43
76.45
76.46
76.46
76.50
76.51
76.52
76.58
76.59
76.60
76.60
76.64
76.65
76.65
76.66
76.97
77.00
77.00
77.01
77.05
77.05
77.06
77.07
77.14
77.14
77.15
77.15
77.20
77.20
77.21
77.21
77.54
77.56
77.57
77.57
77.62
77.62
77.63
77.63
77.71
77.71
77.72
77.72
77.77
77.77
77.78
77.78
78.10
78.12
78.13
78.13
78.18
78.18
78.19
78.19
78.27
78.27
78.28
78.28
78.33
78.33
78.34
78.34
78.66
78.69
78.70
78.74
78.75
78.76
78.76
78.83
78.83
78.84
78.84
78.89
78.89
78.90
78.91
79.22
79.25
79.26
79.26
79.31
79.31
79.32
79.32
79.39
79.40
79.41
79.41
79.46
79.46
79.47
79.47
79.79
79.82
79.83
79.83
79.88
79.89
79.90
79.90
79.98
79.98
79.99
79.99
80.04
80.05
80.06
80.06
80.39
80.42
80.43
80.43
80.48
80.48
80.49
80.50
80.57
80.58
80.59
80.59
80.64
80.64
80.65
80.66
80.98
81.01
81.02
81.02
81.07
81.08
81.09
81.09
81.17
81.17
81.18
81.18
81.24
81.24
81.25
81.25
81.58
81.61
81.62
81.63
81.68
81.68
81.69
81.69
81.77
81.78
81.79
81.79
81.84
81.84
81.85
81.86
82.18
82.21
82.22
82.22
82.27
82.27
82.28
82.29
82.36
82.37
82.38
82.38
82.43
82.43
82.44
82.45
82.77
82.80
82.81
82.81
82.86
82.86
82.88
82.88
82.95
82.96
82.97
82.97
83.03
83.03
83.04
83.04
83.37
83.40
83.41
83.41
83.46
83.47
83.48
83.48
83.58
83.59
83.60
83.60
83.66
83.66
83.67
83.67
84.00
84.02
84.03
84.04
84.09
84.09
84.10
84.11
84.19
84.19
84.20
84.20
84.26
84.26
84.27
84.27
84.60
84.63
84.64
84.64
84.69
84.70
84.71
84.71
84.82
84.82
84.83
84.84
84.89
84.89
84.90
84.91
85.23
85.26
85.27
85.27
85.33
85.33
85.34
85.35
85.43
85.43
85.44
85.44
85.50
85.50
85.51
85.52
85.85
85.87
85.88
85.89
85.94
85.94
85.95
85.96
86.04
86.04
86.05
86.06
86.11
86.11
86.13
86.13
86.46
86.49
86.50
86.50
86.56
86.56
86.57
86.57
86.66
86.66
86.67
86.67
86.73
86.73
86.74
86.75
87.08
87.11
87.12
87.12
87.18
87.18
87.19
87.21
87.29
87.30
87.31
87.31
87.37
87.37
87.38
87.39
87.72
87.75
87.76
87.76
87.81
87.82
87.83
87.83
87.92
87.92
87.93
87.93
87.99
87.99
88.01
88.34
88.38
88.44
88.45
88.54
88.55
88.61
88.61
88.62
88.62
88.96
88.99
89.00
89.00
89.06
89.07
89.08
89.08
89.17
89.17
89.18
89.19
89.25
89.25
89.26
89.27
89.64
89.67
89.68
89.69
89.75
89.75
89.76
89.77
89.86
89.86
89.87
89.88
89.94
89.94
89.96
89.96
90.33
90.36
90.37
90.37
90.44
90.44
90.45
90.46
90.55
90.55
90.57
90.57
90.63
90.63
90.65
90.65
91.03
91.06
91.07
91.08
91.14
91.14
91.16
91.16
91.25
91.26
91.27
91.27
91.33
91.34
91.35
91.36
91.74
91.77
91.78
91.79
91.85
91.85
91.87
91.87
91.96
91.97
91.98
91.99
92.05
92.06
92.07
92.08
92.45
92.49
92.50
92.51
92.57
92.57
92.59
92.60
92.69
92.69
92.71
92.71
92.78
92.78
92.80
92.80
93.18
93.22
93.23
93.24
93.30
93.31
93.32
93.33
93.42
93.43
93.44
93.45
93.51
93.51
93.53
93.53
93.91
93.94
93.96
93.96
94.02
94.03
94.04
94.05
94.14
94.14
94.16
94.16
94.22
94.23
94.24
94.25
94.62
94.65
94.67
94.67
94.74
94.74
94.76
94.76
94.85
94.85
94.87
94.87
94.93
94.93
94.95
94.95
95.32
95.35
95.37
95.37
95.43
95.44
95.45
95.46
95.54
95.55
95.56
95.57
95.63
95.63
95.65
95.65
96.02
96.05
96.07
96.08
96.14
96.14
96.16
96.16
96.25
96.25
96.27
96.28
96.34
96.34
96.36
96.36
96.74
96.77
96.78
96.79
96.85
96.86
96.87
96.88
96.97
96.98
96.99
97.00
97.06
97.07
97.09
97.09
97.09
