0
0
0.000307974
0.000312716
0.000317532
0.000322421
0.000327386
0.000332428
0.000337546
0.000342744
0.000348022
0.000353381
0.000358823
0.000364348
0.000369959
0.000375656
0.00038144
0.000387314
0.000393278
0.000399334
0.000405483
0.000411727
0.000418067
0.000424505
0.000431042
0.000437679
0.000444419
0.000451262
0.000458211
0.000465267
0.000472431
0.000479706
0.000487093
0.000494594
0.00050221
0.000509943
0.000517796
0.000525769
0.000533865
0.000542086
0.000550433
0.000558909
0.000567516
0.000576255
0.000585128
0.000594139
0.000603288
0.000612577
0.00062201
0.000631589
0.000641314
0.00065119
0.000661217
0.000671399
0.000681738
0.000692235
0.000702895
0.000713719
0.000724709
0.000735869
0.0007472
0.000758706
0.000770389
0.000782252
0.000794298
0.000806529
0.000818948
0.000831559
0.000844364
0.000857366
0.000870568
0.000883974
0.000897586
0.000911408
0.000925442
0.000939693
0.000954163
0.000968856
0.000983775
0.000998924
0.00101431
0.00102992
0.00104578
0.00106189
0.00107824
0.00109484
0.0011117
0.00112882
0.0011462
0.00116385
0.00118178
0.00119997
0.00121845
0.00123721
0.00125627
0.00127561
0.00129525
0.0013152
0.00133545
0.00135601
0.0013769
0.0013981
0.00141963
0.00144149
0.00146368
0.00148622
0.00150911
0.00153235
0.00155594
0.0015799
0.00160423
0.000811356
0.000817579
0.000823849
0.000830168
0.000836536
0.000842952
0.000423897
0.00042552
0.000427149
0.000428784
0.000430425
0.000432072
0.000433726
0.000435386
0.000437053
0.000438726
0.000440405
0.000442091
0.000443783
0.000445481
0.000447187
0.000448898
0.000450616
0.000452341
0.000454073
0.000455811
0.000916862
0.000923894
0.000930981
0.000938121
0.000945316
0.000952567
0.000959873
0.000482694
0.000484541
0.000486396
0.000488258
0.000490127
0.000492003
0.000493886
0.000495776
0.000497674
0.000499579
0.000501491
0.000503411
0.000505338
0.000507272
0.000509213
0.000511163
0.000513119
0.000515083
0.000517055
0.000519034
0.00052102
0.000523015
0.000525017
0.000527026
0.000529043
0.000531068
0.000533101
0.000535142
0.00053719
0.000539246
0.00054131
0.000543382
0.000545462
0.00054755
0.000549646
0.00055175
0.000553862
0.000555981
0.00055811
0.000560246
0.00056239
0.000564543
0.000566704
0.000568873
0.00057105
0.000573236
0.00057543
0.000577633
0.000579844
0.000582063
0.000584291
0.000586528
0.000588773
0.000591026
0.000593288
0.000595559
0.000597839
0.000600127
0.000602424
0.00060473
0.000607045
0.000609368
0.000611701
0.000614042
0.000616393
0.000618752
0.00062112
0.000623498
0.000625884
0.00062828
0.000630685
0.000633099
0.000635522
0.000637955
0.000640396
0.000642848
0.000645308
0.000647778
0.000650258
0.000652747
0.000655245
0.000657753
0.000660271
0.000662798
0.000665335
0.000667882
0.000670438
0.000673004
0.00067558
0.000678166
0.000680762
0.000683368
0.000685983
0.000688609
0.000691245
0.000693891
0.000696547
0.000699213
0.000701889
0.000704576
0.000707273
0.00070998
0.000712697
0.000715425
0.000718164
0.000720913
0.000723672
0.000726442
0.000729222
0.000732014
0.000734816
0.000737628
0.000740451
0.000743286
0.000746131
0.000748987
0.000375568
0.000376286
0.000377005
0.000377726
0.000378448
0.000379172
0.000379897
0.000380623
0.000381351
0.00038208
0.000382811
0.000383543
0.000384276
0.000385011
0.000385747
0.000386484
0.000387223
0.000387964
0.000388705
0.000389449
0.000781133
0.000391687
0.000392436
0.000393186
0.000393938
0.000394691
0.000395446
0.000396202
0.000396959
0.000397718
0.000398479
0.000399241
0.000400004
0.000400769
0.000401535
0.000402303
0.000403072
0.000403843
0.000404615
0.000405388
0.000406163
0.00040694
0.000407718
0.000408498
0.000409279
0.000410061
0.000410845
0.000411631
0.000412418
0.000413206
0.000413996
0.000414788
0.000415581
0.000416376
0.000417172
0.000417969
0.000418769
0.000419569
0.000420371
0.000421175
0.00042198
0.000422787
0.000423596
0.000424406
0.000425217
0.00042603
0.000426845
0.000427661
0.000428478
0.000429298
0.000430118
0.000430941
0.000431765
0.00043259
0.000433417
0.000434246
0.000435076
0.000435908
0.000436742
0.000437577
0.000438413
0.000439252
0.000440091
0.000440933
0.000441776
0.000442621
0.000443467
0.000444315
0.000445164
0.000446016
0.000446868
0.000447723
0.000448579
0.000449436
0.000450296
0.000451157
0.000452019
0.000452884
0.00045375
0.000454617
0.000455486
0.000456357
0.00045723
0.000458104
0.00045898
0.000459857
0.000460737
0.000461618
0.0004625
0.000463385
0.00046427
0.000465158
0.000466048
0.000466939
0.000467831
0.000468726
0.000469622
0.00047052
0.00047142
0.000472321
0.000473224
0.000474129
0.000475035
0.000475944
0.000476854
0.000477765
0.000478679
0.000479594
0.000480511
0.00048143
0.00048235
0.000483273
0.000484197
0.000485122
0.00048605
0.000486979
0.00048791
0.000488843
0.000489778
0.000490714
0.000491653
0.000492593
0.000493534
0.000494478
0.000495424
0.000496371
0.00049732
0.000498271
0.000499223
0.000500178
0.000501134
0.000502092
0.000503052
0.000504014
0.000504978
0.000505943
0.000506911
0.00050788
0.000508851
0.000509824
0.000510799
0.000511775
0.000512754
0.000513734
0.000514717
0.000515701
0.000516687
0.000517675
0.000518664
0.000519656
0.00052065
0.000521645
0.000522643
0.000523642
0.000524643
0.000525646
0.000526651
0.000527658
0.000528667
0.000529678
0.000530691
0.000531705
0.000532722
0.00053374
0.000534761
0.000535783
0.000536808
0.000537834
0.000538862
0.000539893
0.000540925
0.000541959
0.000542996
0.000544034
0.000545074
0.000546116
0.00054716
0.000548206
0.000549255
0.000550305
0.000551357
0.000552411
0.000553467
0.000554526
0.000555586
0.000556648
0.000557712
0.000558779
0.000559847
0.000560918
0.00056199
0.000563065
0.000564141
0.00056522
0.0005663
0.000567383
0.000568468
0.000569555
0.000570644
0.000571735
0.000572828
0.000573923
0.000575021
0.00057612
0.000577222
0.000578325
0.000579431
0.000580539
0.000581649
0.000582761
0.000583875
0.000584992
0.00058611
0.000587231
0.000588354
0.000589479
0.000590606
0.000591735
0.000592866
0.000594
0.000595135
0.000596273
0.000597413
0.000598556
0.0005997
0.000600847
0.000601996
0.000603147
0.0006043
0.000605455
0.000606613
0.000607773
0.000608935
0.000610099
0.000611266
0.000612434
0.000613605
0.000614778
0.000615954
0.000617132
0.000618312
0.000619494
0.000620678
0.000621865
0.000623054
0.000624245
0.000625439
0.000626635
0.000627833
0.000629033
0.000630236
0.000631441
0.000632648
0.000633858
0.00063507
0.000636284
0.000637501
0.000638719
0.000639941
0.000641164
0.00064239
0.000643618
0.000644849
0.000646082
0.000647317
0.000648555
0.000649795
0.000651037
0.000652282
0.000653529
0.000654779
0.000656031
0.000657285
0.000658542
0.000659801
0.000661062
0.000662326
0.000663593
0.000664862
0.000666133
0.000667406
0.000668682
0.000669961
0.000671242
0.000672525
0.000673811
0.0006751
0.00067639
0.000677684
0.000678979
0.000680278
0.000681578
0.000682881
0.000684187
0.000685495
0.000686806
0.000688119
0.000689435
0.000690753
0.000692074
0.000693397
0.000694723
0.000696051
0.000697382
0.000698715
0.000700051
0.00070139
0.000702731
0.000704074
0.00070542
0.000706769
0.000708121
0.000709474
0.000710831
0.00071219
0.000713552
0.000714916
0.000716283
0.000717653
0.000719025
0.000720399
0.000721777
0.000723157
0.00072454
0.000725925
0.000727313
0.000728703
0.000730097
0.000731493
0.000732891
0.000734293
0.000735697
0.000737103
0.000738513
0.000739925
0.000741339
0.000742757
0.000744177
0.0007456
0.000747025
0.000748454
0.000749885
0.000751318
0.000752755
0.000754194
0.000755636
0.000757081
0.000758529
0.000759979
0.000761432
0.000762888
0.000764346
0.000765808
0.000767272
0.000768739
0.000770209
0.000771681
0.000773157
0.000774635
0.000776116
0.0007776
0.000779087
0.000780577
0.000782069
0.000783564
0.000785063
0.000786564
0.000788067
0.000789574
0.000791084
0.000792596
0.000794112
0.00079563
0.000797151
0.000798676
0.000800203
0.000801733
0.000803266
0.000804801
0.00080634
0.000807882
0.000809427
0.000810974
0.000812525
0.000814078
0.000815635
0.000817194
0.000818757
0.000820322
0.000821891
0.000823462
0.000825037
0.000826614
0.000828195
0.000829778
0.000831365
0.000416278
0.000416676
0.000834547
0.000417872
0.000418271
0.000418671
0.000419071
0.000419471
0.000419872
0.000420273
0.000420675
0.000421077
0.000421479
0.000421882
0.000422285
0.000845781
0.000847398
0.000849018
0.000850641
0.000852268
0.000853897
0.00085553
0.000857166
0.000858804
0.000860446
0.000862092
0.00086374
0.000865391
0.000867046
0.000868704
0.000870365
0.000872029
0.000873696
0.000875367
0.00087704
0.000439149
0.000439568
0.000439989
0.000440409
0.00044083
0.000441251
0.000883767
0.000885457
0.00088715
0.000888846
0.00044506
0.000445485
0.000445911
0.000446337
0.000446764
0.000447191
0.000447618
0.000448046
0.000448474
0.000448902
0.000899092
0.000900811
0.000451051
0.000451482
0.000451914
0.000452345
0.000452778
0.00045321
0.000453643
0.000454077
0.000454511
0.000454945
0.000911195
0.00045625
0.000456686
0.000457123
0.00045756
0.000457997
0.000458434
0.000458872
0.000459311
0.00045975
0.000460189
0.000460629
0.000461069
0.00046151
0.000461951
0.000462392
0.000462834
0.000463276
0.000463719
0.000464162
0.000464605
0.000465049
0.000465494
0.000465938
0.000466384
0.000466829
0.000467275
0.000467722
0.000468169
0.000468616
0.000469064
0.000469512
0.000469961
0.00047041
0.000470859
0.000471309
0.00047176
0.00047221
0.000472662
0.000473113
0.000473565
0.000474018
0.000474471
0.000474924
0.000475378
0.000475832
0.000476287
0.000476742
0.000477198
0.000477654
0.00047811
0.000478567
0.000479024
0.000479482
0.00047994
0.000961256
0.000481317
0.000481777
0.000482237
0.000482698
0.000483159
0.000483621
0.000484083
0.000484546
0.000485009
0.000485472
0.000485936
0.000486401
0.000486865
0.000487331
0.000487796
0.000488262
0.000488729
0.000489196
0.000979794
0.000981668
0.000983545
0.000985425
0.000987309
0.000989197
0.000991088
0.000992983
0.000994882
0.000996784
0.00099869
0.0010006
0.000501017
0.000501496
0.000501975
0.000502455
0.000502935
0.000503415
0.000503896
0.000504378
0.00050486
0.000505342
0.00101213
0.00101407
0.000507761
0.000508246
0.000508732
0.000509218
0.000509705
0.000510192
0.000510679
0.000511167
0.000511656
0.000512145
0.000512634
0.000513124
0.00102772
0.00102968
0.00051558
0.000516073
0.000516566
0.000517059
0.000517553
0.000518048
0.000518543
0.000519039
0.000519534
0.000520031
0.000520528
0.000521025
0.000521523
0.000522021
0.00052252
0.00052302
0.000523519
0.00052402
0.00052452
0.000525021
0.000525523
0.000526025
0.000526528
0.000527031
0.000527535
0.000528039
0.000528543
0.000529048
0.000529554
0.00053006
0.000530566
0.000531073
0.000531581
0.000532089
0.000532597
0.000533106
0.000533615
0.000534125
0.000534636
0.000535147
0.000535658
0.00053617
0.000536682
0.000537195
0.000537708
0.000538222
0.000538736
0.000539251
0.000539766
0.000540282
0.000540798
0.000541315
0.000541832
0.00054235
0.000542868
0.000543387
0.000543906
0.000544426
0.000544946
0.000545467
0.000545988
0.00054651
0.000547032
0.000547555
0.000548078
0.000548602
0.000549126
0.000549651
0.000550176
0.000550702
0.000551228
0.000551755
0.000552282
0.00055281
0.000553338
0.000553867
0.000554396
0.000554926
0.000555456
0.000555987
0.000556518
0.00055705
0.000557582
0.000558115
0.000558648
0.000559182
0.000559716
0.000560251
0.000560786
0.000561322
0.000561859
0.000562395
0.000562933
0.000563471
0.000564009
0.000564548
0.000565087
0.000565627
0.000566168
0.000566709
0.00056725
0.000567792
0.000568335
0.000568878
0.000569422
0.000569966
0.00057051
0.000571056
0.000571601
0.000572147
0.000572694
0.000573241
0.000573789
0.000574337
0.000574886
0.000575435
0.000575985
0.000576536
0.000577087
0.000577638
0.00057819
0.000578742
0.00115914
0.000580403
0.000580958
0.000581513
0.000582069
0.000582625
0.000583181
0.000583739
0.000584296
0.000584855
0.000585414
0.000585973
0.000586533
0.000587093
0.000587654
0.000588216
0.000588778
0.000589341
0.000589904
0.000590467
0.000591032
0.000591596
0.000592162
0.000592727
0.000593294
0.000593861
0.000594428
0.000594996
0.000595565
0.000596134
0.000596703
0.000597274
0.000597844
0.000598416
0.000598987
0.00059956
0.000600133
0.000600706
0.00060128
0.000601855
0.00060243
0.000603005
0.000603582
0.000604158
0.000604736
0.000605314
0.000605892
0.000606471
0.00060705
0.00060763
0.000608211
0.000608792
0.000609374
0.000609956
0.000610539
0.000611122
0.000611706
0.000612291
0.000612876
0.000613462
0.000614048
0.00122986
0.00061581
0.000616398
0.000616987
0.000617577
0.000618167
0.000618758
0.000619349
0.000619941
0.000620533
0.000621126
0.000621719
0.000622314
0.000622908
0.000623503
0.000624099
0.000624696
0.000625292
0.00062589
0.000626488
0.000627087
0.000627686
0.000628286
0.000628886
0.000629487
0.000630088
0.00063069
0.000631293
0.000631896
0.0006325
0.000633105
0.000633709
0.000634315
0.000634921
0.000635528
0.000636135
0.000636743
0.000637351
0.00063796
0.00063857
0.00063918
0.000639791
0.000640402
0.000641014
0.000641627
0.00064224
0.000642853
0.000643468
0.000644083
0.000644698
0.000645314
0.000645931
0.000646548
0.000647166
0.000647784
0.000648403
0.000649023
0.000649643
0.000650264
0.000650885
0.000651507
0.000652129
0.000652753
0.000653376
0.000654001
0.000654626
0.000655251
0.000655877
0.000656504
0.000657131
0.000657759
0.000658388
0.000659017
0.000659647
0.000660277
0.000660908
0.000661539
0.000662171
0.000662804
0.000663437
0.000664071
0.000664706
0.000665341
0.000665977
0.000666613
0.00066725
0.000667888
0.000668526
0.000669165
0.000669804
0.000670444
0.000671085
0.000671726
0.000672368
0.00067301
0.000673654
0.000674297
0.000674942
0.000675587
0.000676232
0.000676878
0.000677525
0.000678172
0.00067882
0.000679469
0.000680118
0.000680768
0.000681419
0.00068207
0.000682722
0.000683374
0.000684027
0.000684681
0.000685335
0.00068599
0.000686645
0.000687301
0.000687958
0.000688615
0.000689273
0.000689932
0.000690591
0.000691251
0.000691912
0.000692573
0.000693235
0.000693897
0.00069456
0.000695224
0.000695888
0.000696553
0.000697219
0.000697885
0.000698552
0.000699219
0.000699887
0.000700556
0.000701225
0.000701896
0.000702566
0.000703238
0.00070391
0.000704582
0.000705255
0.000705929
0.000706604
0.000707279
0.000707955
0.000708631
0.000709308
0.000709986
0.000710665
0.000711344
0.000712023
0.000712704
0.000713385
0.000714066
0.000714749
0.000715432
0.000716115
0.0007168
0.000717485
0.00071817
0.000718856
0.000719543
0.000720231
0.000720919
0.000721608
0.000722297
0.000722988
0.000723679
0.00072437
0.000725062
0.000725755
0.000726448
0.000727143
0.000727837
0.000728533
0.000729229
0.000729926
0.000730623
0.000731321
0.00073202
0.00073272
0.00073342
0.000734121
0.000734822
0.000735524
0.000736227
0.000736931
0.000737635
0.00073834
0.000739045
0.000739751
0.000740458
0.000741166
0.000741874
0.000742583
0.000743292
0.000744003
0.000744714
0.000745425
0.000746138
0.00074685
0.000747564
0.000748278
0.000748993
0.000749709
0.000750426
0.000751143
0.00075186
0.000752579
0.000753298
0.000754018
0.000754738
0.000755459
0.000756181
0.000756904
0.000757627
0.000758351
0.000759076
0.000759801
0.000760527
0.000761254
0.000761981
0.000762709
0.000763438
0.000764168
0.000764898
0.000765629
0.00076636
0.000767092
0.000767825
0.000768559
0.000769294
0.000770029
0.000770764
0.000771501
0.000772238
0.000772976
0.000773715
0.000774454
0.000775194
0.000775935
0.000776676
0.000777418
0.000778161
0.000778905
0.000779649
0.000780394
0.00078114
0.00156452
0.00156751
0.00157051
0.00157351
0.00157652
0.00157953
0.00158255
0.000792411
0.000793168
0.000793926
0.000794685
0.000795444
0.000796204
0.000796965
0.000797726
0.000798489
0.000799252
0.000800015
0.00080078
0.000801545
0.000802311
0.000803078
0.000803845
0.000804613
0.000805382
0.000806152
0.000806922
0.000807693
0.000808465
0.000809237
0.00081001
0.000810784
0.000811559
0.000812335
0.000813111
0.000813888
0.000814666
0.000815444
0.000816223
0.000817003
0.000817784
0.000818565
0.000819347
0.00082013
0.000820914
0.000821698
0.000822484
0.000823269
0.000824056
0.000824844
0.000825632
0.000826421
0.00082721
0.000828001
0.000828792
0.000829584
0.000830377
0.00083117
0.000831964
0.000832759
0.000833555
0.000834351
0.000835149
0.000835947
0.000836746
0.000837545
0.000838345
0.000839146
0.000839948
0.000840751
0.000841554
0.000842358
0.000843163
0.000843969
0.000844775
0.000845583
0.000846391
0.000847199
0.000848009
0.000848819
0.00084963
0.000850442
0.000851255
0.000852068
0.000852882
0.000853697
0.000854513
0.00085533
0.000856147
0.000856965
0.000857784
0.000858603
0.000859424
0.000860245
0.000861067
0.00086189
0.000862713
0.000863538
0.000864363
0.000865189
0.000866016
0.000866843
0.000867671
0.000868501
0.00086933
0.000870161
0.000870993
0.000871825
0.000872658
0.000873492
0.000874326
0.000875162
0.000875998
0.000876835
0.000877673
0.000878512
0.000879351
0.000880191
0.000881032
0.000881874
0.000882717
0.00088356
0.000884405
0.00088525
0.000886096
0.000886942
0.00088779
0.000888638
0.000889487
0.000890337
0.000891188
0.00089204
0.000892892
0.000893745
0.000894599
0.000895454
0.00089631
0.000897166
0.000898023
0.000898882
0.00089974
0.0009006
0.000901461
0.000902322
0.000903184
0.000904047
0.000904911
0.000905776
0.000906641
0.000907508
0.000908375
0.000909243
0.000910112
0.000910981
0.000911852
0.000912723
0.000913595
0.000914468
0.000915342
0.000916217
0.000917092
0.000917969
0.000918846
0.000919724
0.000920602
0.000921482
0.000922363
0.000923244
0.000924126
0.000925009
0.000925893
0.000926778
0.000927663
0.00092855
0.000929437
0.000930325
0.000931214
0.000932104
0.000932995
0.000933886
0.000934779
0.000935672
0.000936566
0.000937461
0.000938357
0.000939253
0.000940151
0.000941049
0.000941948
0.000942848
0.000943749
0.000944651
0.000945554
0.000946457
0.000947362
0.000948267
0.000949173
0.00095008
0.000950988
0.000951896
0.000952806
0.000953716
0.000954628
