0000032768
0000032768
0000032768
0000032768
0000032768
0000032768
0000032768
0000032768
0000032768
0000032768
0000032768
0000032768
0000032768
0000032768
0000032768
0000032768
0000032768
0000032768
0000032768
0000032768
0000032768
0000032768
0000032768
0000032768
0000032768
0000032768
0000032768
0000032768
0000032768
0000032768
0000032768
0000032768
0000032768
0000032768
0000032768
0000032768
0000032768
0000032768
0000032768
0000032768
0000032768
0000032768
0000032768
0000032768
0000032768
0000032768
0000032768
0000032768
0000032768
0000032768
0000032768
0000032768
0000032768
0000032768
0000032768
0000032768
0000032768
0000032768
0000032768
0000032768
0000032768
0000032768
0000032768
0000032768
0000032768
0000032768
0000032768
0000032768
0000032768
0000032768
0000032768
0000032768
0000032768
0000032768
0000032768
0000032768
0000032768
0000032768
0000032768
0000032768
0000032768
0000032768
0000032768
0000032768
0000032768
0000032768
0000032768
0000032768
0000032768
0000032768
0000032768
0000032768
0000032768
0000032768
0000032768
0000032768
0000032768
0000032768
0000032768
0000032768
0000032768
0000032768
0000032768
0000032768
0000032768
0000032768
0000032768
0000032768
0000032768
0000032768
0000032768
0000000001
0000032768
0000000002
0000032768
0000000003
0000032768
0000000002
0000000004
0000000002
0000032768
0000000002
0000000004
0000000002
0000032768
0000000004
0000000004
0000000004
0000032768
0000000002
0000000004
0000000002
0000032768
0000000002
0000000004
0000000002
0000032768
0000000004
0000032768
0000000005
0000032768
0000000004
0000032768
0000000004
0000000002
0000032768
0000000002
0000000005
0000000002
0000032768
0000000002
0000000006
0000000002
0000032768
0000000003
0000000008
0000000004
0000032768
0000000002
0000000012
0000000001
0000032768
0000000004
0000000014
0000000004
0000032768
0000000005
0000000017
0000000006
0000032768
0000000006
0000000015
0000000006
0000032768
0000000009
0000000015
0000000010
0000032768
0000000008
0000000018
0000000008
0000032768
0000000007
0000000025
0000000006
0000032768
0000000005
0000000031
0000000005
0000032768
0000000006
0000000038
0000000006
0000032768
0000000009
0000000051
0000000016
0000032768
0000000016
0000000056
0000000014
0000032768
0000000020
0000000066
0000000024
0000032768
0000000028
0000000075
0000000025
0000032768
0000000031
0000000083
0000000036
0000032768
0000000038
0000000100
0000000038
0000032768
0000000027
0000000114
0000000029
0000032768
0000000031
0000000132
0000000037
0000032768
0000000035
0000000156
0000000033
0000032768
0000000045
0000000176
0000000054
0000032768
0000000059
0000000195
0000000055
0000032768
0000000055
0000000213
0000000066
0000032768
0000000067
0000000237
0000000064
0000032768
0000000074
0000000277
0000000077
0000032768
0000000085
0000000316
0000000086
0000032768
0000000086
0000000349
0000000098
0000032768
0000000102
0000000390
0000000001
0000000116
0000000003
0000032768
0000000005
0000000129
0000000006
0000000437
0000000006
0000000133
0000000005
0000032768
0000000006
0000000145
0000000005
0000000481
0000000003
0000000147
0000000001
0000032768
0000000144
0000000001
0000000544
0000000001
0000000160
0000000003
0000032768
0000000003
0000000171
0000000003
0000000598
0000000002
0000000189
0000000003
0000032768
0000000004
0000000197
0000000008
0000000664
0000000009
0000000206
0000000007
0000032768
0000000008
0000000211
0000000008
0000000718
0000000009
0000000223
0000000011
0000032768
0000000009
0000000233
0000000009
0000000776
0000000006
0000000229
0000000009
0000032768
0000000009
0000000241
0000000009
0000000851
0000000010
0000000244
0000000010
0000032768
0000000010
0000000268
0000000013
0000000948
0000000017
0000000277
0000000013
0000032768
0000000014
0000000279
0000000015
0000001043
0000000012
0000000301
0000000013
0000032768
0000000012
0000000313
0000000012
0000001141
0000000013
0000000351
0000000013
0000032768
0000000011
0000000383
0000000007
0000001239
0000000004
0000000379
0000000003
0000032768
0000000003
0000000389
0000000003
0000001372
0000000006
0000000414
0000000008
0000032768
0000000010
0000000434
0000000014
0000001498
0000000014
0000000436
0000000014
0000032768
0000000016
0000000426
0000000015
0000001602
0000000012
0000000438
0000000014
0000032768
0000000014
0000000462
0000000017
0000001724
0000000016
0000000502
0000000017
0000032768
0000000017
0000000520
0000000021
0000001863
0000000019
0000000551
0000000023
0000032768
0000000025
0000000579
0000000026
0000001991
0000000028
0000000598
0000000034
0000032768
0000000038
0000000625
0000000039
0000002102
0000000042
0000000641
0000000038
0000032768
0000000048
0000000670
0000000052
0000002244
0000000058
0000000709
0000000052
0000032768
0000000049
0000000743
0000000060
0000002396
0000000064
0000000768
0000000068
0000032768
0000000071
0000000796
0000000059
0000002585
0000000055
0000000809
0000000052
0000032768
0000000045
0000000841
0000000039
0000002774
0000000037
0000000854
0000000040
0000032768
0000000042
0000000869
0000000043
0000002962
0000000042
0000000875
0000000043
0000032768
0000000039
0000000901
0000000040
0000003166
0000000048
0000000931
0000000041
0000032768
0000000046
0000000952
0000000059
0000003353
0000000051
0000000966
0000000052
0000032768
0000000055
0000001040
0000000047
0000003526
0000000050
0000001089
0000000047
0000032768
0000000041
0000001152
0000000045
0000003731
0000000044
0000001208
0000000041
0000032768
0000000048
0000001222
0000000056
0000003932
0000000060
0000001252
0000000058
0000032768
0000000053
0000001288
0000000049
0000004145
0000000051
0000001319
0000000054
0000032768
0000000063
0000001333
0000000062
0000004375
0000000073
0000001342
0000000080
0000032768
0000000078
0000001355
0000000084
0000004584
0000000080
0000001405
0000000083
0000032768
0000000092
0000001466
0000000089
0000004825
0000000096
0000001526
0000000096
0000032768
0000000093
0000001601
0000000106
0000005038
0000000111
0000001651
0000000119
0000032768
0000000131
0000001682
0000000133
0000005247
0000000144
0000001751
0000000158
0000032768
0000000155
0000001816
0000000169
0000005485
0000000172
0000001879
0000000160
0000032768
0000000158
0000001908
0000000169
0000005717
0000000157
0000001938
0000000165
0000032768
0000000168
0000001975
0000000159
0000005949
0000000164
0000002061
0000000162
0000032768
0000000156
0000002120
0000000165
0000006182
0000000189
0000002135
0000000188
0000032768
0000000188
0000002156
0000000178
0000006367
0000000186
0000002193
0000000183
0000032768
0000000191
0000002240
0000000196
0000006558
0000000210
0000002255
0000000218
0000032768
0000000226
0000002308
0000000225
0000006780
0000000232
0000002326
0000000234
0000032768
0000000239
0000002411
0000000252
0000006997
0000000248
0000002505
0000000247
0000032768
0000000237
0000002593
0000000251
0000007213
0000000246
0000002627
0000000244
0000032768
0000000271
0000002680
0000000300
0000007425
0000000303
0000002712
0000000297
0000032768
0000000318
0000002797
0000000318
0000007631
0000000315
0000002862
0000000332
0000032768
0000000338
0000002928
0000000328
0000007890
0000000319
0000002974
0000000345
0000032768
0000000338
0000003017
0000000346
0000008138
0000000354
0000003046
0000000349
0000032768
0000000346
0000003091
0000000358
0000008376
0000000341
0000003171
0000000326
0000032768
0000000340
0000003233
0000000336
0000008625
0000000367
0000003268
0000000373
0000032768
0000000395
0000003368
0000000409
0000008857
0000000424
0000003413
0000000418
0000032768
0000000442
0000003483
0000000462
0000009077
0000000472
0000000002
0000003535
0000000505
0000000003
0000032768
0000000003
0000000524
0000000001
0000003595
0000000001
0000000533
0000000002
0000009300
0000000003
0000000552
0000003675
0000000557
0000032768
0000000575
0000003762
0000000582
0000009499
0000000592
0000003830
0000000593
0000032768
0000000590
0000003886
0000000605
0000009682
0000000602
0000003971
0000000614
0000032768
0000000656
0000000001
0000004020
0000000001
0000000659
0000000001
0000009907
0000000678
0000004082
0000000719
0000032768
0000000001
0000000742
0000000002
0000004129
0000000001
0000000763
0000000001
0000010135
0000000001
0000000753
0000004147
0000000758
0000000001
0000032768
0000000001
0000000759
0000000001
0000004187
0000000001
0000000761
0000000002
0000010359
0000000801
0000000004
0000004243
0000000009
0000000816
0000000012
0000032768
0000000011
0000000830
0000000014
0000004319
0000000016
0000000854
0000000018
0000010540
0000000017
0000000852
0000000017
0000004377
0000000019
0000000871
0000000017
0000032768
0000000014
0000000883
0000000012
0000004420
0000000011
0000000875
0000000008
0000010733
0000000001
0000000880
0000000002
0000004459
0000000002
0000000882
0000000003
0000032768
0000000004
0000000911
0000000005
0000004545
0000000003
0000000919
0000000004
0000010965
0000000002
0000000918
0000000005
0000004621
0000000004
0000000944
0000000001
0000032768
0000000958
0000000002
0000004671
0000000001
0000000974
0000000004
0000011170
0000000003
0000000985
0000000003
0000004646
0000000004
0000000996
0000000005
0000032768
0000000003
0000000997
0000000004
0000004731
0000000982
0000011342
0000000983
0000004765
0000000994
0000032768
0000000992
0000004829
0000000983
0000011536
0000000971
0000004894
0000000001
0000000958
0000000002
0000032768
0000000002
0000000981
0000000003
0000004990
0000000001
0000000961
0000011726
0000000945
0000000001
0000005038
0000000002
0000000952
0000000001
0000032768
0000000002
0000000970
0000000002
0000005128
0000000001
0000000952
0000011899
0000000938
0000000001
0000005184
0000000004
0000000931
0000000007
0000032768
0000000007
0000000947
0000000006
0000005300
0000000006
0000000943
0000000007
0000012108
0000000010
0000000957
0000000010
0000005288
0000000011
0000000955
0000000012
0000032768
0000000014
0000000953
0000000015
0000005342
0000000013
0000000963
0000000008
0000012259
0000000008
0000000977
0000000009
0000005322
0000000009
0000000968
0000000008
0000032768
0000000011
0000000989
0000000014
0000005365
0000000014
0000000994
0000000011
0000012406
0000000008
0000000996
0000000004
0000005412
0000000005
0000000991
0000000002
0000032768
0000000005
0000000994
0000000007
0000005491
0000000012
0000001004
0000000011
0000012566
0000000010
0000001006
0000000009
0000005520
0000000008
0000001005
0000000008
0000032768
0000000008
0000001036
0000000006
0000005594
0000000006
0000001025
0000000010
0000012663
0000000005
0000001034
0000000005
0000005625
0000000004
0000001030
0000000007
0000032768
0000000007
0000001005
0000000009
0000005717
0000000006
0000001007
0000000003
0000012804
0000000003
0000001015
0000000005
0000005735
0000000005
0000001036
0000000004
0000032768
0000000002
0000001039
0000000004
0000005810
0000000005
0000001053
0000000005
0000012973
0000000004
0000001076
0000000001
0000005872
0000000001
0000001097
0000000002
0000032768
0000000002
0000001127
0000000002
0000005915
0000001173
0000000008
0000013121
0000000017
0000001201
0000000022
0000005986
0000000032
0000001230
0000000030
0000032768
0000000031
0000001265
0000000030
0000006011
0000000023
0000001288
0000000023
0000013262
0000000024
0000001303
0000000022
0000006039
0000000022
0000001313
0000000017
0000032768
0000000015
0000001313
0000000007
0000006093
0000000006
0000001310
0000000007
0000013369
0000000006
0000001314
0000000005
0000006171
0000000007
0000001329
0000000004
0000032768
0000000005
0000001331
0000000001
0000006227
0000000001
0000001373
0000000001
0000013494
0000000001
0000001384
0000000003
0000006266
0000000001
0000001387
0000000001
0000032768
0000000001
0000001401
0000006369
0000000001
0000001421
0000000001
0000013617
0000000002
0000001434
0000000002
0000006394
0000000003
0000001435
0000000002
0000032768
0000000002
0000001450
0000000002
0000006478
0000000004
0000001460
0000000006
0000013720
0000000009
0000001460
0000000011
0000006505
0000000012
0000001463
0000000007
0000032768
0000000010
0000001467
0000000015
0000006567
0000000013
0000001478
0000000015
0000013824
0000000014
0000001517
0000000016
0000006600
0000000027
0000001514
0000000028
0000032768
0000000028
0000001511
0000000030
0000006668
0000000035
0000001510
0000000033
0000013896
0000000027
0000001545
0000000025
0000006676
0000000024
0000001556
0000000024
0000032768
0000000027
0000001572
0000000034
0000006719
0000000034
0000001601
0000000036
0000013961
0000000038
0000001615
0000000042
0000006788
0000000039
0000001612
0000000037
0000032768
0000000037
0000001617
0000000039
0000006843
0000000042
0000001611
0000000034
0000014034
0000000024
0000001643
0000000015
0000006884
0000000014
0000001660
0000000010
0000032768
0000000004
0000001686
0000000004
0000006929
0000000004
0000001676
0000000009
0000014098
0000000010
0000001662
0000000009
0000006946
0000000017
0000001647
0000000018
0000032768
0000000020
0000001661
0000000018
0000006982
0000000026
0000001667
0000000027
0000014165
0000000035
0000001677
0000000049
0000007044
0000000046
0000001660
0000000046
0000032768
0000000040
0000001680
0000000042
0000007086
0000000040
0000001673
0000000039
0000014185
0000000033
0000001666
0000000032
0000007130
0000000027
0000001659
0000000017
0000032768
0000000011
0000001678
0000000011
0000007263
0000000008
0000001693
0000000011
0000014281
0000000016
0000001692
0000000017
0000007287
0000000020
0000001708
0000000018
0000032768
0000000013
0000001689
0000000012
0000007288
0000000006
0000001675
0000000007
0000014321
0000000012
0000001682
0000000008
0000007299
0000000011
0000001644
0000000007
0000032768
0000000008
0000001618
0000000017
0000007347
0000000025
0000001586
0000000025
0000014379
0000000028
0000001590
0000000026
0000007316
0000000030
0000001571
0000000027
0000032768
0000000025
0000001601
0000000026
0000007296
0000000027
0000001580
0000000024
0000014390
0000000020
0000001598
0000000013
0000007295
0000000014
0000001572
0000000025
0000032768
0000000030
0000001569
0000000028
0000007311
0000000021
0000001532
0000000021
0000014420
0000000021
0000001541
0000000017
0000007342
0000000013
0000001520
0000000014
0000032768
0000000014
0000001549
0000000014
0000007353
0000000014
0000001543
0000000016
0000014453
0000000016
0000001537
0000000019
0000007346
0000000014
0000001536
0000000014
0000032768
0000000010
0000001540
0000000007
0000007394
0000000004
0000001519
0000000001
0000014459
0000000003
0000001513
0000000003
0000007437
0000000003
0000001507
0000032768
0000001531
0000007426
0000001546
0000014433
0000001551
0000007479
0000000002
0000001571
0000000004
0000032768
0000000007
0000001592
0000000010
0000007491
0000000012
0000001633
0000000009
0000014447
0000000011
0000001662
0000000017
0000007469
0000000019
0000001665
0000000023
0000032768
0000000028
0000001699
0000000028
0000007512
0000000027
0000001737
0000000032
0000014399
0000000029
0000001729
0000000033
0000007473
0000000029
0000001725
0000000020
0000032768
0000000014
0000001746
0000000011
0000007486
0000000019
0000001742
0000000022
0000014402
0000000028
0000001762
0000000031
0000007448
0000000040
0000001753
0000000046
0000032768
0000000059
0000001758
0000000056
0000007425
0000000049
0000001755
0000000042
0000014419
0000000042
0000001752
0000000047
0000007391
0000000051
0000001752
0000000058
0000032768
0000000070
0000001771
0000000097
0000007401
0000000108
0000001789
0000000121
0000014397
0000000136
0000001787
0000000144
0000007384
0000000161
0000001791
0000000165
0000032768
0000000175
0000001787
0000000173
0000007398
0000000174
0000001783
0000000180
0000014396
0000000171
0000001788
0000000167
0000007413
0000000154
0000001785
0000000143
0000032768
0000000124
0000001806
0000000116
0000007396
0000000100
0000001791
0000000089
0000014430
0000000077
0000001774
0000000044
0000007370
0000000028
0000001775
0000000017
0000032768
0000000014
0000001785
0000000007
0000007334
0000000006
0000001808
0000000013
0000014418
0000000019
0000001821
0000000021
0000007297
0000000022
0000001861
0000000020
0000032768
0000000018
0000001892
0000000018
0000007311
0000000013
0000001926
0000000008
0000014387
0000000008
0000001913
0000000008
0000007226
0000000013
0000001917
0000000020
0000032768
0000000019
0000001926
0000000026
0000007230
0000000027
0000001920
0000000026
0000014367
0000000026
0000001913
0000000024
0000007205
0000000022
0000001922
0000000020
0000032768
0000000022
0000001920
0000000021
0000007156
0000000019
0000001933
0000000015
0000014369
0000000014
0000001923
0000000014
0000007136
0000000017
0000001948
0000000023
0000032768
0000000038
0000001944
0000000062
0000007141
0000000087
0000001977
0000000134
0000014336
0000000181
0000001953
0000000215
0000007108
0000000252
0000001958
0000000271
0000032768
