107799
103695
105401
105026
103016
103970
104644
106328
104729
104872
106045
106990
105546
104847
104619
106420
105049
104101
102533
105358
106151
106718
106187
106319
105311
104506
104068
104075
104607
103719
103997
103910
103339
104085
104421
104197
104790
105840
105142
106426
104432
104551
105538
105276
105811
105146
104643
106807
105942
106448
104306
106368
105037
106212
104267
104205
103871
106160
103807
105709
105984
105342
105329
106273
105541
106216
104092
105158
106083
104971
105998
106018
104898
106006
106010
106869
104836
105616
104885
105029
104630
105737
104893
105162
106133
107139
106330
106814
107325
106425
106143
107455
105678
106786
108492
107126
107339
106114
108347
108972
108670
109345
107450
107830
109101
108694
108867
109424
110214
110339
110652
4075.98
110695
6745.36
111496
4337.74
111103
8157.14
13700.1
8160.2
108502
7304.82
12261.8
6418.24
108465
14637.6
14649.9
14718
109549
8206.81
14010.7
3553.58
111488
6090.43
13872.9
7985.94
112568
13371.7
112430
11759.7
111280
12048.3
110209
12622.3
8141.6
111998
6383.82
15875
8587.52
114379
8459.81
7089.48
8562.67
114795
3510.05
7941.71
13227
113956
3243.91
16913.5
1656.72
111069
12263.9
28121.9
13189.5
111056
15596.3
30882.6
17494.3
113291
18350.2
31855.5
18363.7
113835
18076.9
28730.8
26037.6
113408
9250.31
26511
12562.3
109890
11020.1
31221.4
20629.9
110620
17580.9
37151.7
16149.9
111884
19197.3
38058.2
21138.7
109918
11750.9
36680.9
31973.4
109049
16296.7
30168.2
33086
109986
38276.3
42699.7
39349.7
111593
40972.3
42440.4
39165.8
111108
25745.8
40546.7
31903.1
107326
42296.1
48635.3
47176.4
109311
42890.9
45209
39089.9
110905
39461.5
44988.5
42094.2
107735
47095.2
47066.5
56461.2
106688
59216.4
42831.3
58800.2
111526
61911.6
48532.8
66326.8
111069
38888.2
42430.4
42918.2
109737
39702.6
45393.2
41829.2
109407
46867.1
49809.2
49783.2
112118
44770.8
48964.9
42913.7
109452
37151.1
50451.7
50456.7
105545
57119.8
51316.3
4643.56
60601.6
12548.1
108130
17435.5
67752.5
15916
52172.6
14344.6
72421.8
17367.6
110125
18497.1
72896.7
16811.5
50477.6
6780.15
62050.2
2146.18
105988
57325.1
4246.57
50954.8
4499.07
63359.3
12653.3
108811
11779.1
60794
11493
52501.7
8477.74
60520
11800.6
108582
14723.4
61905.5
25193.4
53425.1
14571.7
54881.9
8714.23
105985
21909.6
61196.5
25153.4
55027.4
28623
70744.7
30913.5
106860
25244
70573.6
24689.2
56572
20105.9
68937.9
25248.8
109005
22807.4
67408.6
18201.5
54216.7
11666.4
71083.4
14256.3
105430
25357.8
81118.5
30249.4
57287.2
33128.3
79142
16313.3
109297
28050.5
85379.8
19461.1
60275.8
29166.1
80994.2
29280.6
107320
13033.7
72407.6
17853.1
58931.7
25330.3
79788
33341.9
108215
31414.9
82961.5
21633
60194.9
14411.7
76778.2
11286.7
109315
11388.7
76366.7
12033.7
58685
8780.5
63015
10984.5
109784
27457.4
79257.1
33106.3
60111.8
24038
75653.7
20910.4
104423
31202
76835.7
31757.1
60479.4
26056.4
78911
27207.3
105966
26528.8
82196.2
31495.2
61548.4
31010.2
83343.5
28559.3
108252
31326.9
82140.5
36173.5
64054.5
33453.3
79669.8
35105.9
104187
24391.9
80835.2
17393.7
65530.5
34100.6
80186.6
43458.3
106739
33924.1
78413.5
32629.8
66678.8
45400.1
81143
45780.5
107519
52217.7
82355.8
48757.6
68220
60151.2
86920.2
53292
108461
49258.3
82748.4
55109
67703.5
56014.2
80491.2
61970.3
106057
45870.5
84121.9
40693.4
70865.3
50324.8
83115.1
48143.2
107083
43877.4
84241.9
38640.3
71570.6
38325.4
82043.1
46651.8
107182
32286
76350.5
38404.9
70870.7
44334.9
76720.8
39419.5
103703
43225.4
77201.2
30701.7
72574.5
55500.1
77889.2
48387.6
105865
46900.5
81309.2
54388.7
78725.8
47199.5
80785.4
47876.8
100892
51299.7
82666
53008.2
77316.9
46665.6
85385.4
44565.6
101066
45858.6
87979.3
44375.9
78112.4
34119.5
86287.8
48890.5
104419
38871.1
86926.9
48919.1
78116.4
43385.6
83737.7
38118.3
101878
43880.1
82555.9
45895.6
81134.2
44536.8
79607.2
50536.2
103658
51830.7
78892.9
52567.7
82226.6
43203.1
76790.9
56789.8
102541
41798.3
75750.2
45332.2
84623.6
42741.2
78857.1
53024.8
101451
54989.3
80713.6
53096.8
85735.1
49191.5
82846.9
55616.8
104087
50542.7
81898.7
55110.7
85623.5
53195.7
82094.8
54113.8
98967.9
48300.3
83464.1
50776.8
89838.9
53718.3
86496.6
54634.7
102849
54366.7
84698
51518.5
88423.3
53914.4
84813.3
54129.8
99911.3
52224.6
86388.9
57269.1
90471.6
63939.5
84915.8
62455.3
102198
59841.7
85791
57945.9
89975.1
57615.8
83315.6
63619
103673
71509.8
87639.8
71024
89624.7
68480.8
85985
71714.9
98101.4
67516.5
87646.8
68038
90832.6
68428.9
85962.9
65874.8
101971
65938.3
87583.7
68808.7
91360.3
68473.6
85122.7
57764.6
100854
56686.3
83938.8
61182.7
93022.8
62219.2
86960.9
63173.2
97507.6
65432.9
86846.4
61456.2
95326.3
57119.2
86766.5
61679.3
99767.9
60042.6
87059
57328.2
94743.8
61980.7
88206.3
70120.2
98457.5
69956.1
88261.5
73014.3
97002.1
66049.6
88242.2
70092.5
100817
69706.5
88477.6
71718.8
94733.3
73047.5
86884.8
66380.7
97836.9
73759.4
88276.8
74139
96103.4
70021.6
87681.5
67833.7
102017
65357.6
84171.2
61345.3
93866.1
65056.2
86220.5
69458.1
98425.4
71280.3
86417.9
72263.9
94856
68008.1
86094.4
63991.3
100705
63672.5
85150.3
60118.4
92830
58184.7
87522.6
63622
101148
64623.5
94360.2
60167.8
92580.7
60468.5
93384
55866.2
94120.9
57958.7
95211.3
57854.3
90890.1
60791.1
7483.57
95454.3
59222.6
12374.2
97358.9
5192.43
60402.6
3481.02
93284
1688.8
59390.4
7605.26
90491.8
12437.8
58669.1
93723.4
59649.2
98474.9
62833.5
91369
58460.3
89280.2
57715.8
91470.2
60435.2
95524.2
60304.4
92057.9
59716.4
87078.2
54765.8
89800.5
56051.7
98599.2
52917.5
4169.03
89390.8
3801.88
52903.9
4169.93
88449.2
53832.3
91770.2
54920.6
98623
3774.67
56252.9
7474.18
88704.4
1943.82
54857.5
1396.42
84542.3
3738.99
52235.3
91409.4
53707.1
3711.29
98388.7
3675.93
53104
3472.51
88423.3
3748.91
51440.3
6700.62
83801
51975.3
12778.6
87748.7
16006.9
52798
17022.3
75948.8
17053.1
52711.2
17695.1
88484.7
18062.3
49268.5
17875.9
83172.7
16215.6
51190.9
14048.6
85941.6
15088.2
49273.2
16236.7
97407.6
18800.1
51077
18283.3
88738.5
17429.6
50817.5
15620.2
83792.4
4111.77
49211
8200.49
86924
8299.31
47846.4
4532.35
96494.3
13239.6
50198.5
14827.5
89220.4
11957.1
47849.2
13636.2
82454.8
8134.71
47625.5
13393.5
86563.1
12698.1
46092.5
3644.31
96832.8
48469.7
8244.43
87522.2
4227.69
46855.7
14551
78455.7
10048.8
55582.8
9170.72
83644.3
12031.5
56173.4
13934.1
89163.9
9645.68
57057.7
5661.04
81602.8
55924.1
78269.1
56514.8
82537.7
55779.2
89140.8
56457
83045.5
54758.1
75920
54446.7
83528.3
1652.76
52015.1
7601.33
90395.8
7472.72
54078.8
11183
84169.8
3207.18
52191.3
77606.1
50258.5
4213.72
84606.2
8373.53
50007.4
3662.57
89712
2618.38
50013.9
2391.17
82453.3
3153.14
49719.5
77841.9
48226.1
3888.39
81580.7
14702.6
52415.1
19188.2
89239.3
18289.4
50105.5
17229.5
81592.7
14048.9
48510.9
14001.7
76959
19084.8
51296.2
19503.8
79134.7
20339.3
53719.2
19878.5
89291.2
20418.6
50144.2
19660.2
78380.7
15629.7
54429.9
14794
77187.7
17047.7
56060.4
17696.9
78441.4
19132.2
55945.9
18509.6
89239.4
15297.4
55374.1
18140.4
76651.1
17029.1
53349.9
16074.2
77142.2
17049.7
56617.8
13977.8
79269
16265.5
54378.5
8002.3
90480.6
14755
56532.6
16985.8
77367.4
18288.3
56658.4
15080.6
77608.1
17535.7
57744.1
17303.2
80165.5
17306.9
52405.9
16714.7
89398.6
17521.7
57528.9
19397.4
77665.3
16663.5
53267.8
15098.8
79808
14756.1
54446.7
14952
79707.8
13067.5
54075.1
20437.7
90386.1
17321.9
54300.3
19233.2
76310.8
17176.2
52792.2
12563.4
79252.7
11323.3
53567
13461
78669.1
15704.7
54234.4
14104
89894.5
7901.14
56097.5
14469.5
78616.3
7119.02
57882.4
14681.2
79629.4
12399.3
58785.2
3786.44
80069.6
3474.97
58602.3
8710.19
90090.3
7980.34
57716.6
8336.95
79176.1
58911.5
16870.1
79092.9
17584.2
59147.3
18965.2
81091.6
19816.5
61150.6
20806.1
89793.6
19874.6
62710.8
21070.9
80206.7
17717.3
59554.2
19637
79328
19075.9
59049.7
17937.9
76719.4
24059.1
54025.8
20896.4
84834.2
18534.3
62393.1
16423.9
76227.6
15076.3
59051.3
17228.1
73661.6
16567.4
52394.6
13790.7
82681.9
8597.69
56876.8
10432.1
89472.7
11276.4
57360
3877.77
80874.8
4115.57
58727
3513.41
79319.1
3840.25
58345.1
10610.8
83462
3277.27
56136.9
3209.45
85366.7
3756.63
56735.3
81128
1852.18
55090.1
2240.5
78896.3
3061.92
55777.9
6607.29
82712.8
8817.1
55521.9
6914.1
90235.6
6003.27
54498
8393.77
80752.4
8990.38
55201.8
12347.7
78215.5
14652.9
54155.4
15021.5
79349
16089.2
53832.8
13898.2
90019.4
14917.3
53332
14418.5
79521.6
15219
53597.4
16200
74392.6
18471.7
54592.7
17234.2
80114.4
22504.1
54177
19119.9
81251.5
15396.9
55122.2
15204
80200.3
16558.4
54064.6
16290.7
72886.8
18003
54551.2
19360.8
78626.8
19750.3
55805.7
17927.8
81115.5
15905.9
55864
17850.2
80363.1
16165.6
55468.1
16503.8
72940.8
17822.1
53269.6
16734.5
77610.1
16738.9
54587.8
15326.6
79156.7
16036.5
57361.4
17670.9
78444.3
20518.4
54928.9
18090.5
72992.3
17184.5
57405.6
13698.2
78870.2
12259.9
56963.2
14226.5
84491.3
10670
58419.4
13476.7
78036
13040.5
56735
18364.9
74991.8
16839.7
55528.8
16932.8
77893.8
23454
56100.1
24286.4
85060.1
25752.2
56483.1
24170.9
77539.6
20941.8
54178.1
19641.2
74256.7
19840.1
54058.2
20536.2
75992.6
21390.5
54433.1
21093.4
80591
21471.7
54990.7
19619.3
75923.7
20706.9
57260.5
18681.7
50094.7
16694.5
54743.1
15870.7
74788.3
15187.3
55674
15351.8
80482.7
14203.6
53975.3
18232.4
76781.6
19780.2
52413.8
20858.5
72082.8
21802.2
50463
17352.7
76772.6
22428.1
54743
26883.2
80521.6
17670.3
55581.7
20706.6
74813.3
5691.97
53445.2
7749.71
72462.5
19709.1
54743.8
18493
75920.2
11091.6
52629.8
12258.3
80340.6
11381.3
53765.7
11940.6
76530.4
13252.2
53500.6
15032.9
71357
15911.4
52117.4
12204.3
75803.7
15799.4
49710.5
13541.2
79422.6
13704.3
51765.9
13849.6
75369.1
14979.9
49168.3
14575.4
71662
17036.7
49523.4
17285.9
75002.8
22625.9
48541
24749.5
78569.1
22521.8
49136.2
19127.7
74063.2
14932.4
48366.5
13938.9
69959.3
16196.7
49330.2
14877.6
73923.3
14639.1
49212.7
14238
78766.9
11911.8
48594.3
8740.84
74559.6
12373.2
48527.5
13698.2
69983.3
14628.1
45430.9
12645
73034.3
15328.1
45578.5
12197
78112.2
13063.5
48585.7
12191
73801.1
11045.7
46279.1
3679.61
69691.1
9243.74
42940.1
2868.39
72626.9
3580.35
45095.8
77380.2
46289.7
73096.2
43527.9
67645.9
43660.6
73005.7
7492.54
43794.3
9661.84
76898.2
11394.5
44148.3
13110.4
71278.8
11242.4
43207.3
10762.8
69445.3
13547.3
44374
11807.6
71545.5
12816.7
41065.2
13663
69824
14491
43178.9
14925
72355.4
13370
44060.6
13153.9
64661.6
14251.3
42203.2
14346.5
70220.2
15721.3
41800.2
13551.9
71029.9
14029.5
44777.1
14339.6
70019.5
15422.6
41512.3
16873.1
64663.1
18123.1
44961.4
17421.4
73880.8
17671.1
44282.5
15856.7
70075
17496.6
44993
16982.6
71319.5
16089.2
44028.8
14409.9
64905.4
15680.9
43941.4
14305.4
73079.9
14999.5
42320.6
13606.2
71339.5
15076.7
41625.8
14415.2
73533.2
14658.7
41973.7
13498
66623.9
14620.8
41884.9
13246.6
72593.7
14942.7
42843.6
13641.4
70967.1
15717.9
43503.2
14120.2
71827.8
14801.2
41778.6
13597.7
66164.4
15367.6
41178.6
13697.9
70264.6
15240.8
39909.4
13697
71223.1
14848.3
41356.8
13578.3
68915.3
14814.3
39302.4
13661
65929.7
14173.9
38196.6
12963.9
70109.8
13603.1
38200
12766.8
70436.5
12370
37887.8
11603.9
68609.9
10899.6
36570.2
9525.51
66965.7
13075.1
37478.5
12890.8
69334.8
14602
37231.9
13416.9
73147.7
14145.3
37983.2
15181.1
67832.3
16252.9
36816.3
14067.5
69825.7
17745.4
37114.4
11289.6
68670.4
15391.2
37724
14287.7
78732.1
14579.9
36192.8
14331.6
66517.7
15010.8
36275.1
14346.6
68816.4
14492.1
35499.3
13758.5
66750.5
14541.6
36257.5
11895.8
75434.7
13724.4
34952.6
12987.9
67047.5
12421.2
34862.3
12350.2
67072.6
13891.9
36190.2
12683.7
66599.9
13810.8
36474
13371.3
75735
14328.3
36977.5
13484
66823.7
14792
37252
13592
63895.3
20331.1
35333.7
17772.4
62155.5
18860.3
35737.7
16456.1
73755.5
