1.00549
1.00549
1.00549
1.00549
1.00537
1.00537
1.00525
1.00525
1.00513
1.00513
1.00513
1.00513
1.00513
1.00513
1.00513
1.00513
1.00513
1.00513
1.00513
1.00513
1.00513
1.00671
1.00891
1.005
1.005
1.00488
1.00488
1.00488
1.00488
1.00488
1.005
1.005
1.00671
1.00854
1.00684
1.0083
1.00671
1.0083
1.00671
1.0083
1.00525
1.00818
1.00806
1.00793
1.00793
1.00793
1.00793
1.00793
1.00793
1.00793
1.00793
1.00781
1.00769
1.00769
1.00769
1.00769
1.00769
1.00769
1.00769
1.00757
1.00769
1.00745
1.00745
1.00745
1.00757
1.00732
1.00757
1.0072
1.00757
1.0072
1.01807
1.0072
1.0072
1.0072
1.0072
1.0072
1.00708
1.00696
1.01648
1.00708
1.01685
1.00696
1.01697
1.00684
1.01697
1.0127
1.01758
1.0127
1.01746
1.01733
1.01733
1.01733
1.01733
1.01733
1.01733
1.01733
1.01746
1.01733
1.01746
1.01746
1.01733
1.01733
1.01758
1.01758
1.01746
1.01758
1.01758
1.01758
1.02295
1.02307
1.02307
1.02332
1.02332
1.02319
1.02319
1.02319
1.02417
1.02417
1.02417
1.02417
1.02417
1.02966
1.02966
1.02966
1.02966
1.02979
1.02979
1.02979
1.02979
1.02979
1.02979
1.02979
1.02979
1.02576
1.02576
1.02576
1.02576
1.02576
1.02576
1.03003
1.03003
1.03003
1.03003
1.03003
1.03003
1.03577
1.02979
1.02979
1.02979
1.02991
1.03003
1.03003
1.03003
1.02991
1.03638
1.03638
1.03638
1.03638
1.03638
1.03638
1.03638
1.03625
1.03601
1.03601
1.03601
1.03601
1.03601
1.03601
1.03601
1.03589
1.03589
1.03589
1.03589
1.03589
1.04187
1.04187
1.04187
1.03589
1.04199
1.04199
1.04199
1.04187
1.04175
1.04175
1.04175
1.04163
1.04224
1.04224
1.04224
1.04211
1.04822
1.04822
1.04822
1.0481
1.0481
1.0481
1.0481
1.04773
1.04773
1.04773
1.04773
1.04761
1.04749
1.04749
1.04749
1.05286
1.05286
1.05286
1.05286
1.05273
1.05249
1.05249
1.05249
1.05225
1.05225
1.05225
1.05225
1.05823
1.05811
1.05811
1.05811
1.0575
1.05725
1.05725
1.05725
1.05688
1.06018
1.06018
1.06018
1.05688
1.06006
1.06006
1.06006
1.06201
1.06604
1.06604
1.06604
1.0658
1.06567
1.06567
1.06567
1.06555
1.07092
1.07092
1.07092
1.07056
1.06506
1.06506
1.06506
1.06458
1.06433
1.06433
1.06433
1.06409
1.07007
1.07007
1.07007
1.06934
1.0741
1.0741
1.0741
1.0741
1.0741
1.06641
1.06812
1.06812
1.06812
1.06812
1.06812
1.06812
1.06812
1.06775
1.07349
1.07349
1.07349
1.07349
1.07349
1.07349
1.07349
1.07288
1.07751
1.07751
1.07751
1.07751
1.07751
1.07751
1.07581
1.06934
1.06934
1.06934
1.06934
1.06934
1.06934
1.06934
1.0686
1.0769
1.0769
1.0769
1.0769
1.0769
1.0769
1.0769
1.07617
1.07617
1.07617
1.07617
1.07617
1.07617
1.07617
1.07617
1.07617
1.07593
1.07593
1.07593
1.07593
1.07593
1.07593
1.07593
1.07593
1.07593
1.07593
1.07593
1.07593
1.07593
1.07593
1.07593
1.07532
1.06335
1.06335
1.06335
1.06335
1.06335
1.06335
1.06335
1.06018
1.06018
1.06018
1.06018
1.06018
1.06018
1.06018
1.06018
1.06384
1.05896
1.05896
1.05896
1.05896
1.05896
1.05896
1.05896
1.0592
1.05908
1.05908
1.05908
1.05908
1.05908
1.05908
1.05908
1.06531
1.06519
1.06519
1.06519
1.06519
1.06519
1.06519
1.06519
1.06531
1.07056
1.07056
1.07056
1.07056
1.07056
1.07056
1.07056
1.0697
1.0697
1.0697
1.0697
1.0697
1.0697
1.0697
1.0697
1.06873
1.06873
1.06873
1.06873
1.06873
1.06873
1.06873
1.06873
1.06799
1.06775
1.06775
1.06775
1.06775
1.06775
1.06775
1.06775
1.0835
1.08337
1.08337
1.08337
1.08337
1.08337
1.08337
1.08337
1.08386
1.08398
1.08398
1.08398
1.08398
1.08398
1.08386
1.08386
1.06653
1.08337
1.08337
1.08337
1.08337
1.08337
1.0824
1.0824
1.08179
1.08179
1.08179
1.08179
1.08179
1.08179
1.08142
1.08142
1.06506
1.0813
1.0813
1.0813
1.08069
1.08069
1.08069
1.08069
1.07971
1.07983
1.07983
1.07983
1.0791
1.0791
1.0791
1.0791
1.07947
1.07947
1.07947
1.07947
1.0791
1.0791
1.0791
1.0791
1.07935
1.07959
1.07959
1.07959
1.07971
1.07971
1.07971
1.07971
1.07935
1.11169
1.11169
1.11169
1.11145
1.11145
1.11145
1.11145
1.11096
1.11072
1.11072
1.11072
1.11072
1.11072
1.11072
1.11072
1.11047
1.1106
1.1106
1.1106
1.11072
1.11072
1.11072
1.11072
1.11072
1.11108
1.11108
1.11108
1.11108
1.11108
1.11108
1.11108
1.11096
1.12122
1.12122
1.12122
1.12036
1.12036
1.12036
1.12036
1.12073
1.12073
1.12073
1.12073
1.12036
1.12036
1.12036
1.12036
1.12036
1.12598
1.12598
1.12598
1.12585
1.12585
1.12585
1.12585
1.125
1.1189
1.1189
1.1189
1.11877
1.11877
1.11877
1.11877
1.11938
1.11926
1.11926
1.11926
1.11902
1.11902
1.11902
1.11902
1.15332
1.1532
1.1532
1.1532
1.14612
1.14612
1.14612
1.14612
1.14502
1.15186
1.15186
1.15186
1.15088
1.15088
1.15088
1.15088
1.15027
1.14978
1.14978
1.14978
1.14954
1.14954
1.14954
1.14954
1.14844
1.14819
1.14819
1.14819
1.14771
1.14771
1.14771
1.14771
1.14685
1.15735
1.15735
1.15735
1.15723
1.15723
1.15723
1.15723
1.15735
1.15784
1.15784
1.15784
1.15747
1.15747
1.15747
1.15747
1.15698
1.16589
1.16589
1.16589
1.15686
1.15686
1.15686
1.15686
1.16565
1.16541
1.16541
1.16541
1.16467
1.16467
1.16467
1.16467
1.16406
1.16406
1.16406
1.16406
1.1637
1.1637
1.1637
1.1637
1.16272
1.16272
1.16272
1.16272
1.16235
1.16235
1.16235
1.16235
1.1626
1.16248
1.16248
1.16248
1.16187
1.16187
1.16187
1.16125
1.16125
1.16089
1.16089
1.16089
1.16028
1.16028
1.16028
1.16016
1.16052
1.16016
1.16016
1.16016
1.16016
1.16016
1.16016
1.16016
1.16003
1.16003
1.16003
1.15967
1.1593
1.1593
1.1593
1.1593
1.1593
1.15942
1.15942
1.15955
1.15955
1.15955
1.1593
1.1593
1.15906
1.15918
1.15918
1.15869
1.15857
1.15857
1.15833
1.15833
1.15796
1.19043
1.19019
1.19019
1.19019
1.19019
1.19019
1.19019
1.20154
1.20081
1.20044
1.20044
1.19995
1.19995
1.19995
1.18945
1.18945
1.18945
1.18921
1.18909
1.18909
1.18909
1.18896
1.18896
1.18896
1.18896
1.19751
1.19751
1.19751
1.18787
1.18787
1.18726
1.18701
1.18665
1.18665
1.24084
1.24084
1.1908
1.1908
1.19092
1.19116
1.19165
1.19165
1.19189
1.19189
1.19177
1.19177
1.1925
1.18481
1.18481
1.18469
1.18469
1.18469
1.18469
1.18408
1.18408
1.1936
1.1936
1.19409
1.19397
1.19397
1.19397
1.19397
1.19397
1.19397
1.19397
1.20056
1.20056
1.20056
1.19482
1.19482
1.19482
1.20117
1.20618
1.20618
1.20618
1.20142
1.20142
1.20142
1.20142
1.21667
1.21667
1.21667
1.19641
1.19641
1.19641
1.19641
1.21753
1.2124
1.2124
1.2124
1.21765
1.21765
1.21765
1.21765
1.22656
1.22656
1.22656
1.22656
1.21924
1.21924
1.21924
1.21924
1.22839
1.21582
1.21582
1.21582
1.21606
1.21606
1.21606
1.21606
1.22937
1.22937
1.22937
1.22937
1.22144
1.22144
1.22144
1.22144
1.22961
1.22986
1.22986
1.22986
1.2301
1.2301
1.2301
1.2301
1.23059
1.23059
1.23059
1.23059
1.23096
1.23096
1.23096
1.23096
1.23108
1.23132
1.23132
1.28027
1.28027
1.28027
1.28027
1.36084
1.36084
1.36084
1.36084
1.36243
1.36243
1.36243
1.36243
1.36218
1.36218
1.36218
1.36218
1.36206
1.36206
1.36206
1.36206
1.36255
1.36255
1.36243
1.36243
1.36243
1.36243
1.36267
1.36267
1.36206
1.36206
1.36206
1.36206
1.36243
1.36255
1.36255
1.36255
1.36194
1.36194
1.36194
1.36206
1.36206
1.36206
1.36279
1.36279
1.36279
1.36279
1.36292
1.36304
1.36304
1.36304
1.36316
1.36316
1.36316
1.36316
1.36316
1.36316
1.36304
1.36304
1.36304
1.36304
1.36328
1.36304
1.36304
1.36304
1.36316
1.36316
1.36316
1.36316
1.36316
1.36316
1.36316
1.36316
1.36304
1.36304
1.36304
1.36304
1.36377
1.36304
1.36304
1.36304
1.36292
1.36292
1.36292
1.36292
1.36255
1.36255
1.36255
1.36255
1.36267
1.36267
1.36267
1.36267
1.36279
1.36292
1.36292
1.36292
1.36353
1.36353
1.36353
1.36353
1.36414
1.36414
1.36414
1.36414
1.36475
1.36475
1.36475
1.36475
1.33716
1.36523
1.36523
1.36523
1.36572
1.36572
1.36572
1.36572
1.36633
1.36633
1.36633
1.36633
1.33777
1.33777
1.33777
1.33777
1.36694
1.36707
1.36707
1.36707
1.33801
1.33801
1.33801
1.33801
1.33765
1.33765
1.33765
1.33765
1.33826
1.33826
1.33826
1.33826
1.33813
1.33777
1.33777
1.33777
1.33801
1.33801
1.33801
1.33801
1.33838
1.33838
1.33838
1.33838
1.33862
1.33862
1.33862
1.33862
1.33862
1.33899
1.33899
1.33899
1.33887
1.33887
1.33887
1.33887
1.33862
1.33862
1.33862
1.33862
1.33899
1.33899
1.33899
1.33899
1.33887
1.33923
1.33923
1.33923
1.33911
1.33911
1.33911
1.33936
1.33936
1.33936
1.33936
1.33984
1.33984
1.33984
1.33984
1.33984
1.33936
1.33936
1.33936
1.33936
1.33936
1.33936
1.33936
1.33997
1.33997
1.33997
1.33997
1.41272
1.41272
1.41272
1.41272
1.42517
1.37134
1.37134
1.37134
1.37231
1.37231
1.37231
1.37231
1.39844
1.39844
1.39844
1.39844
1.34058
1.34058
1.34058
1.34058
1.34106
1.34045
1.34045
1.34045
1.34058
1.34058
1.34058
1.34058
1.34033
1.34033
1.34033
1.34033
1.34045
1.34045
1.34045
1.34045
1.41455
1.34045
1.34045
1.34119
1.34119
1.34119
1.34119
1.34192
1.34192
1.34192
1.34192
1.34241
1.34241
1.34241
1.34241
1.34253
1.34265
1.34265
1.34265
1.34229
1.34229
1.34229
1.34229
1.34326
1.34326
1.34326
1.34326
1.50769
1.50769
1.50769
1.50769
1.33765
1.33594
1.33594
1.33594
1.55347
1.55347
1.55347
1.55347
1.55334
1.55334
1.55334
1.55334
1.55383
1.55383
1.55383
1.55383
1.55396
1.55347
1.55347
1.55347
1.5531
1.5531
1.5531
1.5531
1.56726
1.56726
1.56726
1.56726
1.56714
1.56714
1.56714
1.56714
1.55347
1.50769
1.50769
1.50769
1.50818
1.50818
1.50818
1.50818
1.58655
1.58655
1.58655
1.58655
1.58777
1.58777
1.58777
1.58777
1.59363
1.55615
1.55615
1.55615
1.55615
1.55615
1.55615
1.55615
1.55676
1.55676
1.55676
1.55676
1.47217
1.47217
1.47217
1.47217
1.47205
1.47217
1.47217
1.47217
1.47339
1.47339
1.47339
1.47339
1.44727
1.44727
1.44727
1.44727
1.55847
1.55847
1.55847
1.55847
1.44751
1.474
1.474
1.474
1.44824
1.44824
1.44824
1.44824
1.44861
1.44861
1.44861
1.44861
1.57288
1.57288
1.57288
1.57288
1.57312
1.51428
1.51428
1.51428
1.57361
1.57361
1.57361
1.57361
1.57446
1.57446
1.57446
1.57446
1.57471
1.57471
1.57471
1.57471
1.57495
1.5155
1.5155
1.5155
1.5155
1.5155
1.5155
1.5155
1.56165
1.56165
1.56165
1.56165
1.57581
1.57581
1.57581
1.57581
1.57605
1.57568
1.57568
1.57568
1.57605
1.57605
1.57605
1.57605
1.57593
1.57593
1.57593
1.57593
1.57593
1.57593
1.57593
1.57593
1.57556
1.57605
1.57605
1.57605
1.57581
1.57581
1.57581
1.57581
1.59387
1.59387
1.59387
1.59387
1.59436
1.59436
1.59436
1.59436
1.57678
1.57666
1.57666
1.57666
1.5769
1.5769
1.5769
1.5769
1.57739
1.57739
1.57739
1.57739
1.6239
1.6239
1.6239
1.6239
1.60559
1.61597
1.61597
1.61597
1.61572
1.61572
1.61572
1.61572
1.62415
1.62415
1.62415
1.62415
1.59521
1.59521
1.59521
1.59521
1.57825
1.578
1.578
1.578
1.578
1.578
1.578
1.578
1.62427
1.62427
1.62427
1.62427
1.61267
1.61267
1.61267
1.61267
1.62415
1.578
1.578
1.578
1.59509
1.59509
1.59509
1.59509
1.62366
1.62366
1.62366
1.62366
1.62415
1.62415
1.62415
1.60632
1.59619
1.59583
1.59583
1.62476
1.62476
1.6178
1.6178
1.6178
1.6178
1.61438
1.59753
1.59753
1.59753
1.59741
1.59741
1.59741
1.59741
1.60864
1.60864
1.60864
1.60864
1.82397
1.82397
1.82397
1.82397
1.82361
1.7627
1.7627
1.7627
1.73889
1.73889
1.73889
1.73889
1.83154
1.83154
1.83154
1.83154
1.81201
1.81201
1.81201
1.81201
1.81189
1.72852
1.72852
1.72852
1.78369
1.78369
1.78369
1.78369
1.83228
1.83228
1.83228
1.83228
1.82275
1.82275
1.82275
1.82275
1.83313
1.83313
1.83313
1.83313
1.83362
1.83362
1.83362
1.83362
1.83337
1.83337
1.83337
1.83337
1.82275
1.82275
1.82275
1.82275
1.823
1.823
1.823
1.823
1.82288
1.82288
1.82288
1.82288
1.823
1.823
1.823
1.823
1.82312
1.82312
1.82312
1.82312
1.82373
1.82385
1.82385
1.82385
1.82312
1.82312
1.82312
1.82312
1.78137
1.78137
1.78137
1.78137
1.80652
1.80652
1.80652
1.80652
1.78857
1.80676
1.80676
1.80676
1.80627
1.80627
1.80627
1.80627
1.8053
1.8053
1.8053
1.8053
1.80481
1.80481
1.80481
1.80481
1.80469
1.80457
1.80457
1.80457
1.80518
1.80518
1.80518
1.80518
1.75818
1.75818
1.75818
1.75818
1.74902
1.74902
1.74902
1.74902
1.73376
1.74573
1.74573
1.74573
1.57642
1.57642
1.57642
1.57642
1.57397
1.57397
1.57397
1.57397
1.57446
1.57446
1.57446
1.57446
1.57507
1.55945
1.55945
1.55945
1.55847
1.55847
1.55847
1.55847
1.57349
1.57349
1.57349
1.57349
1.57446
1.57446
1.57446
1.57446
1.6571
1.68079
1.68079
1.68079
1.68091
1.68091
1.68091
1.68091
1.65869
1.65869
1.65869
1.65869
1.68176
1.68176
1.68176
1.68176
1.65845
1.6582
1.6582
1.6582
1.6582
1.6582
1.6582
1.6582
1.65808
1.65808
1.65808
1.65808
1.65808
1.65808
1.65808
1.65808
1.65784
