1.01405
1.01968
1.01251
1.01344
1.01847
1.01216
1.01419
1.01086
1.01403
1.01111
1.01143
1.01152
1.01234
1.01262
1.00974
1.01112
1.01599
1.01239
1.0178
1.00836
1.00957
1.016
1.0165
1.01305
1.01339
1.01
1.01621
1.0102
1.01074
1.01481
1.01007
1.015
1.01808
1.01899
1.01762
1.02208
1.01976
1.01871
1.02033
1.01706
1.01355
1.0085
1.01623
1.01058
1.01734
1.00885
1.02207
1.01173
1.01882
1.01337
1.02316
1.01026
1.02231
1.01117
1.01641
1.02392
1.02388
1.01438
1.02323
1.01878
1.02363
1.0194
1.02001
1.01799
1.0209
1.01632
1.0226
1.01622
1.02178
1.01315
1.02253
1.01848
1.02271
1.02112
1.0232
1.01947
1.02298
1.02134
1.03465
1.01877
1.0323
1.02636
1.03134
1.02645
1.03515
1.02855
1.02597
1.02998
1.02494
1.02323
1.02851
1.02136
1.02531
1.02425
1.02272
1.02509
1.02872
1.02943
1.02638
1.02433
1.02668
1.02286
1.02556
1.02674
1.02474
1.02293
1.02305
1.02101
1.01629
1.02111
1.01892
1.08073
1.02309
1.08489
1.02748
1.64614
1.032
1.12971
1.24734
1.13739
1.03976
1.11335
1.32455
1.15484
1.04599
1.18446
1.19706
1.18795
1.04482
1.13691
1.23482
1.43793
1.03604
1.29329
1.30185
1.16024
1.02485
1.26504
1.02821
1.2682
1.03493
1.33883
1.04504
1.36704
1.11511
1.031
1.29315
1.33171
1.09641
1.01878
1.09535
2.1469
1.0914
1.02276
1.75262
1.95331
1.29577
1.02322
1.56547
1.75881
1.62257
1.03734
1.36949
1.53888
1.29506
1.03516
1.35215
1.52047
1.40261
1.022
1.37744
1.50758
1.36889
1.02624
1.39632
1.60293
1.34424
1.0205
1.60079
1.76886
1.4846
1.04184
1.35183
1.79248
1.07959
1.03653
1.09809
1.74437
1.23349
1.02688
1.18262
1.76458
1.2393
1.03874
1.8539
1.80786
1.58788
1.0401
1.81423
1.77298
1.44111
1.0371
1.54533
1.85119
1.62544
1.03703
1.60298
1.92286
1.56808
1.02835
1.72861
1.83551
1.61371
1.05178
1.1869
1.63732
1.57266
1.0414
1.52915
1.8722
1.41342
1.03175
1.67774
1.91487
1.77939
1.04546
1.46046
1.88851
1.35097
1.05005
1.45465
2.01161
1.14669
1.02643
1.5075
1.83624
1.3825
1.03509
1.74792
1.96523
1.40212
1.03573
1.80138
1.86808
1.72315
1.04502
1.79838
1.7923
1.89835
1.02987
1.97947
1.75289
2.05116
1.03356
1.95838
1.64409
1.84713
1.05819
1.67114
1.77315
1.06347
1.64268
1.16761
1.04659
1.33022
1.53453
1.43978
1.74678
1.59412
1.39248
1.31653
1.03618
1.46319
1.33082
1.3284
1.79299
1.47837
1.39435
1.37381
1.05926
1.50864
1.07039
1.74426
1.05735
1.51821
1.0732
1.0488
1.20913
1.62914
1.21389
1.72102
1.03283
1.68482
1.11396
1.04078
1.07873
1.49036
1.04198
1.69238
1.40044
1.737
1.1705
1.06105
1.24781
1.61135
1.14744
1.66161
1.18565
1.47846
1.30099
1.05272
1.3469
1.32599
1.31511
1.67224
1.23146
1.4547
1.33333
1.04191
1.36037
1.45572
1.41551
1.66488
1.62741
1.31316
1.61198
1.06565
1.29986
1.27723
1.34304
1.61688
1.39761
1.35994
1.85961
1.04285
1.42289
1.26834
1.87044
1.60471
1.3156
1.3024
1.30368
1.04608
1.24639
1.29534
1.64162
1.58377
1.5173
1.36181
1.15652
1.05516
1.14281
1.35281
1.19207
1.59591
1.16415
1.38409
1.12364
1.05367
1.1011
1.37707
1.0653
1.60713
1.46101
1.52845
1.48454
1.04882
1.18913
1.34992
1.28437
1.53833
1.3779
1.37014
1.41202
1.07288
1.19344
1.28763
1.45472
1.55323
1.41971
1.34449
1.49689
1.05867
1.48078
1.27188
1.48229
1.54677
1.50129
1.28851
1.46477
1.04902
1.48114
1.29028
1.43674
1.48057
1.46483
1.30693
1.53396
1.07625
1.70231
1.26614
2.00125
1.41107
1.56194
1.32181
1.35703
1.05924
1.46819
1.29556
1.44932
1.42018
1.49654
1.37335
1.46546
1.0553
1.38301
1.3029
1.42719
1.42768
1.27728
1.30302
1.35437
1.05587
1.39486
1.29572
1.35763
1.38016
1.26984
1.33031
1.22208
1.05621
1.18621
1.27795
1.41723
1.36791
1.42181
1.32198
1.49756
1.05535
1.57726
1.28632
1.72326
1.36619
1.65588
1.32647
1.30505
1.0606
1.33336
1.33393
1.48427
1.33525
1.44966
1.36471
1.27058
1.07182
1.51917
1.37338
1.57962
1.32003
1.31919
1.35719
1.38267
1.06173
1.56928
1.3105
1.48761
1.21982
1.53814
1.29511
1.59786
1.10648
1.38189
1.25301
1.32758
1.21931
1.50206
1.24146
1.6126
1.09956
1.53309
1.19251
1.45448
1.22777
1.54622
1.2087
1.3562
1.08398
1.63385
1.20629
1.52162
1.22661
1.51389
1.22116
1.53817
1.10442
1.52545
1.25273
1.44878
1.20053
1.53991
1.33617
1.43459
1.09946
1.43909
1.32412
1.43407
1.15578
1.48092
1.34705
1.4609
1.10339
1.50723
1.31522
1.47616
1.12216
1.58732
1.27824
1.46867
1.11667
1.51728
1.29323
1.43907
1.14248
1.52229
1.24412
1.53004
1.10577
1.57096
1.26591
1.51566
1.12082
1.50156
1.26884
1.5191
1.138
1.58685
1.24449
1.57945
1.08788
1.60131
1.2133
1.46505
1.11341
1.66165
1.22787
1.76958
1.10152
1.71051
1.21395
1.67031
1.13258
1.74724
1.19093
1.51056
1.06925
1.43183
1.23041
1.42558
1.12467
1.51727
1.20975
1.51927
1.06248
1.47289
1.20069
1.44788
1.11535
1.34531
1.17042
1.34029
1.05039
1.27823
1.18235
1.35981
1.15291
1.4409
1.16896
1.42535
1.06526
1.36559
1.17942
1.30063
1.12921
1.35348
1.1745
1.3738
1.04481
1.39739
1.15376
1.38636
1.13181
1.52107
1.15881
1.45929
1.01659
1.40695
1.14943
1.4245
1.15481
1.43439
1.15968
1.41894
1.0104
1.54402
1.14631
1.53823
1.14396
1.55611
1.11954
1.56895
1.01008
1.46303
1.11698
1.31982
1.14876
1.29809
1.13345
1.28337
1.00777
1.27597
1.12272
1.2704
1.1351
1.34883
1.13976
1.32089
1.01232
1.25405
1.14007
1.23758
1.15285
1.2827
1.13295
1.30219
1.01306
1.31724
1.13926
1.38744
1.13605
1.26905
1.13753
1.36149
1.0263
1.31303
1.14984
1.32104
1.1453
1.22777
1.15481
1.30311
1.03443
1.37669
1.13686
1.26836
1.13659
1.41393
1.15711
1.44726
1.03123
1.37686
1.13633
1.36553
1.13609
1.36011
1.07209
1.5039
1.07026
1.4978
1.04937
1.54751
1.20851
1.52498
1.0369
1.46538
1.09458
1.42257
1.15476
1.03804
1.46682
1.05052
1.18828
1.53521
1.45824
1.22293
1.03813
1.88094
1.49021
1.12738
1.08208
1.06706
1.52438
1.04238
1.44728
1.18369
1.41614
1.04721
1.44219
1.08831
1.46912
1.04956
1.38741
1.1977
1.40402
1.05672
1.38387
1.13853
1.46
1.05982
1.4394
1.17466
1.53463
1.11439
1.03798
1.13214
1.4982
1.13394
1.1137
1.46416
1.0554
1.47643
1.17222
1.14158
1.45502
1.22734
1.05645
1.6664
1.45946
1.84297
1.14145
1.25836
1.54087
1.04865
1.48284
1.32389
1.17395
1.28843
1.53413
1.32729
1.06283
1.24289
1.58497
1.31079
1.15431
1.54536
1.24262
1.06612
1.67489
1.5537
1.97942
1.33755
1.87048
1.55461
2.0482
1.07425
2.18525
1.56589
2.28689
1.16993
2.1231
1.49394
2.18383
1.09227
2.18675
1.56836
2.16111
1.18247
2.03863
1.56792
1.89718
1.07452
1.812
1.55165
1.64304
1.17376
1.12686
1.60646
1.03005
1.0716
1.0132
1.62435
1.54817
1.18922
1.23379
1.59148
1.30837
1.07282
1.07507
1.64486
1.19539
1.19535
1.1121
1.66169
1.33237
1.07426
1.24971
1.66105
1.18405
1.18484
1.64265
1.07635
1.08259
1.12289
1.67927
1.05022
1.26744
1.30634
1.3844
1.29395
1.13746
1.31445
1.3559
1.38783
1.29814
1.0856
1.33204
1.39692
1.14858
1.34988
1.26394
1.34163
1.14555
1.34082
1.30677
1.32194
1.10771
1.37712
1.28799
1.37339
1.12
1.544
1.4178
1.18842
1.29868
1.11039
1.34467
1.14608
1.09616
1.33328
1.39802
1.2624
1.4394
1.12099
1.10069
1.07377
1.45834
1.17973
1.30718
1.74833
1.4037
1.92588
1.11382
1.37199
1.43766
1.25393
1.4708
1.28207
1.14108
1.0688
1.37199
1.18875
1.29369
1.34522
1.42587
1.25571
1.1149
1.3156
1.41965
1.35925
1.24772
1.52098
1.37406
1.50467
1.15159
1.56847
1.35037
1.64379
1.28804
1.72991
1.44368
1.77679
1.14791
1.57159
1.30562
1.44196
1.23908
1.47901
1.30742
1.52656
1.1556
1.43768
1.3168
1.41138
1.28398
1.30995
1.31546
1.87836
1.15618
1.63583
1.29159
1.6249
1.23582
1.46451
1.28082
1.09674
1.1272
1.14287
1.31522
1.09904
1.26004
1.27726
1.2859
1.36567
1.14904
1.71346
1.28252
1.64526
1.23565
1.63862
1.27053
1.54613
1.10856
1.50267
1.44685
1.47676
1.28808
1.37748
1.2889
1.11621
1.12606
1.32189
1.36392
1.59029
1.18414
1.25921
1.37747
1.24734
1.10619
1.14945
1.39712
1.23378
1.26316
1.38894
1.39589
1.54443
1.12054
1.30717
1.38865
1.02188
1.19051
1.02686
1.33904
1.31087
1.1117
1.22616
1.38399
1.14269
1.26809
1.0604
1.32577
1.12029
1.11445
1.55524
1.29817
1.27274
1.1966
1.22731
1.2672
1.14633
1.09896
1.16253
1.28219
1.04285
1.26855
1.08863
1.31091
1.06587
1.09412
1.25145
1.49615
1.20011
2.08888
1.24657
2.14118
1.07802
2.49328
1.22782
2.42148
1.26623
2.41746
1.20918
2.36299
1.08811
2.07814
1.23109
2.28708
1.19512
2.29015
1.25549
2.29943
1.14547
1.84208
1.34231
1.85898
1.35423
1.99681
1.21184
1.47967
1.13555
1.42199
1.22191
1.40903
1.2867
1.20053
1.3466
1.34868
1.05197
2.24944
1.2889
1.66155
1.27384
1.83204
1.28564
1.28461
1.05691
1.12243
1.26275
1.22739
1.20052
1.15567
1.27268
1.12037
1.04322
1.3959
1.29933
1.34775
1.33078
1.28369
1.30163
1.05345
1.94193
1.29277
1.62803
1.20771
1.561
1.3198
1.37889
1.05255
1.505
1.31562
1.33441
1.2698
1.4823
1.34472
1.01398
1.04969
1.39097
1.27866
1.54292
1.20518
1.85208
1.33052
2.01087
1.09521
1.86632
1.28906
1.67161
1.25748
1.81054
1.34317
1.9501
1.07495
2.0516
1.28976
1.92841
1.28878
1.93394
1.29496
2.12364
1.09047
2.1369
1.27921
2.40234
1.43068
2.60275
1.25589
2.52872
1.0735
2.76295
1.27277
2.61157
1.32268
2.44962
1.2721
2.19085
1.10604
2.08722
1.23601
2.28872
1.42988
2.53476
1.23583
2.56785
1.06535
2.66684
1.23903
2.85051
1.32663
2.78693
1.30698
2.88632
1.11512
2.82736
1.28483
2.88506
1.43467
1.97491
1.20305
2.7625
1.0794
2.49331
1.22411
2.05983
1.29189
2.45864
1.16558
2.31318
1.07896
2.25099
1.19425
1.90236
1.34117
1.37985
1.17633
1.11973
1.08493
1.17691
1.20261
1.42038
1.26608
1.64724
1.22175
1.32117
1.07497
1.38494
1.21561
1.45656
1.33218
1.50421
1.22396
1.55275
1.09522
1.87018
1.23876
2.03436
1.26899
2.23421
1.25029
2.342
1.09839
1.99833
1.22516
1.76038
1.41384
2.22113
1.25032
2.36151
1.11593
2.25785
1.19859
2.45549
1.58496
2.50941
1.21955
2.33041
1.11077
2.54017
1.21474
2.30346
1.42909
2.05348
1.27217
1.6825
1.09883
1.29743
1.29168
1.52316
1.29298
1.81351
1.31082
1.42385
1.10385
1.9855
1.23596
1.49091
1.43776
1.8192
1.21507
1.52653
1.10511
1.84118
1.20717
1.69033
1.30557
1.63059
1.22642
1.39352
1.09395
1.8281
1.23705
1.79822
1.43056
1.89343
1.22507
1.92902
1.09934
2.52691
1.23036
2.51364
1.32222
2.52011
1.24894
2.74966
1.08771
2.55049
1.29932
2.71241
1.42489
2.58355
1.26645
2.61665
1.09774
2.53795
1.2777
2.15881
1.28782
2.11006
1.30513
1.79091
1.09439
1.49044
1.32865
1.71941
1.44358
1.88622
1.31138
1.75948
1.10106
2.25257
1.32724
2.49571
1.32569
2.33293
1.30878
2.33014
1.10563
2.12005
1.30218
2.17507
1.42124
2.40385
1.31465
2.47778
1.07636
2.29176
1.29983
2.44785
1.3175
2.34653
1.36837
2.62256
1.09354
2.15228
1.36497
1.98031
1.44061
2.08655
1.2994
1.81941
1.08743
1.3857
1.36541
1.2828
1.31591
1.24092
1.41061
1.97594
1.09258
1.57704
1.37678
1.4455
1.36524
1.08186
1.38876
1.31737
1.39627
1.10017
1.15087
1.36705
1.4327
1.44592
1.77581
1.36133
1.98923
1.10025
1.85273
1.35822
1.91938
1.31042
2.04511
1.38093
2.51424
1.10065
2.03123
1.42117
2.04657
1.60199
2.58296
1.4208
2.61839
1.10601
2.68733
1.37278
2.72069
1.38541
2.48743
1.39528
2.48559
1.12015
2.53065
1.43502
2.43752
1.5794
2.19284
1.37873
1.86697
1.12185
1.75877
1.42866
2.0575
1.40035
2.17891
1.34077
1.8061
1.0843
2.36148
1.37711
2.57943
1.62914
2.57338
1.33266
2.46563
1.11429
2.32515
1.34631
2.78901
1.4109
2.75491
1.34803
2.86815
1.08001
2.85309
1.38915
3.01085
1.58375
2.98504
1.443
3.13808
1.07944
3.15829
1.41254
3.20801
1.36394
3.14338
1.39691
3.08828
1.08129
3.22761
1.39268
3.27919
1.61237
3.2098
1.39571
3.19271
1.09484
3.25229
1.42814
3.19382
1.35702
3.22252
1.43307
3.27323
1.12419
3.20703
1.42915
3.23705
1.58607
2.89495
1.39162
3.04332
1.11756
3.03859
1.4686
3.0669
1.37002
2.80653
1.52101
2.82374
1.09011
2.32634
1.47164
2.26718
1.58208
2.32133
1.51831
1.80769
1.1135
1.67931
1.53205
2.08353
1.32361
2.36003
1.47967
2.46105
1.09482
2.45223
1.52264
2.45495
1.52773
2.31275
1.48992
2.12766
1.1154
1.62425
1.47558
1.47219
1.28467
1.31235
1.46879
1.62101
1.10744
1.80553
1.44076
2.13859
1.43592
2.12778
1.49726
2.21441
1.1213
2.33477
1.46843
2.35205
1.29022
2.33185
1.47178
2.10431
1.11578
2.25066
1.44791
2.39345
1.46835
2.20971
1.52521
2.31978
1.09329
2.31336
1.49828
2.1487
1.31846
2.01417
1.45368
2.08598
1.09404
2.08288
1.43925
2.26317
1.45683
2.51607
1.43855
2.65562
1.09444
2.7109
1.41392
2.77506
1.3881
2.02218
1.47373
2.09138
1.17988
2.13023
1.42493
2.1811
1.51348
