0.08
0.80
1.36
1.92
2.49
3.03
3.60
4.17
4.72
5.27
5.83
6.40
6.97
7.55
8.11
8.67
9.24
9.80
10.36
10.91
11.47
12.03
12.58
13.14
13.70
14.27
14.83
15.39
15.94
16.50
17.06
17.62
18.16
18.73
19.29
19.85
20.40
20.95
21.53
22.08
22.64
23.19
23.74
24.29
24.84
25.40
25.95
26.51
27.08
27.63
28.18
28.73
29.27
29.82
30.40
30.96
31.50
32.05
32.59
33.13
33.66
34.20
34.73
35.25
35.78
36.30
36.82
37.34
37.87
38.39
38.91
39.44
39.96
40.48
41.00
41.52
42.05
42.58
43.10
43.62
44.14
44.66
45.18
45.72
46.24
46.76
47.28
47.80
48.33
48.85
49.37
49.88
50.39
50.91
51.43
51.95
52.47
52.99
53.50
54.02
54.54
55.05
55.57
56.09
56.61
57.13
57.65
58.17
58.68
59.20
59.71
59.75
60.26
60.29
60.81
60.84
61.36
61.39
61.39
61.40
61.91
61.94
61.94
61.95
62.46
62.49
62.49
62.50
63.01
63.04
63.04
63.05
63.56
63.59
63.60
63.60
64.11
64.15
64.67
64.70
65.21
65.25
65.76
65.79
65.80
66.31
66.34
66.34
66.35
66.86
66.89
66.89
66.89
67.41
67.44
67.44
67.45
67.96
67.99
67.99
68.00
68.51
68.54
68.54
68.55
69.06
69.09
69.10
69.10
69.61
69.64
69.65
69.65
70.17
70.20
70.20
70.20
70.72
70.75
70.75
70.76
71.27
71.30
71.31
71.31
71.82
71.85
71.86
71.86
72.38
72.41
72.41
72.41
72.93
72.96
72.97
72.97
73.49
73.52
73.52
73.52
74.04
74.07
74.07
74.08
74.59
74.62
74.63
74.63
75.14
75.18
75.18
75.18
75.70
75.73
75.73
75.74
76.25
76.28
76.29
76.29
76.81
76.84
76.85
76.85
77.36
77.40
77.40
77.40
77.92
77.95
77.95
77.96
78.47
78.50
78.51
78.51
79.03
79.06
79.06
79.06
79.58
79.61
79.62
79.62
80.14
80.17
80.18
80.18
80.70
80.73
80.74
80.74
81.26
81.29
81.29
81.30
81.82
81.85
81.85
81.86
81.86
81.86
82.38
82.41
82.42
82.42
82.42
82.43
82.45
82.45
82.97
83.00
83.00
83.01
83.01
83.01
83.02
83.02
83.54
83.57
83.57
83.58
83.58
83.58
83.59
84.10
84.13
84.14
84.14
84.14
84.15
84.15
84.15
84.64
84.67
84.68
84.68
84.68
84.69
84.69
84.69
85.17
85.20
85.21
85.21
85.22
85.22
85.22
85.22
85.70
85.74
85.74
85.74
85.75
85.75
85.75
85.76
86.25
86.28
86.28
86.28
86.29
86.29
86.30
86.30
86.78
86.82
86.82
86.82
86.83
86.84
86.84
86.84
87.33
87.36
87.36
87.36
87.37
87.38
87.38
87.38
87.87
87.90
87.90
87.91
87.92
87.92
87.92
87.92
88.41
88.44
88.45
88.45
88.46
88.46
88.47
88.47
88.96
88.99
88.99
89.00
89.01
89.01
89.01
89.02
89.54
89.57
89.58
89.58
89.59
89.59
89.60
89.60
90.13
90.16
90.17
90.17
90.18
90.19
90.19
90.19
90.72
90.75
90.75
90.75
90.77
90.77
90.78
90.78
91.30
91.34
91.34
91.35
91.36
91.36
91.37
91.37
91.90
91.93
91.94
91.94
91.95
91.96
91.96
91.97
92.49
92.52
92.52
92.53
92.54
92.55
92.58
92.58
93.11
93.14
93.15
93.15
93.17
93.17
93.21
93.21
93.73
93.77
93.77
93.78
93.80
93.80
93.84
93.84
94.37
94.40
94.41
94.41
94.46
94.47
94.47
94.48
95.00
95.04
95.05
95.05
95.10
95.10
95.11
95.11
95.64
95.68
95.68
95.69
95.74
95.74
95.75
95.75
96.28
96.32
96.32
96.33
96.38
96.38
96.39
96.39
96.93
96.96
96.97
96.97
97.02
97.03
97.03
97.04
97.56
97.60
97.61
97.61
97.66
97.67
97.67
97.68
98.20
98.24
98.25
98.25
98.31
98.31
98.32
98.32
98.86
98.90
98.91
98.91
98.97
98.97
98.98
98.98
99.52
99.56
99.57
99.57
99.63
99.63
99.64
99.65
100.19
100.22
100.23
100.24
100.30
100.30
100.31
100.31
100.85
100.89
100.90
100.90
100.97
100.97
100.98
100.99
101.52
101.56
101.57
101.57
101.64
101.64
101.65
101.65
102.20
102.23
102.24
102.25
102.31
102.31
102.32
102.33
102.88
102.91
102.92
102.93
102.99
103.00
103.01
103.01
103.56
103.60
103.61
103.61
103.68
103.68
103.70
103.70
104.25
104.28
104.30
104.30
104.37
104.37
104.38
104.39
104.92
104.96
104.97
104.98
105.05
105.05
105.06
105.07
105.61
105.64
105.66
105.66
105.73
105.73
105.75
105.75
106.29
106.33
106.34
106.34
106.41
106.42
106.43
106.44
106.98
107.01
107.03
107.03
107.10
107.11
107.12
107.13
107.67
107.71
107.72
107.73
107.80
107.81
107.82
107.82
108.37
108.40
108.42
108.42
108.50
108.50
108.52
108.52
109.07
109.11
109.13
109.13
109.21
109.21
109.23
109.23
109.78
109.82
109.84
109.84
109.92
109.93
109.94
109.98
110.53
110.57
110.59
110.59
110.67
110.67
110.69
110.73
111.27
111.33
111.35
111.35
111.43
111.43
111.49
111.49
112.03
112.07
112.09
112.12
112.20
112.21
112.26
112.27
112.81
112.84
112.86
112.90
112.98
112.99
113.04
113.05
113.59
113.63
113.66
113.70
113.78
113.79
113.84
113.85
114.39
114.43
114.48
114.49
114.57
114.58
114.63
114.64
115.19
115.23
115.23
115.29
115.29
115.30
115.30
115.39
115.39
115.40
115.40
115.45
115.46
115.46
115.46
116.01
116.05
116.06
116.06
116.11
116.12
116.12
116.13
116.22
116.22
116.22
116.28
116.28
116.29
116.84
116.88
116.93
116.94
117.03
117.04
117.10
117.10
117.65
117.69
117.75
117.75
117.85
117.85
117.91
117.92
118.49
118.54
118.60
118.60
118.70
118.71
118.77
118.78
119.35
119.40
119.40
119.46
119.46
119.47
119.47
119.57
119.57
119.59
119.65
119.66
119.66
120.24
120.28
120.29
120.29
120.35
120.35
120.36
120.37
120.47
120.47
120.48
120.48
120.54
120.54
120.55
120.56
121.14
121.17
121.18
121.18
121.25
121.25
121.26
121.26
121.36
121.37
121.38
121.38
121.44
121.45
121.46
121.46
122.03
122.07
122.08
122.08
122.15
122.15
122.16
122.16
122.27
122.27
122.28
122.28
122.35
122.35
122.36
122.36
122.94
122.98
122.99
123.00
123.06
123.06
123.07
123.08
123.18
123.18
123.19
123.20
123.26
123.26
123.28
123.28
123.86
123.91
123.91
123.98
123.98
123.99
123.99
124.10
124.10
124.12
124.12
124.19
124.19
124.20
124.20
124.79
124.83
124.84
124.85
124.91
124.93
125.04
125.05
125.12
125.13
125.13
125.73
125.77
125.78
125.78
125.86
125.86
125.87
125.88
125.99
125.99
126.00
126.01
126.08
126.08
126.09
126.09
126.69
126.73
126.74
126.75
126.82
126.82
126.83
126.83
126.95
126.95
126.96
127.03
127.04
127.05
127.64
127.68
127.70
127.70
127.77
127.77
127.78
127.79
127.90
127.91
127.92
127.92
127.99
127.99
128.01
128.01
128.60
128.64
128.65
128.66
128.73
128.73
128.74
128.75
128.86
128.87
128.88
128.88
128.95
128.96
128.97
128.97
129.57
129.61
129.62
129.62
129.69
129.70
129.71
129.71
129.83
129.83
129.84
129.85
129.92
129.92
129.93
129.94
130.53
130.57
130.58
130.58
130.66
130.66
130.67
130.67
130.79
130.80
130.81
130.81
130.88
130.89
130.90
130.90
131.49
131.53
131.54
131.54
131.62
131.63
131.64
131.64
131.76
131.76
131.78
131.78
131.85
131.86
131.87
131.87
132.46
132.50
132.51
132.52
132.59
132.59
132.60
132.61
132.73
132.73
132.74
132.75
132.82
132.83
133.42
133.46
133.48
133.55
133.56
133.69
133.70
133.70
133.78
133.78
133.79
133.79
134.39
134.43
134.44
134.44
134.52
134.52
134.54
134.54
134.66
134.67
134.70
134.70
134.77
134.78
134.79
134.79
135.37
135.41
135.43
135.43
135.50
135.51
135.52
135.52
135.64
135.65
135.66
135.66
135.74
135.74
135.75
135.76
136.35
136.38
136.40
136.40
136.48
136.48
136.49
136.49
136.62
136.62
136.63
136.64
136.72
136.72
136.74
136.74
137.33
137.37
137.38
137.39
137.46
137.47
137.48
137.48
137.61
137.61
137.62
137.63
137.70
137.71
137.72
137.72
138.31
138.36
138.36
138.44
138.44
138.46
138.46
138.58
138.59
138.60
138.60
138.68
138.68
138.70
138.70
139.28
139.32
139.34
139.34
139.42
139.42
139.44
139.44
139.57
139.57
139.59
139.59
139.67
139.67
139.69
139.69
140.28
140.32
140.33
140.33
140.42
140.42
140.44
140.44
140.57
140.57
140.59
140.59
140.67
140.67
140.69
140.69
141.29
141.33
141.34
141.35
141.43
141.43
141.45
141.45
141.59
141.59
141.60
141.61
141.69
141.70
141.72
141.72
142.32
142.36
142.37
142.38
142.46
142.47
142.48
142.49
142.62
142.62
142.64
142.64
142.72
142.73
142.74
142.75
143.33
143.37
143.39
143.39
143.48
143.48
143.50
143.50
143.63
143.64
143.65
143.66
143.74
143.74
143.76
143.76
144.35
144.40
144.41
144.42
144.50
144.50
144.52
144.53
144.66
144.66
144.68
144.68
144.77
144.77
144.79
144.79
145.39
145.43
145.44
145.45
145.53
145.54
145.55
145.56
145.69
145.69
145.71
145.71
145.80
145.80
145.82
145.83
146.42
146.46
146.48
146.48
146.57
146.57
146.59
146.59
146.73
146.74
146.76
146.76
146.85
146.85
146.87
146.87
147.47
147.52
147.53
147.54
147.62
147.63
147.64
147.65
147.78
147.79
147.80
147.81
147.90
147.90
147.92
147.92
148.51
148.55
148.57
148.57
148.66
148.66
148.68
148.69
148.82
148.84
148.84
148.94
148.94
148.96
148.96
149.56
149.60
149.62
149.63
149.72
149.72
149.74
149.74
149.88
149.88
149.90
149.90
149.99
150.00
150.01
150.02
150.62
150.66
150.68
150.68
150.77
150.78
150.79
150.80
150.93
150.94
150.95
150.96
151.05
151.05
151.07
151.08
151.68
151.72
151.74
151.74
151.83
151.83
151.85
151.86
152.00
152.00
152.02
152.02
152.12
152.12
152.14
152.14
152.75
152.79
152.81
152.82
152.91
152.91
152.93
152.93
153.08
153.08
153.10
153.10
153.20
153.20
153.22
153.22
153.83
153.87
153.89
153.90
153.99
153.99
154.01
154.03
154.17
154.18
154.19
154.20
154.29
154.29
154.31
154.31
154.90
154.95
154.96
154.97
155.06
155.06
155.08
155.08
155.23
155.23
155.25
155.25
155.34
155.35
155.37
155.37
155.96
156.01
156.03
156.03
156.13
156.15
156.29
156.29
156.31
156.31
156.41
156.41
156.43
156.43
157.04
157.08
157.10
157.11
157.20
157.21
157.23
157.23
157.38
157.38
157.40
157.40
157.50
157.50
157.52
157.53
158.13
158.20
158.29
158.31
158.32
158.46
158.46
158.49
158.49
158.59
158.59
158.61
158.61
159.22
159.26
159.29
159.29
159.39
159.39
159.41
159.42
159.56
159.57
159.59
159.59
159.69
159.70
159.72
159.73
160.34
160.38
160.40
160.41
160.50
160.51
160.53
160.53
160.68
160.69
160.71
160.71
160.81
160.81
160.84
160.84
161.45
161.49
161.52
161.52
161.62
161.62
161.64
161.65
161.80
161.80
161.82
161.83
161.93
161.93
161.96
161.96
162.58
162.63
162.66
162.66
162.77
162.77
162.80
162.80
162.96
162.96
162.99
162.99
163.10
163.10
163.12
163.13
163.74
163.79
163.81
163.82
163.92
163.92
163.95
163.95
164.10
164.11
164.14
164.14
164.25
164.25
164.27
164.28
164.89
164.94
164.96
164.97
165.07
165.08
165.10
165.11
165.26
165.27
165.29
165.29
165.40
165.40
165.43
165.43
166.05
166.09
166.12
166.12
166.23
166.23
166.26
166.26
166.42
166.42
166.44
166.45
166.55
166.56
166.58
166.59
167.20
167.25
167.28
167.28
167.39
167.39
167.42
167.42
167.58
167.58
167.61
167.61
167.72
167.72
167.75
167.75
168.38
168.43
168.46
168.46
168.56
168.57
168.59
168.60
168.75
168.76
168.79
168.79
168.89
168.90
168.92
168.93
169.55
169.59
169.62
169.62
169.73
169.73
169.76
169.77
169.93
169.93
169.96
169.97
170.08
170.09
170.11
170.12
170.12
