0000032768
0000032768
0000032768
0000032768
0000032768
0000032768
0000032768
0000032768
0000032768
0000032768
0000032768
0000032768
0000032768
0000032768
0000032768
0000032768
0000032768
0000032768
0000032768
0000032768
0000032768
0000032768
0000032768
0000032768
0000032768
0000032768
0000032768
0000032768
0000032768
0000032768
0000032768
0000032768
0000032768
0000032768
0000032768
0000032768
0000032768
0000032768
0000032768
0000032768
0000032768
0000032768
0000032768
0000032768
0000032768
0000032768
0000032768
0000032768
0000032768
0000032768
0000032768
0000032768
0000032768
0000032768
0000032768
0000032768
0000032768
0000032768
0000032768
0000032768
0000032768
0000032768
0000032768
0000032768
0000032768
0000032768
0000032768
0000032768
0000032768
0000032768
0000032768
0000032768
0000032768
0000032768
0000032768
0000032768
0000032768
0000032768
0000032768
0000032768
0000032768
0000032768
0000032768
0000032768
0000032768
0000032768
0000032768
0000032768
0000032768
0000032768
0000032768
0000032768
0000032768
0000032768
0000032768
0000032768
0000032768
0000032768
0000032768
0000032768
0000032768
0000032768
0000032768
0000032768
0000032768
0000032768
0000032768
0000032768
0000032768
0000032768
0000032768
0000000001
0000032768
0000000002
0000032768
0000000003
0000032768
0000000002
0000000004
0000000002
0000032768
0000000002
0000000004
0000000002
0000032768
0000000004
0000000004
0000000004
0000032768
0000000002
0000000004
0000000002
0000032768
0000000002
0000000004
0000000002
0000032768
0000000004
0000032768
0000000005
0000032768
0000000004
0000032768
0000000004
0000000002
0000032768
0000000002
0000000005
0000000002
0000032768
0000000002
0000000006
0000000002
0000032768
0000000003
0000000008
0000000004
0000032768
0000000002
0000000012
0000000001
0000032768
0000000004
0000000014
0000000004
0000032768
0000000005
0000000017
0000000006
0000032768
0000000006
0000000015
0000000006
0000032768
0000000009
0000000015
0000000010
0000032768
0000000008
0000000018
0000000008
0000032768
0000000007
0000000025
0000000006
0000032768
0000000005
0000000031
0000000005
0000032768
0000000006
0000000038
0000000006
0000032768
0000000009
0000000051
0000000016
0000032768
0000000016
0000000056
0000000014
0000032768
0000000020
0000000066
0000000024
0000032768
0000000028
0000000075
0000000025
0000032768
0000000031
0000000083
0000000036
0000032768
0000000038
0000000100
0000000038
0000032768
0000000027
0000000114
0000000029
0000032768
0000000031
0000000132
0000000037
0000032768
0000000035
0000000156
0000000033
0000032768
0000000045
0000000176
0000000054
0000032768
0000000059
0000000195
0000000055
0000032768
0000000055
0000000213
0000000066
0000032768
0000000067
0000000237
0000000064
0000032768
0000000074
0000000277
0000000077
0000032768
0000000085
0000000316
0000000086
0000032768
0000000086
0000000349
0000000098
0000032768
0000000102
0000000390
0000000001
0000000116
0000000003
0000032768
0000000005
0000000129
0000000006
0000000437
0000000006
0000000133
0000000005
0000032768
0000000006
0000000145
0000000005
0000000481
0000000003
0000000147
0000000001
0000032768
0000000144
0000000001
0000000544
0000000001
0000000160
0000000003
0000032768
0000000003
0000000171
0000000003
0000000598
0000000002
0000000189
0000000003
0000032768
0000000004
0000000197
0000000008
0000000664
0000000009
0000000206
0000000007
0000032768
0000000008
0000000211
0000000008
0000000718
0000000009
0000000223
0000000011
0000032768
0000000009
0000000233
0000000009
0000000776
0000000006
0000000229
0000000009
0000032768
0000000009
0000000241
0000000009
0000000851
0000000010
0000000244
0000000010
0000032768
0000000010
0000000268
0000000013
0000000948
0000000017
0000000277
0000000013
0000032768
0000000014
0000000279
0000000015
0000001043
0000000012
0000000301
0000000013
0000032768
0000000012
0000000313
0000000012
0000001141
0000000013
0000000351
0000000013
0000032768
0000000011
0000000383
0000000007
0000001239
0000000004
0000000379
0000000003
0000032768
0000000003
0000000389
0000000003
0000001372
0000000006
0000000414
0000000008
0000032768
0000000010
0000000434
0000000014
0000001498
0000000014
0000000436
0000000014
0000032768
0000000016
0000000426
0000000015
0000001602
0000000012
0000000438
0000000014
0000032768
0000000014
0000000462
0000000017
0000001724
0000000016
0000000502
0000000017
0000032768
0000000017
0000000520
0000000021
0000001863
0000000019
0000000551
0000000023
0000032768
0000000025
0000000579
0000000026
0000001991
0000000028
0000000598
0000000034
0000032768
0000000038
0000000625
0000000039
0000002102
0000000042
0000000641
0000000038
0000032768
0000000048
0000000670
0000000052
0000002244
0000000058
0000000709
0000000052
0000032768
0000000049
0000000743
0000000060
0000002396
0000000064
0000000768
0000000068
0000032768
0000000071
0000000796
0000000059
0000002585
0000000055
0000000809
0000000052
0000032768
0000000045
0000000841
0000000039
0000002774
0000000038
0000000854
0000000040
0000032768
0000000042
0000000869
0000000043
0000002962
0000000042
0000000875
0000000043
0000032768
0000000039
0000000901
0000000041
0000003166
0000000048
0000000931
0000000041
0000032768
0000000046
0000000952
0000000059
0000003353
0000000051
0000000967
0000000052
0000032768
0000000055
0000001040
0000000047
0000003526
0000000050
0000001089
0000000047
0000032768
0000000041
0000001152
0000000045
0000003731
0000000044
0000001208
0000000040
0000032768
0000000048
0000001222
0000000056
0000003932
0000000060
0000001252
0000000058
0000032768
0000000054
0000001288
0000000049
0000004145
0000000051
0000001319
0000000054
0000032768
0000000063
0000001333
0000000062
0000004375
0000000073
0000001342
0000000080
0000032768
0000000077
0000001355
0000000084
0000004584
0000000080
0000001405
0000000082
0000032768
0000000092
0000001466
0000000088
0000004825
0000000095
0000001526
0000000096
0000032768
0000000093
0000001601
0000000105
0000005038
0000000112
0000001651
0000000118
0000032768
0000000130
0000001682
0000000133
0000005247
0000000144
0000001751
0000000158
0000032768
0000000155
0000001816
0000000169
0000005485
0000000170
0000001879
0000000160
0000032768
0000000160
0000001908
0000000168
0000005717
0000000157
0000001938
0000000166
0000032768
0000000168
0000001975
0000000159
0000005949
0000000164
0000002061
0000000162
0000032768
0000000154
0000002120
0000000163
0000006182
0000000190
0000002134
0000000188
0000032768
0000000188
0000002156
0000000180
0000006367
0000000186
0000002193
0000000184
0000032768
0000000191
0000002240
0000000197
0000006558
0000000211
0000002255
0000000219
0000032768
0000000226
0000002308
0000000224
0000006779
0000000232
0000002326
0000000235
0000032768
0000000240
0000002411
0000000254
0000006997
0000000250
0000002505
0000000247
0000032768
0000000236
0000002594
0000000251
0000007213
0000000246
0000002627
0000000245
0000032768
0000000269
0000002680
0000000299
0000007425
0000000302
0000002713
0000000298
0000032768
0000000320
0000002797
0000000322
0000007631
0000000317
0000002861
0000000332
0000032768
0000000341
0000002928
0000000329
0000007890
0000000319
0000002975
0000000346
0000032768
0000000341
0000003018
0000000349
0000008138
0000000352
0000003046
0000000349
0000032768
0000000346
0000003092
0000000358
0000008375
0000000338
0000003171
0000000324
0000032768
0000000334
0000003233
0000000336
0000008625
0000000365
0000003269
0000000367
0000032768
0000000391
0000003367
0000000412
0000008857
0000000427
0000003414
0000000421
0000032768
0000000445
0000000002
0000003483
0000000004
0000000461
0000000005
0000009077
0000000004
0000000472
0000000006
0000003534
0000000004
0000000502
0000000004
0000032768
0000000007
0000000530
0000000005
0000003595
0000000002
0000000539
0000000001
0000009299
0000000553
0000000001
0000003675
0000000001
0000000561
0000032768
0000000576
0000003761
0000000582
0000009499
0000000596
0000003831
0000000596
0000032768
0000000596
0000003888
0000000607
0000009682
0000000603
0000003970
0000000618
0000032768
0000000649
0000004020
0000000662
0000009908
0000000675
0000004084
0000000713
0000032768
0000000737
0000000001
0000004128
0000000001
0000000758
0000000001
0000010135
0000000001
0000000756
0000004149
0000000757
0000000001
0000032768
0000000001
0000000762
0000000001
0000004190
0000000001
0000000764
0000000003
0000010360
0000000001
0000000801
0000000004
0000004243
0000000012
0000000820
0000000015
0000032768
0000000016
0000000834
0000000019
0000004324
0000000018
0000000863
0000000019
0000010540
0000000016
0000000851
0000000017
0000004375
0000000022
0000000863
0000000017
0000032768
0000000014
0000000884
0000000013
0000004422
0000000011
0000000875
0000000008
0000010734
0000000001
0000000877
0000000002
0000004461
0000000002
0000000881
0000000003
0000032768
0000000005
0000000909
0000000005
0000004547
0000000003
0000000911
0000000004
0000010963
0000000003
0000000913
0000000005
0000004622
0000000004
0000000938
0000000001
0000032768
0000000959
0000000003
0000004673
0000000002
0000000984
0000000004
0000011170
0000000003
0000000994
0000000003
0000004645
0000000004
0000001001
0000000005
0000032768
0000000003
0000000996
0000000003
0000004730
0000000979
0000011343
0000000982
0000004761
0000001000
0000000001
0000032768
0000000003
0000000995
0000000004
0000004829
0000000007
0000000991
0000000008
0000011537
0000000009
0000000976
0000000008
0000004894
0000000007
0000000979
0000000008
0000032768
0000000005
0000000990
0000000005
0000004984
0000000005
0000000966
0000000004
0000011726
0000000002
0000000954
0000005035
0000000001
0000000961
0000032768
0000000001
0000000975
0000000001
0000005119
0000000003
0000000965
0000000004
0000011899
0000000001
0000000952
0000000003
0000005177
0000000004
0000000946
0000000005
0000032768
0000000006
0000000957
0000000006
0000005297
0000000008
0000000943
0000000010
0000012108
0000000012
0000000956
0000000008
0000005284
0000000009
0000000971
0000000012
0000032768
0000000013
0000000959
0000000013
0000005339
0000000012
0000000972
0000000008
0000012258
0000000008
0000000983
0000000008
0000005325
0000000008
0000000973
0000000007
0000032768
0000000011
0000000981
0000000016
0000005363
0000000016
0000000991
0000000013
0000012405
0000000008
0000000987
0000000004
0000005418
0000000006
0000000983
0000000007
0000032768
0000000006
0000000992
0000000010
0000005494
0000000012
0000000985
0000000009
0000012566
0000000010
0000000993
0000000009
0000005514
0000000005
0000000999
0000000005
0000032768
0000000007
0000001019
0000000002
0000005590
0000000001
0000000999
0000000004
0000012666
0000000003
0000000997
0000000001
0000005617
0000000987
0000032768
0000000001
0000000985
0000005711
0000000985
0000012806
0000000990
0000000002
0000005736
0000000002
0000001008
0000000002
0000032768
0000000001
0000001018
0000000003
0000005809
0000000004
0000001018
0000000008
0000012974
0000000016
0000001054
0000000014
0000005870
0000000012
0000001078
0000000014
0000032768
0000000010
0000001108
0000000007
0000005918
0000000006
0000001142
0000000008
0000013121
0000000017
0000001174
0000000022
0000005972
0000000027
0000001202
0000000024
0000032768
0000000022
0000001240
0000000019
0000006001
0000000018
0000001262
0000000021
0000013260
0000000019
0000001275
0000000018
0000006033
0000000016
0000001298
0000000011
0000032768
0000000007
0000001305
0000000007
0000006092
0000000007
0000001308
0000000011
0000013372
0000000008
0000001323
0000000002
0000006175
0000000001
0000001340
0000000002
0000032768
0000001359
0000000002
0000006218
0000000006
0000001386
0000000003
0000013493
0000000001
0000001390
0000000001
0000006270
0000000002
0000001421
0000000003
0000032768
0000000004
0000001432
0000000005
0000006365
0000000008
0000001455
0000000009
0000013614
0000000006
0000001466
0000000008
0000006399
0000000004
0000001484
0000000002
0000032768
0000000006
0000001480
0000000009
0000006479
0000000012
0000001513
0000000012
0000013721
0000000011
0000001511
0000000012
0000006499
0000000011
0000001499
0000000010
0000032768
0000000014
0000001505
0000000015
0000006568
0000000015
0000001512
0000000027
0000013826
0000000025
0000001533
0000000029
0000006609
0000000032
0000001551
0000000030
0000032768
0000000033
0000001537
0000000039
0000006665
0000000034
0000001553
0000000034
0000013899
0000000032
0000001555
0000000025
0000006669
0000000027
0000001588
0000000025
0000032768
0000000029
0000001588
0000000031
0000006719
0000000037
0000001599
0000000024
0000013963
0000000023
0000001621
0000000014
0000006795
0000000015
0000001612
0000000013
0000032768
0000000019
0000001638
0000000022
0000006848
0000000022
0000001621
0000000035
0000014034
0000000035
0000001645
0000000033
0000006896
0000000033
0000001677
0000000018
0000032768
0000000018
0000001670
0000000020
0000006941
0000000015
0000001672
0000000011
0000014099
0000000013
0000001664
0000000019
0000006955
0000000026
0000001664
0000000025
0000032768
0000000026
0000001682
0000000031
0000006986
0000000037
0000001685
0000000032
0000014167
0000000035
0000001686
0000000025
0000007047
0000000011
0000001654
0000000006
0000032768
0000000006
0000001664
0000000011
0000007093
0000000015
0000001676
0000000019
0000014184
0000000017
0000001668
0000000020
0000007136
0000000022
0000001666
0000000013
0000032768
0000000012
0000001686
0000000006
0000007256
0000000001
0000001688
0000000002
0000014280
0000001696
0000000002
0000007286
0000000004
0000001679
0000000007
0000032768
0000000007
0000001669
0000000010
0000007288
0000000007
0000001638
0000000007
0000014325
0000000003
0000001610
0000000002
0000007297
0000000002
0000001575
0000000005
0000032768
0000000004
0000001541
0000000005
0000007338
0000000005
0000001538
0000000009
0000014380
0000000011
0000001553
0000000010
0000007311
0000000009
0000001529
0000000005
0000032768
0000000005
0000001537
0000000010
0000007297
0000000021
0000001523
0000000024
0000014383
0000000023
0000001559
0000000021
0000007290
0000000022
0000001543
0000000020
0000032768
0000000017
0000001533
0000000015
0000007312
0000000009
0000001535
0000000003
0000014419
0000000002
0000001516
0000000003
0000007347
0000000003
0000001496
0000000004
0000032768
0000000004
0000001504
0000000005
0000007362
0000000005
0000001534
0000000001
0000014451
0000000004
0000001519
0000000010
0000007336
0000000016
0000001508
0000000013
0000032768
0000000016
0000001525
0000000020
0000007391
0000000024
0000001510
0000000019
0000014465
0000000020
0000001523
0000000014
0000007441
0000000013
0000001521
0000000003
0000032768
0000000002
0000001522
0000000001
0000007431
0000001542
0000014436
0000000001
0000001553
0000000004
0000007473
0000000006
0000001577
0000000009
0000032768
0000000008
0000001598
0000000010
0000007502
0000000010
0000001628
0000000013
0000014444
0000000011
0000001650
0000000011
0000007470
0000000005
0000001656
0000000001
0000032768
0000001684
0000007509
0000001715
0000000001
0000014398
0000000005
0000001709
0000000010
0000007488
0000000013
0000001707
0000000023
0000032768
0000000039
0000001723
0000000046
0000007497
0000000062
0000001773
0000000071
0000014406
0000000075
0000001761
0000000076
0000007451
0000000078
0000001766
0000000074
0000032768
0000000074
0000001765
0000000080
0000007436
0000000084
0000001728
0000000094
0000014421
0000000092
0000001740
0000000094
0000007396
0000000093
0000001738
0000000080
0000032768
0000000080
0000001749
0000000070
0000007413
0000000056
0000001763
0000000054
0000014404
0000000056
0000001773
0000000062
0000007408
0000000078
0000001775
0000000097
0000032768
0000000124
0000001787
0000000141
0000007398
0000000156
0000001766
0000000163
0000014400
0000000157
0000001759
0000000139
0000007391
0000000117
0000001771
0000000088
0000032768
0000000073
0000001792
0000000059
0000007376
0000000054
0000001824
0000000051
0000014429
0000000052
0000001829
0000000059
0000007349
0000000066
0000001820
0000000070
0000032768
0000000068
0000001832
0000000075
0000007323
0000000074
0000001877
0000000075
0000014418
0000000082
0000001902
0000000080
0000007289
0000000075
0000001895
0000000070
0000032768
0000000067
0000001930
0000000054
0000007320
0000000041
0000001944
0000000037
0000014379
0000000032
0000001954
0000000025
0000007213
0000000029
0000001972
0000000030
0000032768
0000000046
0000001974
0000000062
0000007236
0000000061
0000001974
0000000056
0000014366
0000000050
0000001993
0000000029
0000007200
0000000021
0000001981
0000000010
0000032768
0000000013
0000001979
0000000012
0000007184
0000000010
0000001990
0000000006
0000014367
0000000003
0000001984
0000000010
0000007154
0000000018
0000001989
0000000031
0000032768
0000000053
0000001986
0000000076
0000007152
0000000108
0000001972
0000000153
0000014341
0000000197
0000001953
0000000233
0000007122
0000000255
0000001951
0000000276
0000032768
