111456
107705
108344
108354
107516
107986
109098
107759
108182
108186
108317
108916
108377
108491
107549
108307
108450
108449
108584
107637
108636
108647
108401
108311
108332
108184
109010
108507
109422
108980
107570
108978
108039
108812
108215
107494
108636
108727
107870
109161
108545
107538
108560
109066
108291
108006
109149
109398
107725
108851
109174
108379
108978
109314
109041
108635
107877
108679
108128
109996
110329
111025
111479
111041
110946
111344
111724
111691
111658
112207
111471
111576
111677
111407
112307
111819
112529
112239
112342
112749
112362
113549
112770
113236
113191
114418
113550
114117
113454
114570
113739
114803
114652
116032
114238
114735
115871
114313
115083
114536
115785
114209
115638
115310
115676
116245
114893
116490
116587
116346
116460
4142.88
115561
8077.74
116961
11163
115422
7638.14
12987
8418
117879
7726.66
14291.5
8398.7
117428
14547.7
14951.1
14036.7
116383
8265.15
14256.1
8338.34
118144
8119.26
14506.3
8139.68
117384
12708.8
117892
15245.1
116458
12920.2
116701
6998.32
1476.34
117509
7469.15
16141.9
8315.39
117279
8022.66
18825.4
8379.91
117826
11031
21015.4
14228.1
118417
8190.88
26461
4126.84
118481
14464
34866.6
14781.1
116887
11937.4
37673
19795.8
117461
19523.5
37228.6
20341.1
118012
15465.9
31267.8
29551.7
117735
24507.4
38399
26083.1
116927
25345.8
41143.3
22565.7
116811
18550.1
46086.6
16819.3
117557
10887.2
36060.4
19118.9
116870
24092.8
62411.7
40981.1
116631
39238
62332.6
38459.8
117060
44435.8
66248.4
47632.5
117289
55978.7
67669.1
52131.6
117220
35814.2
53596.4
40813.9
117193
53329.1
60968.8
59166.4
117057
38945.5
52267.8
34726.2
117273
51226.5
69746.9
62100.1
117290
58178.6
70968.4
64709.7
117559
60766.8
62369.1
62049.1
116797
79243.3
72178.6
51325.5
116832
53081.5
73581.6
76888.3
115504
75039.4
73849.3
54013.5
116578
79264.9
75702.6
76750.1
116713
68893.2
76294.7
73566.1
117534
78023.9
75071.2
65809.6
116900
84626
77750.3
4423.1
87004.3
11289.1
116116
18303.8
89450.3
21243.9
76894.5
21613.4
93763.7
18391.7
116491
21656.1
99694.5
18916.8
77620.7
11426.9
96345
4432.78
115941
88287.8
4183.44
80375.2
4357.91
89223.1
12706
117601
11493.3
86320.4
12213.4
76697.1
8728.06
87239.6
12184.6
117511
15322.4
83348.6
26239.1
81655.3
28928.7
91529
23926.1
115796
24304.9
92473.9
27291.1
83657.9
29539.6
97664.1
33153.5
114955
24503.9
98225.6
26620.6
85165.3
20485.9
99102.6
27308.6
113697
11234.7
85970.9
24657.1
82466
23559.1
87164.1
12928
114389
23752.2
89133.1
17000.8
79468.9
28057.2
107966
31742.6
114315
32043.1
109117
33610.6
85494.8
29808.2
110270
24404.6
113722
29234.1
109907
30756.3
84843.7
33176
111005
34778.9
114687
29868.6
113306
24734.6
83533.4
14106.3
106748
11552.1
114200
11424.5
102466
12453.7
81759
21375.9
95335
25241.1
109689
28740.3
102549
34897.6
85417.6
36426.5
103908
37245.9
110192
35138.1
103861
34005.9
83081.9
27918
98960.4
28543.5
111060
30485.5
106885
33044.1
87278.9
35259.5
104349
35640.2
111543
35088.2
103038
39853
86111.8
33974.3
99127.6
39958.6
110941
38764
102668
41157.7
87845.8
43924
103016
51029.4
113979
52345.2
103642
51054.7
87100.2
52612.3
101277
52029.6
111261
57993
106057
60271.4
88706.3
67111.8
107188
63039.3
110962
56490.3
102839
62571
87504.6
68039.2
103941
76485.3
108749
60680.5
94402.7
51108.1
84083.3
54181.9
103741
53820.9
108857
38603.6
97430.7
47142.7
88844.4
46446
100195
37699.9
109530
52657.4
97674.9
51216
86039.7
50685.1
100424
54854.4
110027
50343.9
99489.7
53668.4
89280.6
62719.2
96065
59294
108881
60569.4
95747
70899.1
89973.8
64622.7
95610.5
60789
110454
63489.1
98636.2
56976.2
91230.5
54531.1
102577
54030.8
108222
57177.8
99565.2
56592.2
86802.2
58447.1
98089.8
58378.5
107014
59700.5
100868
52746.7
91315.8
51086
99736.2
48506.6
106031
53524.2
96793.2
53994.4
90947
56274.4
94242.7
60585
105754
64589
91278.6
61510.3
91386.2
61617.5
90655.4
59743.6
104968
58083.3
90755.2
58247.9
94534.4
69727.8
94023.9
70806.2
106232
67228.6
92630.2
65818.9
93567.1
62499.8
93028.8
64147.6
105161
66162.7
97327.3
68605
95411.4
64985.1
95878.6
62794.5
103713
66372.2
95881.2
62217
95848.7
62785.9
95989.2
64303.5
103709
65043.1
95365
64430.7
95326.1
64324
96223.6
67275
105237
63707.5
98261.4
65067.8
96485.6
67818.7
97056.8
69741.2
105722
72043.3
97043.5
68774.8
97009
71264.2
95849.4
71497.8
105557
74364.6
98289.6
81562.5
97058.7
77317
97476.4
74304.9
105764
76476.5
98509.3
76262.2
98050.5
77405
96353.2
74620.3
106018
77947.4
95705.7
74742.8
98385.1
73626.6
97219.9
67561.6
105590
71158.3
96653.5
71188
95850.2
74989.4
99719.1
74458.4
104670
71849.3
100472
71448.2
93721.8
69969.3
98502.3
69559.2
102983
73125.6
99298.2
73512.1
94010.8
71605.9
99527.3
74995.9
103032
82786.3
98601.2
84349.4
93771.3
80941
98801
81237.2
103089
84470.8
98677.3
80784
96318.1
82503.6
100093
81785.2
104155
87646.7
100881
83277.3
96417.9
81765.2
100719
85233.2
104656
85045.7
98845.7
82962.4
95749.1
83267
99894.3
88065.7
104060
86197.6
97924.6
84961.1
95136.7
81815.2
98120.4
81894
103343
81162.4
96242.7
79940.2
94986
81076.8
97298.3
78326.3
104285
77540.9
97082.9
71909.2
94004.1
73678.7
98343.8
74974.1
102963
72511.8
8779.09
97246.2
16891.7
72858.7
20354.3
94153.9
16981.4
73430.9
21834.1
98657.1
16901.5
71230.1
15961.3
102522
24890.8
75578.9
20333.6
98999.1
8750.36
75348.4
4476.84
93694.1
73449.2
2351.22
98032.9
4460.02
71765.1
102588
75590.4
98669.4
73766
93506.2
73041.7
98695.8
71722.7
102715
69807.4
97527.2
67997.8
91507.8
70061.4
96066.7
70329.4
101071
71026.8
94410.9
70091.6
90974.2
67950.2
96121.9
67306.7
99529.5
68918.5
4483.26
96709
4116.75
67504.9
4476.92
90385.2
2105.27
68539
95362.9
67350.3
4031.74
98846.3
1956.31
66117.3
4409.64
94757.8
4371.36
65463.1
13069.2
89253.4
4385.39
67724.9
13718.6
94344.2
27639.3
64490.7
29234.5
98708.7
29495.4
66543.1
31710.9
95258.5
30221.9
65186.6
29802.3
89485.7
28848.8
63867
29009.1
93027.2
32804.1
63055.2
28838.2
98970.5
27326.8
65059.7
27230.8
92338.5
25878.2
62762.3
22578.3
88525.6
4473.83
62801.9
9141.85
92622.6
9001.47
62572.9
12473.7
98010.9
17290.4
61935
17526.8
92686.3
12487.5
60699.2
11082.3
88255.7
13149.6
59846.9
18599.8
92556.3
15978.5
59872.4
4500.86
98212.3
61648.5
13082.2
90497.1
8797.32
60312.6
16727.6
85221.4
6101.13
61623.6
13464.1
88119.8
15864.5
61149.2
18037.9
95244.7
12887.5
61268.3
6249.77
88486.3
61150.2
83798.8
58661.3
87260.4
60185
4189.75
94272.4
11993.9
60342.8
15986.6
88322.4
26277.3
59925
26751.7
83043
30052.9
58459.2
18670
87715
25851.2
58874.4
14566.6
93826.2
9282.02
59381.7
19679.9
87379.7
19555.5
58638.1
14737.9
83265.2
8227.2
57340.9
87303.9
4386.16
57345.7
93834.5
4337.19
57384.8
4422.82
87148.5
12894.2
56622.1
16068.6
82865.9
4207.41
56028.3
11888.1
87708.7
16623
56646.4
20039.6
94295.7
22315
57504.2
22181.1
87237.6
20595.6
56138.7
25450.5
83105.3
23573.8
55728.7
21219.5
86100.3
19392.4
57615
24854.2
93660.8
20438.8
57585.5
25900.5
86652.1
24205.1
59146.2
21322.5
83027.8
18786
58438.2
21511.9
86223.7
21723
58973.1
20385
94126.1
24363.7
60112.6
25235
85843.4
29205.5
59484.6
20151.6
83099.5
22350.4
60710.1
15202.5
86159
19453.6
60237.5
19762.1
94440.4
19358.6
60817.1
25343.5
85829.3
26070.4
60447.8
23312.4
83145.7
23562.3
61211.8
21974.1
85497
16740.9
61075.1
17361.5
94492.8
20699
61744
5636.12
84562.2
2809.46
60682
15451.1
82343.3
13177.2
61633.3
4287.39
84583.5
60909.2
94115.3
4330.65
62949.1
84341.4
62468.5
81712.5
61341.7
8839.47
84178.3
8853.24
63288.2
8895.14
93397.4
4059.89
63262.2
12498.5
83849.3
16063.4
62640.8
16458.1
82042
32160.8
66241.3
30846.9
85654.1
20021.2
66279.4
29853.3
95276.2
25001.8
66749.2
21812.2
84542.2
19577.9
65117.6
21893.5
83867.5
28826.1
66195.2
29332.6
85334.1
30709.9
65788.5
31026.3
95131
30767.2
66769.3
29690.6
85413.4
28990.8
66075.1
27568.8
82257
29677.7
64393.3
28628.3
84329.5
28100.9
63932.8
24436.7
94549.7
20292.8
64528.1
23887.8
84793.1
22285.2
63340.2
26917
83959.1
23521.5
62837.8
8565.6
84807.9
4186.27
62675.2
8643.04
95588
63402.6
7116.68
83888
20208.6
63046.5
12613.5
83697.8
3968.22
62981.3
4267.96
84480.4
8606.37
62174.9
12847
96066.9
15422.7
62551.9
19070.6
84449.2
24539.9
60761.1
25125.8
83343.4
21515.1
61317.9
23625.4
84348.1
16309.9
61409.6
8705.04
94007.3
18180.5
60839.1
21466.8
83085.4
24560.5
60466.4
24017.3
81965.6
23508.9
60263
18609.7
83054.6
24827.2
58968.1
24017.3
92462.5
28563.6
59378.6
28537.6
83386.3
28155.8
58745.8
36019.2
80682.6
38408.9
59419.4
34736.8
82528.6
32395.7
58802.9
27027.2
90546.5
31281.9
59297.9
29336.3
82504.6
31539.8
58248.4
27567.6
80531.2
30217.7
58616.4
29651.8
83588.9
31075.4
59382.5
29227.3
92268.2
26421.6
59250.2
29752.9
82887.6
27329.8
59962.8
29866.3
81571.1
26814.7
59265
24554.9
82567.1
21102.9
59443.8
19399.7
91101.4
27777.3
60068.1
29876.2
81409.8
30727.5
58321.4
33837.8
80632.7
26466.6
59159.7
33133.1
81683.2
30660.7
59087.2
31599.7
91048.8
29830.5
60597.7
29708.5
81518.7
27050.5
59868.9
23454.5
80514.7
16493.3
59588.8
25154.2
81394.3
27013.4
59393.4
26177.4
91006.7
23209.8
60592.9
26496
80938.8
27241.4
59432.2
28518.9
79240.2
30969.4
59191.5
28054.1
79356.8
18808.6
58105.9
18613.8
89437.8
16533.6
59372.4
17094
80678.7
18667.7
59101.1
24524.2
79899.8
21724.4
58307.5
24294.2
79232.7
26568.8
58187.5
22953.8
90783.2
18005.6
58932.4
17271.8
80241.6
4283.46
57627.6
8665.29
79023.6
56606.9
7882.83
78548
14796.9
56926.6
18887.4
88688.1
18512.2
57543.8
21231.4
78776.8
18811.8
55712.5
18285.1
78839.3
12227.7
56112.4
6857.96
79144.4
8497.84
55254.2
15742
88545.4
13826.4
55491.6
11243.3
79178.9
16468
55097.9
13888.9
78714.2
22820.5
54336.5
20828.8
79069.1
19391.8
54491.3
16993.4
88204.6
16149.3
54536.6
21276.9
78494.2
25797.4
53738.7
25606.9
77402.6
21797.6
53559.3
25009.3
77649
26381.7
53040.5
25726.1
85548.6
20391.7
52609.3
20214.2
77180.8
22164.4
51883.7
12038.5
76642.7
7946.6
50580.2
12110.3
77126.6
12027.2
50420.7
10587.3
84269.5
15767.2
52137.7
19349.7
76699.9
19856.2
51761.5
3938.03
79567.9
15873.3
52475.7
23412.3
78805.3
25918.6
53201.7
23675.7
87924.5
25119.4
53260.9
25884.5
78761
24356.4
52331.3
24684.5
77005.5
26094.6
52561
23868.3
78563.2
23618.8
52577.9
12557
87801
7858.79
51711.4
3947.08
77437.5
50422.9
76841.8
4088.91
49895.3
16417.5
76287.3
18273.2
50628.4
19579.1
84761.2
20384
51306
25756.9
76432.9
25963.6
50399.3
27542.5
74126.6
26616.5
49584.8
25821.6
76292.7
18859.1
49662.9
4003.04
84471.5
51441.1
75925.3
49966.9
4014.87
75332
16800.6
49006.2
20579.7
75943.1
22541.9
48287.1
19339.8
84580.5
24569.9
49714.1
24826.4
75402.2
22815.6
48580.5
24413.4
74868.1
25727.8
48707
23854.2
74982.8
25806.3
47912.5
23041.9
84281.5
25116.1
48126
23231.9
74948
25934.8
46353.5
22512.4
74980
25675.7
46067.6
23921.6
74918.6
24765.2
46257
24430.4
84446.3
25738.8
47110.3
24313.7
74656.3
25306.9
44315.5
23869.6
73591.2
25459.6
43669.1
23908.3
73340.1
26190.2
43782.5
23570.6
80404.2
24787.3
45176.4
24974.3
66859.7
26172.3
47046.6
24219
69264.1
26612.1
47197.4
24106.5
67406.7
27201.9
47081.3
25066
81119.2
26865.7
43426.7
24651.1
73597.6
26765.2
42426.3
22382.9
70077
26579.7
46222
22962.5
67254.3
23914.7
45256.8
23876.4
81221.4
25404.6
46222.8
25671.1
66237.2
26199.9
44748.3
23645.4
69543.9
25144.8
44996.3
23858.8
65739
25249.4
45271
24443.3
81044.1
26086.8
45754.2
24316.6
65864.6
24690.5
44588
24885.5
69256.9
25621.4
44419.4
22335.2
65554.5
21906.4
43638.9
21638.7
80904.8
22574.8
43952.6
20892.2
64114.1
21434.4
42020.4
19939.7
67733.6
22424.3
42514.8
20202.2
63516.8
21744.8
41654.5
18030.7
80679.4
15594.7
42853.7
18503.7
64496.3
18481.4
39470.2
14524.5
68480.7
12184.9
41417.1
17689.8
64382.3
20529.1
41568.9
20374.1
80373.1
24039.3
42686.3
22113.3
64308.4
22476.1
41133.7
20616.6
67934.1
22855.5
41181.1
20577.8
61077.4
22346.6
42639.9
19661.5
79491
