1.01141
1.01141
1.01141
1.01141
1.01141
1.01141
1.01141
1.01135
1.01135
1.01135
1.01135
1.01135
1.01135
1.01135
1.01135
1.01129
1.01129
1.01129
1.01135
1.01129
1.01129
1.01123
1.01123
1.01123
1.01123
1.01123
1.01129
1.01129
1.01135
1.01135
1.01129
1.01135
1.01129
1.01135
1.01135
1.01141
1.01129
1.01129
1.01129
1.01135
1.01129
1.01129
1.01129
1.01135
1.01123
1.01117
1.01117
1.01117
1.01117
1.01123
1.01129
1.01129
1.01129
1.01111
1.01117
1.01117
1.01117
1.01117
1.01123
1.01123
1.01123
1.01129
1.01123
1.01135
1.01135
1.01135
1.01135
1.01141
1.01129
1.01129
1.01129
1.01129
1.01129
1.01123
1.01123
1.01123
1.01129
1.01129
1.01129
1.01123
1.01129
1.01135
1.01129
1.01135
1.01135
1.01129
1.01129
1.01129
1.01129
1.01141
1.01141
1.01147
1.01147
1.01147
1.01147
1.01141
1.01141
1.01141
1.01141
1.01141
1.01141
1.01141
1.01141
1.01141
1.01135
1.01135
1.01129
1.01129
1.01129
1.01129
1.01129
1.01141
1.01141
1.01141
1.01141
1.01141
1.01135
1.01135
1.01135
1.01135
1.01141
1.01147
1.01147
1.01147
1.01147
1.01147
1.01147
1.01147
1.01147
1.01147
1.01147
1.01147
1.01154
1.01147
1.01147
1.01147
1.01147
1.01147
1.01147
1.01154
1.01154
1.0116
1.01166
1.01166
1.01166
1.01166
1.01166
1.01166
1.01166
1.01178
1.01184
1.01184
1.01184
1.01172
1.01172
1.01172
1.01172
1.01184
1.01184
1.01184
1.01184
1.0116
1.01154
1.01154
1.01154
1.01147
1.01147
1.01147
1.01147
1.01123
1.01123
1.01123
1.01123
1.01129
1.01123
1.01123
1.01123
1.01135
1.01141
1.01141
1.01141
1.01129
1.01129
1.01129
1.01129
1.01129
1.01129
1.01129
1.01129
1.01141
1.01141
1.01141
1.01141
1.01141
1.01141
1.01141
1.01141
1.01129
1.01129
1.01129
1.01129
1.01123
1.01117
1.01117
1.01117
1.01105
1.01105
1.01105
1.01105
1.01093
1.01093
1.01093
1.01093
1.01105
1.01117
1.01117
1.01117
1.01117
1.01117
1.01117
1.01117
1.01105
1.01099
1.01099
1.01099
1.01099
1.0108
1.0108
1.0108
1.01086
1.01093
1.01093
1.01093
1.01086
1.01086
1.01086
1.01086
1.0108
1.01093
1.01093
1.01093
1.01093
1.0108
1.0108
1.0108
1.01062
1.0105
1.0105
1.0105
1.01025
1.01019
1.01019
1.01019
1.01007
1.01007
1.01007
1.01007
1.0097
1.00964
1.00964
1.00964
1.00964
1.00964
1.00928
1.00934
1.00934
1.00934
1.00934
1.00934
1.00934
1.00934
1.00909
1.00903
1.00903
1.00903
1.00903
1.00903
1.00903
1.00903
1.00867
1.00861
1.00861
1.00861
1.00861
1.00861
1.00861
1.00861
1.00861
1.00861
1.00861
1.00861
1.00861
1.00861
1.00861
1.01691
1.01691
1.01691
1.01691
1.01691
1.01691
1.01691
1.01691
1.01715
1.01721
1.01721
1.01721
1.01721
1.01721
1.01721
1.01721
1.01709
1.01709
1.01709
1.01709
1.01709
1.01709
1.01709
1.01709
1.01709
1.01703
1.01703
1.01703
1.01703
1.01703
1.01703
1.01703
1.01709
1.01709
1.01709
1.01709
1.01709
1.01709
1.01709
1.01709
1.01715
1.01709
1.01709
1.01709
1.01709
1.01709
1.01709
1.01709
1.01733
1.01733
1.01733
1.01733
1.01733
1.01733
1.01733
1.01733
1.01715
1.01727
1.01727
1.01727
1.01727
1.01727
1.01727
1.01727
1.01721
1.01721
1.01721
1.01721
1.01721
1.01721
1.01721
1.01721
1.04584
1.04572
1.04572
1.04572
1.04572
1.04572
1.04572
1.04572
1.04578
1.01788
1.01788
1.01788
1.01788
1.01788
1.01788
1.01788
1.0462
1.0462
1.0462
1.0462
1.0462
1.0462
1.0462
1.0462
1.04645
1.04633
1.04633
1.04633
1.04633
1.04633
1.04633
1.04633
1.0462
1.0462
1.0462
1.0462
1.0462
1.0462
1.0462
1.0462
1.04706
1.04706
1.04706
1.04706
1.04706
1.04706
1.04724
1.04724
1.04724
1.0473
1.0473
1.0473
1.0473
1.0473
1.04742
1.04742
1.04718
1.0473
1.0473
1.0473
1.0473
1.0473
1.07709
1.07709
1.07715
1.07727
1.07727
1.07727
1.07739
1.07739
1.07739
1.07739
1.07697
1.07703
1.07703
1.07703
1.07678
1.07678
1.07678
1.07678
1.07721
1.07709
1.07709
1.07709
1.07697
1.07697
1.07697
1.07697
1.0769
1.07715
1.07715
1.07715
1.07721
1.07721
1.07721
1.07721
1.07727
1.07733
1.07733
1.07733
1.07727
1.07727
1.07727
1.07727
1.07727
1.07721
1.07721
1.07721
1.07721
1.07721
1.07721
1.07721
1.07721
1.07721
1.07721
1.07721
1.07727
1.07727
1.07727
1.07727
1.07721
1.07727
1.07727
1.07727
1.11047
1.11047
1.11047
1.11047
1.11023
1.11023
1.11023
1.11023
1.11035
1.11035
1.11035
1.11035
1.11084
1.11072
1.11072
1.11072
1.1106
1.1106
1.1106
1.1106
1.12103
1.11066
1.11066
1.11066
1.1214
1.1214
1.1214
1.1214
1.11078
1.11078
1.11078
1.11078
1.11072
1.11072
1.11072
1.11072
1.12201
1.12219
1.12219
1.12219
1.12231
1.12231
1.12231
1.12231
1.12213
1.12225
1.12225
1.12225
1.12213
1.12213
1.12213
1.12213
1.12189
1.12189
1.12189
1.12189
1.1217
1.1217
1.1217
1.1217
1.1217
1.1217
1.1217
1.1217
1.12183
1.12183
1.12183
1.12183
1.12189
1.12195
1.12195
1.12195
1.12207
1.12207
1.12207
1.12207
1.12201
1.12195
1.12195
1.12195
1.12195
1.12195
1.12195
1.12195
1.12195
1.12207
1.12207
1.12207
1.1225
1.1225
1.1225
1.1225
1.12244
1.12262
1.12262
1.12262
1.12262
1.12262
1.12262
1.12262
1.12305
1.12317
1.12317
1.12317
1.1366
1.1366
1.1366
1.1366
1.13617
1.13617
1.13617
1.13617
1.13623
1.13623
1.13623
1.13623
1.13593
1.13605
1.13605
1.13605
1.13611
1.13611
1.13611
1.13611
1.13647
1.13654
1.13654
1.13654
1.13641
1.13641
1.13641
1.13647
1.1366
1.13672
1.13672
1.13672
1.1366
1.1366
1.1366
1.13672
1.1369
1.13672
1.13672
1.13672
1.13696
1.13696
1.13684
1.13684
1.13666
1.1366
1.1366
1.13708
1.13702
1.13702
1.1377
1.1377
1.13776
1.13776
1.13776
1.1377
1.13782
1.13782
1.13782
1.13782
1.13782
1.13788
1.13788
1.13794
1.13794
1.13794
1.13812
1.13812
1.13837
1.13843
1.13818
1.13818
1.14612
1.14612
1.1463
1.1463
1.14642
1.15222
1.15222
1.15228
1.15228
1.15228
1.15228
1.15228
1.15228
1.15228
1.15228
1.16083
1.16083
1.16083
1.16083
1.16107
1.16107
1.16107
1.16107
1.16119
1.16119
1.16119
1.16119
1.16125
1.16125
1.16125
1.16852
1.16852
1.16852
1.16833
1.16095
1.16095
1.16095
1.16119
1.16119
1.17224
1.17224
1.17584
1.17584
1.17603
1.17603
1.20325
1.20325
1.20337
1.20337
1.20337
1.20355
1.20349
1.20349
1.20343
1.20343
1.20343
1.20343
1.22864
1.20325
1.20325
1.20306
1.20306
1.20306
1.20306
1.22845
1.22845
1.22845
1.22839
1.22839
1.22839
1.24976
1.24976
1.24976
1.24976
1.24957
1.24957
1.24957
1.24957
1.24957
1.24957
1.24957
1.24957
1.24927
1.24927
1.24927
1.24927
1.24915
1.24915
1.24915
1.24915
1.24921
1.24921
1.24921
1.24921
1.24939
1.24939
1.24939
1.24939
1.24957
1.24957
1.24957
1.24957
1.24963
1.24982
1.24982
1.24982
1.24982
1.24982
1.24982
1.24982
1.24988
1.24988
1.24988
1.24988
1.25012
1.25012
1.25012
1.25012
1.24976
1.24982
1.24982
1.24982
1.24994
1.24994
1.24994
1.24994
1.25006
1.25006
1.25006
1.25006
1.25012
1.25012
1.25012
1.25012
1.25006
1.25
1.25
1.25
1.25
1.25
1.25
1.29663
1.29663
1.29663
1.29663
1.297
1.297
1.297
1.297
1.29688
1.29688
1.29688
1.29688
1.29669
1.29669
1.29663
1.29663
1.29694
1.29694
1.29694
1.29694
1.29688
1.29688
1.29688
1.29724
1.29724
1.29724
1.29724
1.29724
1.29724
1.29724
1.29724
1.29688
1.29688
1.29688
1.29688
1.29669
1.29657
1.29657
1.29657
1.29663
1.29663
1.29663
1.29663
1.29663
1.29663
1.29663
1.29681
1.29681
1.29681
1.29669
1.29675
1.29675
1.29675
1.29663
1.29663
1.29663
1.29663
1.29651
1.29651
1.29651
1.29651
1.29663
1.29663
1.29663
1.29663
1.29706
1.29688
1.29688
1.29688
1.29688
1.29688
1.29688
1.29688
1.29694
1.29694
1.29694
1.29694
1.29681
1.29681
1.29681
1.29681
1.297
1.29663
1.29663
1.29663
1.29657
1.29657
1.29657
1.29657
1.29657
1.29657
1.29657
1.29657
1.29651
1.29651
1.29651
1.29651
1.29651
1.29657
1.29657
1.29657
1.29639
1.29639
1.29639
1.29639
1.29614
1.29614
1.29614
1.29614
1.29639
1.29639
1.29639
1.29639
1.29645
1.29651
1.29651
1.29651
1.29657
1.29657
1.29657
1.29657
1.29633
1.29633
1.29633
1.29633
1.29633
1.29633
1.29633
1.29633
1.2962
1.2962
1.2962
1.2962
1.29626
1.29626
1.29626
1.29626
1.29657
1.29657
1.29657
1.29657
1.29663
1.29663
1.29663
1.29657
1.29657
1.29675
1.29675
1.29657
1.29657
1.29657
1.29651
1.29651
1.29651
1.29651
1.29633
1.29651
1.29651
1.29651
1.29657
1.29657
1.29657
1.29657
1.29651
1.29651
1.29651
1.29651
1.29657
1.29657
1.29657
1.29657
1.29626
1.29633
1.29633
1.29633
1.29626
1.29626
1.29626
1.29626
1.29626
1.29626
1.29626
1.29626
1.29645
1.29645
1.29645
1.29645
1.29663
1.29663
1.29663
1.29663
1.29657
1.29657
1.29657
1.29657
1.29681
1.29681
1.29681
1.29681
1.29675
1.29675
1.29675
1.29675
1.29694
1.29669
1.29669
1.29669
1.29706
1.29706
1.29706
1.29706
1.297
1.297
1.297
1.297
1.29718
1.29718
1.29718
1.29718
1.2973
1.29724
1.29724
1.29712
1.29712
1.29712
1.29712
1.29742
1.29742
1.29742
1.29742
1.2973
1.2973
1.2973
1.2973
1.2973
1.2973
1.2973
1.2973
1.29718
1.29718
1.29718
1.29718
1.29724
1.29724
1.29724
1.29724
1.32098
1.32098
1.32098
1.32098
1.33508
1.33502
1.33502
1.33502
1.35535
1.35535
1.35535
1.35535
1.35522
1.35522
1.35522
1.35522
1.33508
1.33508
1.33508
1.33508
1.35547
1.37854
1.37854
1.37854
1.3783
1.3783
1.3783
1.3783
1.40948
1.40948
1.40948
1.40948
1.40955
1.40955
1.40955
1.40955
1.40936
1.37836
1.37836
1.37836
1.40967
1.40967
1.40967
1.40967
1.40961
1.40961
1.40961
1.40961
1.37891
1.37891
1.37891
1.37891
1.37903
1.37903
1.37903
1.37903
1.37903
1.37903
1.37903
1.37903
1.37903
1.37903
1.37903
1.37903
1.37885
1.37885
1.37885
1.37885
1.3786
1.37854
1.37854
1.37854
1.3786
1.3786
1.3786
1.3786
1.37872
1.37872
1.37872
1.37872
1.37891
1.37891
1.37891
1.37891
1.37878
1.32257
1.32257
1.32257
1.35596
1.35596
1.35596
1.35596
1.35632
1.35632
1.35632
1.35632
1.37903
1.37903
1.37903
1.37903
1.37891
1.37872
1.37872
1.37872
1.37872
1.37872
1.37872
1.37872
1.40961
1.40961
1.40961
1.40961
1.37848
1.37848
1.37848
1.37848
1.3783
1.32294
1.32294
1.32294
1.33606
1.33606
1.33606
1.33606
1.37805
1.37805
1.37805
1.37805
1.40894
1.40894
1.40894
1.40894
1.3783
1.35547
1.35547
1.35547
1.35541
1.35541
1.35541
1.35541
1.3786
1.3786
1.3786
1.40936
1.40936
1.40936
1.40936
1.37823
1.37823
1.37823
1.37823
1.37811
1.37811
1.37811
1.37811
1.37793
1.37793
1.37793
1.37793
1.37793
1.37793
1.37793
1.37793
1.40881
1.37799
1.37799
1.37799
1.40875
1.40875
1.40875
1.40875
1.40863
1.40863
1.40863
1.40863
1.40881
1.40881
1.40881
1.40881
1.40857
1.40839
1.40839
1.40839
1.40863
1.40863
1.40863
1.40863
1.45013
1.45013
1.45013
1.45013
1.47571
1.47571
1.47571
1.47571
1.47552
1.47528
1.47528
1.47528
1.47522
1.47522
1.47522
1.47522
1.47546
1.47546
1.47546
1.47546
1.47522
1.47522
1.47522
1.47522
1.50995
1.4494
1.4494
1.4494
1.47479
1.47479
1.47479
1.47479
1.4491
1.4491
1.4491
1.4491
1.44904
1.44904
1.44904
1.44904
1.47443
1.47449
1.47449
1.47449
1.47455
1.47455
1.47455
1.47455
1.5094
1.5094
1.5094
1.5094
1.47443
1.47443
1.47443
1.47443
1.47406
1.47406
1.47406
1.47406
1.47418
1.47418
1.474
1.474
1.474
1.474
1.50903
1.50903
1.50903
1.50903
1.50903
1.50909
1.50909
1.50909
1.50897
1.50897
1.50897
1.50897
1.51093
1.51093
1.51093
1.51093
1.51093
1.51093
1.51093
1.51093
1.51099
1.50922
1.50897
1.50897
1.50897
1.51068
1.51068
1.51068
1.51068
1.51062
1.51062
1.51062
1.51062
1.51062
1.51062
1.51062
1.51062
1.51062
1.51062
1.51062
1.51062
1.51056
1.51056
1.51056
1.51056
1.51068
1.51068
1.51068
1.51068
1.51056
1.51056
1.51056
1.51056
1.51056
1.51056
1.51056
1.51056
1.5105
1.5105
1.5105
1.5105
1.51056
1.51056
1.51056
1.51056
1.5105
1.5105
1.5105
1.5105
1.51068
1.51068
1.51068
1.51068
1.51056
1.51056
1.51056
1.51056
1.51062
1.51062
1.51062
1.51062
1.55145
1.51038
1.51038
1.51038
1.55139
1.55139
1.55139
1.55139
1.55176
1.55176
1.55176
1.55176
1.55194
1.55194
1.55194
1.55194
1.55225
1.51019
1.51019
1.51019
1.50989
1.50989
1.50989
1.50989
1.55212
1.55212
1.55212
1.55212
1.55212
1.55212
1.55212
1.55212
1.55212
1.55219
1.55219
1.55219
1.55237
1.55237
1.55237
1.55237
1.55231
1.55231
1.55231
1.55231
1.55243
1.55243
1.55243
1.55243
1.55243
1.55249
1.55249
1.55249
1.55267
1.55267
1.55267
1.55267
1.55255
1.55255
1.55255
1.55255
1.55243
1.55243
1.55243
1.55243
1.55255
1.55267
1.55267
1.55267
1.55261
1.55261
1.55261
1.55261
1.55255
1.55255
1.55255
1.55255
1.55249
1.55249
1.55249
1.55249
1.5528
1.5528
1.5528
1.5528
1.55304
1.55304
1.55304
1.55304
1.55322
1.55322
1.55322
1.55322
1.55334
1.55334
1.55334
1.55334
1.55359
1.55377
1.55377
1.55377
1.55408
1.55408
1.55408
1.55408
1.56262
1.56262
1.56262
1.56262
1.59113
1.59113
1.59113
1.59113
1.59137
