1.01917
1.01898
1.01854
1.01858
1.01852
1.01893
1.01902
1.01818
1.01791
1.01876
1.01843
1.01849
1.0188
1.01886
1.01867
1.01876
1.01883
1.01885
1.01848
1.01823
1.0198
1.01887
1.01941
1.01941
1.01836
1.01826
1.01859
1.01962
1.01837
1.0195
1.01844
1.01866
1.01843
1.0188
1.01955
1.01893
1.01926
1.01935
1.01893
1.01897
1.01842
1.01851
1.01887
1.01945
1.01936
1.01794
1.0187
1.01831
1.01825
1.01797
1.01828
1.01834
1.01816
1.01844
1.01896
1.01892
1.01804
1.01793
1.01806
1.01792
1.01804
1.01835
1.01801
1.01758
1.01857
1.01751
1.01827
1.01744
1.01754
1.01747
1.01774
1.0175
1.01786
1.01704
1.01689
1.01675
1.0165
1.0169
1.01676
1.01658
1.01671
1.01701
1.01675
1.01793
1.01766
1.01776
1.01707
1.01765
1.01722
1.01834
1.01821
1.0169
1.01674
1.01745
1.0173
1.01737
1.01738
1.01729
1.0178
1.0176
1.01814
1.01689
1.01799
1.01757
1.01719
1.01796
1.01611
1.01719
1.01674
1.01656
1.01668
1.06024
1.01698
1.10946
1.01576
1.15092
1.01689
1.01341
1.15488
1.07741
1.01552
1.11221
1.18293
1.08588
1.01666
1.14626
1.15768
1.13317
1.01568
1.07672
1.17867
1.09291
1.01496
1.09713
1.17018
1.10787
1.01403
1.14394
1.01357
1.22074
1.01415
1.1827
1.01587
1.00812
1.38246
1.01344
1.0495
1.17024
1.09444
1.01254
1.09083
1.24183
1.08368
1.01307
1.12583
1.27812
1.18096
1.01225
1.05381
1.35601
1.08339
1.01165
1.14812
1.2616
1.14913
1.01129
1.2741
1.27867
1.21389
1.01117
1.17416
1.23883
1.1985
1.01124
1.01038
1.21549
1.10978
1.01003
1.10134
1.32154
1.09612
1.00955
1.07907
1.4103
1.04845
1.00845
1.07578
1.36516
1.14112
1.00886
1.06408
1.2288
1.22248
1.00801
1.07149
1.27271
1.27828
1.00736
1.26128
1.30002
1.26751
1.00693
1.27974
1.27719
1.25891
1.00641
1.17132
1.31255
1.18047
1.00596
1.1167
1.17981
1.07995
1.00628
1.1669
1.18362
1.1091
1.0051
1.01748
1.24503
1.07757
1.00433
1.07625
1.2682
1.163
1.00325
1.02002
1.23709
1.08
1.00219
1.11622
1.22882
1.10052
1.00146
1.13785
1.24668
1.07578
1.00096
1.15985
1.28363
1.24455
1.00076
1.16726
1.25139
1.11927
1.0002
1.20915
1.26854
1.25798
1.00071
1.20415
1.22997
1.26895
1.00112
1.21185
1.18941
1.19135
1.00079
1.16179
1.22652
1.04198
1.17445
1.10248
1.00122
1.13051
1.12613
1.19674
1.22604
1.20708
1.08183
1.18544
1.00221
1.1658
1.02984
1.16662
1.24398
1.12197
1.05024
1.04366
1.00287
1.12845
1.01009
1.21972
1.0635
1.15268
1.02342
1.00319
1.11833
1.21321
1.12073
1.21253
1.00567
1.22744
1.05466
1.02431
1.00374
1.22079
1.02985
1.21281
1.00472
1.20476
1.05883
1.02459
1.11989
1.19841
1.08665
1.1912
1.10367
1.14317
1.16675
1.02458
1.20122
1.10235
1.18194
1.16997
1.15315
1.08426
1.19346
1.0242
1.14326
1.0702
1.23904
1.19307
1.2257
1.04828
1.09266
1.02362
1.22963
1.03178
1.14327
1.16947
1.41227
1.03379
1.2864
1.02266
1.27281
1.01656
1.2397
1.17475
1.26356
1.04055
1.36247
1.02493
1.24926
1.05476
1.23104
1.16007
1.22317
1.05706
1.12429
1.0248
1.13922
1.03632
1.01677
1.16922
1.07552
1.0664
1.10022
1.02406
1.06429
1.09286
1.02911
1.16897
1.07164
1.0873
1.12806
1.05284
1.15061
1.08313
1.23423
1.17505
1.19356
1.10473
1.11108
1.04838
1.1466
1.07568
1.22384
1.16686
1.2571
1.10475
1.31831
1.04898
1.36878
1.0657
1.40672
1.15958
1.36021
1.08844
1.38465
1.04952
1.3867
1.10442
1.36387
1.14927
1.33259
1.1345
1.41143
1.04927
1.45702
1.11809
1.37453
1.15092
1.39604
1.11825
1.30866
1.05031
1.33995
1.1291
1.29443
1.14275
1.31614
1.15228
1.34185
1.04911
1.28529
1.11261
1.27994
1.14731
1.19477
1.10661
1.21181
1.05095
1.25092
1.11352
1.17975
1.13981
1.18381
1.11744
1.11428
1.07208
1.23388
1.11126
1.26264
1.14359
1.30922
1.09304
1.34822
1.07074
1.27614
1.09333
1.39881
1.14084
1.39412
1.10566
1.14384
1.07291
1.25343
1.11927
1.31645
1.12498
1.22779
1.12589
1.26693
1.07094
1.2426
1.13363
1.28405
1.1115
1.25038
1.13191
1.23371
1.07114
1.23611
1.15585
1.16479
1.11175
1.22974
1.16487
1.23493
1.0723
1.21336
1.1319
1.24703
1.10561
1.39904
1.10305
1.40853
1.07068
1.21128
1.10349
1.32977
1.11541
1.17429
1.12613
1.12514
1.07082
1.34541
1.12256
1.45058
1.09585
1.46841
1.11895
1.37349
1.10013
1.4527
1.1445
1.3832
1.09156
1.30151
1.16239
1.28119
1.09963
1.29208
1.17576
1.31467
1.08509
1.38703
1.18249
1.408
1.11062
1.38759
1.19783
1.42941
1.03824
1.26376
1.13164
1.30275
1.09981
1.37716
1.17509
1.34678
1.06645
1.37151
1.15383
1.32515
1.11206
1.29717
1.10437
1.22556
1.02406
1.26618
1.11685
1.37404
1.11326
1.38905
1.12114
1.43674
1.02173
1.44377
1.11347
1.44492
1.11144
1.39429
1.1196
1.50831
1.01766
1.4252
1.1066
1.43345
1.11202
1.41835
1.0964
1.38617
1.01987
1.37754
1.09739
1.3828
1.11189
1.39343
1.10452
1.28239
1.02019
1.23594
1.10366
1.29697
1.10981
1.3177
1.08815
1.2493
1.01887
1.20483
1.08483
1.28267
1.10915
1.27817
1.07905
1.2671
1.01499
1.24834
1.08516
1.3095
1.11035
1.30646
1.09357
1.31975
1.0119
1.37195
1.08093
1.37396
1.11189
1.41483
1.08601
1.43418
1.0369
1.30042
1.02486
1.27056
1.12345
1.29502
1.01763
1.31074
1.03878
1.33703
1.02165
1.31274
1.12396
1.28548
1.01212
1.26436
1.04232
1.27879
1.00372
1.21616
1.12252
1.15327
1.00558
1.14355
1.03948
1.15817
1.0017
1.15479
1.12183
1.15403
1.00091
1.17161
1.04098
1.15863
1.01185
1.14325
1.12103
1.10028
1.00324
1.11015
1.03682
1.13659
1.01269
1.11065
1.11975
1.11281
1.02018
1.12618
1.04312
1.08487
1.01906
1.06995
1.12042
1.05779
1.02463
1.11332
1.04211
1.1153
1.02673
1.12029
1.12077
1.11661
1.02341
1.14162
1.04394
1.1332
1.01571
1.158
1.12034
1.19522
1.01512
1.24957
1.05417
1.22586
1.00669
1.21256
1.12391
1.2028
1.05805
1.00427
1.00778
1.21788
1.01808
1.06064
1.00526
1.19637
1.02374
1.00295
1.01304
1.22254
1.00152
1.14007
1.05975
1.18339
1.02262
1.00064
1.06058
1.16794
1.09556
1.06977
1.18117
1.15545
1.00077
1.09818
1.18064
1.14765
1.16281
1.001
1.12652
1.07251
1.17838
1.00148
1.21075
1.15395
1.22012
1.00452
1.22438
1.1058
1.19223
1.02071
1.1711
1.17815
1.19341
1.01958
1.19602
1.10958
1.21121
1.01702
1.20548
1.20139
1.21819
1.11476
1.01282
1.09172
1.22461
1.10205
1.12323
1.06152
1.2221
1.01847
1.21395
1.08656
1.2177
1.0488
1.24119
1.14338
1.02013
1.13786
1.25897
1.04166
1.13467
1.13731
1.24318
1.10812
1.03252
1.30455
1.25698
1.37916
1.21655
1.35431
1.26544
1.42984
1.02609
1.45202
1.25491
1.49008
1.13725
1.45651
1.27133
1.47879
1.02932
1.49085
1.29845
1.4829
1.21614
1.42205
1.28521
1.39609
1.03638
1.34203
1.29144
1.2606
1.14112
1.09811
1.30014
1.01907
1.0377
1.0193
1.32172
1.05006
1.21701
1.16134
1.32031
1.15912
1.03789
1.04648
1.33379
1.21692
1.13937
1.0076
1.33645
1.1015
1.03688
1.06735
1.3469
1.09823
1.21472
1.34766
1.0155
1.02807
1.06279
1.3429
1.01295
1.19441
1.00818
1.29956
1.00624
1.0906
1.06952
1.29625
1.14222
1.26125
1.01639
1.2973
1.00346
1.08547
1.27596
1.19784
1.30978
1.08277
1.30526
1.18399
1.26194
1.09257
1.2909
1.06625
1.07879
1.01942
1.28734
1.03782
1.20242
1.05473
1.31378
1.03547
1.07525
1.03052
1.29392
1.02332
1.26032
1.00915
1.29357
1.02443
1.07487
1.03247
1.28715
1.06631
1.20286
1.13673
1.30316
1.0778
1.14002
1.3042
1.26109
1.11139
1.2928
1.13231
1.08256
1.01416
1.31283
1.03229
1.20359
1.18369
1.32514
1.08316
1.08209
1.00123
1.3186
1.0049
1.26029
1.03721
1.29552
1.05896
1.07793
1.23179
1.32509
1.24299
1.20365
1.38354
1.32338
1.2794
1.07979
1.37111
1.28671
1.3889
1.25995
1.49492
1.29142
1.40965
1.07395
1.36331
1.27684
1.27893
1.20376
1.33689
1.26792
1.27793
1.07415
1.26739
1.25005
1.24148
1.2589
1.35708
1.25965
1.48359
1.06588
1.40386
1.25537
1.26898
1.20339
1.2215
1.24155
1.0911
1.07334
1.16169
1.25723
1.22794
1.2575
1.15631
1.23942
1.2581
1.06672
1.34638
1.23832
1.26208
1.20098
1.32009
1.22911
1.31925
1.06444
1.17099
1.24546
1.14422
1.2567
1.21497
1.2236
1.2863
1.06174
1.34745
1.22381
1.0851
1.19843
1.00319
1.21754
1.174
1.06644
1.22033
1.25278
1.09878
1.20782
1.06475
1.18143
1.19775
1.20704
1.05146
1.06257
1.06144
1.18019
1.04525
1.25389
1.15742
1.16849
1.00218
1.05877
1.03838
1.16597
1.35239
1.19594
1.31499
1.14851
1.27379
1.06197
1.21623
1.14181
1.30493
1.25239
1.25891
1.13523
1.1712
1.06261
1.1661
1.14778
1.26803
1.19406
1.47301
1.14394
1.56148
1.06157
1.56243
1.14056
1.57315
1.25199
1.53919
1.13662
1.50345
1.06278
1.45635
1.15219
1.5654
1.19617
1.50715
1.15875
1.49717
1.06174
1.45861
1.17123
1.36108
1.25064
1.23749
1.18753
1.03775
1.06581
1.14485
1.19611
1.2661
1.19919
1.19759
1.18013
1.0876
1.07087
1.1453
1.18206
1.07779
1.25301
1.1788
1.03925
1.0673
1.13224
1.17504
1.03294
1.17314
1.14717
1.18277
1.16981
1.06106
1.07715
1.19432
1.00799
1.25234
1.05786
1.20036
1.05632
1.06575
1.15127
1.20762
1.19583
1.19758
1.09654
1.21781
1.18573
1.07186
1.02989
1.22981
1.07118
1.27463
1.20649
1.22741
1.326
1.07603
1.38612
1.20638
1.39851
1.21432
1.33046
1.21447
1.49665
1.07713
1.29986
1.22838
1.22335
1.28938
1.29471
1.23814
1.37153
1.07717
1.38061
1.23194
1.34889
1.24297
1.25423
1.22764
1.26748
1.09307
1.54802
1.2251
1.6114
1.33157
1.49144
1.2224
1.68666
1.09381
1.63195
1.22512
1.66092
1.24633
1.62223
1.23108
1.54481
1.07073
1.55619
1.21243
1.55228
1.30558
1.64306
1.21643
1.61518
1.07309
1.55282
1.20674
1.52805
1.22223
1.56072
1.20211
1.43468
1.06923
1.51827
1.19836
1.49913
1.30345
1.48738
1.19727
1.49245
1.06933
1.48189
1.19487
1.56304
1.2189
1.61372
1.18339
1.52681
1.06466
1.56565
1.17523
1.36649
1.30306
1.41069
1.1645
1.46071
1.0641
1.40163
1.17975
1.34052
1.21042
1.23911
1.1798
1.51621
1.06684
1.62747
1.18459
1.62155
1.30079
1.41883
1.17283
1.67268
1.06518
1.71443
1.18423
1.67467
1.23778
1.66444
1.16965
1.57305
1.06988
1.26878
1.18086
1.17724
1.29903
1.25772
1.17723
1.46883
1.06054
1.57723
1.18155
1.56799
1.21556
1.42317
1.19561
1.58457
1.08683
1.57788
1.20432
1.43997
1.30117
1.50686
1.19444
1.22754
1.06444
1.15545
1.20894
1.0513
1.21428
1.20952
1.05504
1.08401
1.09134
1.19967
1.25216
1.30095
1.2629
1.1931
1.36952
1.06195
1.26045
1.2048
1.2737
1.20858
1.03308
1.19884
1.06011
1.06044
1.07261
1.20957
1.18683
1.31783
1.13438
1.2148
1.34301
1.07023
1.1502
1.22048
1.25829
1.2265
1.35546
1.23093
1.3145
1.06847
1.33205
1.23687
1.11046
1.31802
1.15142
1.23702
1.35338
1.0638
1.56568
1.23949
1.61421
1.23004
1.49093
1.25068
1.57255
1.06541
1.56459
1.25508
1.53322
1.36158
1.55878
1.26791
1.34528
1.06535
1.26946
1.2759
1.09304
1.23331
1.20559
1.2973
1.08547
1.06823
1.09633
1.29252
1.00965
1.39144
1.01901
1.27731
1.02227
1.06959
1.00191
1.27078
1.28035
1.22693
1.08569
1.26505
1.25308
1.06356
1.44604
1.27322
1.4104
1.36035
1.46969
1.27352
1.54911
1.06658
1.5111
1.28318
1.50582
1.25368
1.54069
1.26343
1.42149
1.06493
1.40576
1.26107
1.01708
1.35879
1.20188
1.27757
1.30791
1.05925
1.27208
1.23
1.22524
1.2681
1.00948
1.07423
1.17342
1.26209
1.26943
1.38809
1.26338
1.26428
1.26511
1.07076
1.25812
1.2603
1.35597
1.24937
1.29241
1.27356
1.30864
1.07077
1.05338
1.27035
1.30219
1.39021
1.26014
1.07189
1.27507
1.28277
1.2455
1.12901
1.28332
1.35803
1.06771
1.45002
1.29842
1.67634
1.38592
1.74565
1.28822
1.76852
1.07149
1.67768
1.2836
1.85557
1.24472
1.85464
1.28426
1.86515
1.06739
1.85885
1.30007
1.7995
1.38486
1.85306
1.30882
1.75067
1.06241
1.8655
1.33413
1.78042
1.24407
1.87891
1.34613
1.89034
1.06392
1.88537
1.33923
1.86959
1.38654
1.81112
1.34324
1.85303
1.0632
1.81289
1.36747
1.81463
1.24362
1.81106
1.38618
1.82997
1.06094
1.85791
1.38222
1.89495
1.44184
1.90025
1.38477
1.9229
1.19033
1.92507
1.21657
1.93402
1.34016
1.92484
1.22246
1.92165
1.19358
1.89619
1.22992
1.87518
1.44496
1.83811
1.42039
1.82355
1.0547
1.7959
1.43438
1.81786
1.34052
1.78767
1.23795
1.79738
1.18216
1.78075
1.25474
1.85238
1.4433
1.83863
1.25401
1.85145
1.18462
1.847
1.26092
1.86249
1.33533
1.86911
1.25753
1.86547
1.18217
1.85471
1.24651
1.85021
1.43949
1.83451
1.24806
1.81169
1.17959
1.64915
1.26313
1.73103
1.333
1.68939
1.26534
1.63273
1.16978
1.70004
1.27126
1.70442
1.4376
1.75814
1.26156
1.85368
1.16661
1.84758
1.2787
1.84707
1.32946
1.80948
1.27567
1.72046
1.15956
1.61003
1.27539
1.40759
1.43452
1.5576
1.27999
1.47162
1.15912
1.39146
1.28975
1.2576
1.32535
1.00119
1.27742
1.41809
1.15541
1.5649
1.27974
1.73296
1.43569
1.80462
1.27263
1.87243
1.15185
1.90847
1.28356
1.93564
1.33529
1.94739
1.28764
1.95919
1.24194
1.95905
1.20886
1.96679
1.4851
