0.02 0 0 1.81305e+09 0 0 0 0 0 1.81305e+09 0 0 0 0 0 0 0 0 0 0 0 0 0 1.04081e+06 0 0 0 0
0.0700215 0 0 6.31054e+09 0 0 0 0 0 6.31054e+09 0 0 0 0 0 0 0 0 0 0 0 0 0 1.04081e+06 0 0 0 0
0.120457 0 0 1.10606e+10 0 0 0 0 0 1.10606e+10 0 0 0 0 0 0 0 0 0 0 0 0 0 1.04081e+06 0 0 0 0
0.170209 0 0 1.63992e+10 0 0 0 0 0 1.63992e+10 0 0 0 0 0 0 0 0 0 0 0 0 0 1.04081e+06 0 0 0 0
0.220281 0 0 2.27601e+10 0 0 0 0 0 2.27601e+10 0 0 0 0 0 0 0 0 0 0 0 0 0 1.04081e+06 0 0 0 0
0.270235 0 0 2.97929e+10 0 0 0 0 0 2.97929e+10 0 0 0 0 0 0 0 0 0 0 0 0 0 1.04081e+06 0 0 0 0
0.320006 0 0 3.73105e+10 0 0 0 0 0 3.73105e+10 0 0 0 0 0 0 0 0 0 0 0 0 0 1.04081e+06 0 0 0 0
0.370004 0 0 4.51568e+10 0 0 0 0 0 4.51568e+10 0 0 0 0 0 0 0 0 0 0 0 0 0 1.04081e+06 0 0 0 0
0.42012 0 0 5.34874e+10 0 0 0 0 0 5.34874e+10 0 0 0 0 0 0 0 0 0 0 0 0 0 1.04081e+06 0 0 0 0
0.470238 0 0 6.21947e+10 0 0 0 0 0 6.21947e+10 0 0 0 0 0 0 0 0 0 0 0 0 0 1.04081e+06 0 0 0 0
0.520338 0 0 6.78569e+10 0 0 0 0 0 6.78569e+10 0 0 0 0 0 0 0 0 0 0 0 0 0 1.04081e+06 0 0 0 0
0.570302 0 0 7.19642e+10 0 0 0 0 0 7.19642e+10 0 0 0 0 0 0 0 0 0 0 0 0 0 1.04081e+06 0 0 0 0
0.620306 0 0 7.81164e+10 0 0 0 0 0 7.81164e+10 0 0 0 0 0 0 0 0 0 0 0 0 0 1.04081e+06 0 0 0 0
0.670199 0 0 8.34283e+10 0 0 0 0 0 8.34283e+10 0 0 0 0 0 0 0 0 0 0 0 0 0 1.04081e+06 0 0 0 0
0.720656 0 0 8.70228e+10 0 0 0 0 0 8.70228e+10 0 0 0 0 0 0 0 0 0 0 0 0 0 1.04081e+06 0 0 0 0
0.770483 0 0 9.00999e+10 0 0 0 0 0 9.00999e+10 0 0 0 0 0 0 0 0 0 0 0 0 0 1.04081e+06 0 0 0 0
0.820614 0 0 9.23155e+10 0 0 0 0 0 9.23155e+10 0 0 0 0 0 0 0 0 0 0 0 0 0 1.04081e+06 0 0 0 0
0.870674 0 0 9.72053e+10 0 0 0 0 0 9.72053e+10 0 0 0 0 0 0 0 0 0 0 0 0 0 1.04081e+06 0 0 0 0
0.920266 0 0 1.00049e+11 0 0 0 0 0 1.00049e+11 0 0 0 0 0 0 0 0 0 0 0 0 0 1.04081e+06 0 0 0 0
0.970826 0 0 1.00923e+11 0 0 0 0 0 1.00923e+11 0 0 0 0 0 0 0 0 0 0 0 0 0 1.04081e+06 0 0 0 0
