0.17
1.85
2.86
3.88
4.90
5.92
6.95
7.98
9.01
10.05
11.08
12.11
13.15
14.18
15.22
16.26
17.31
18.35
19.39
20.44
21.49
22.54
23.59
24.65
25.70
26.76
27.82
28.88
29.94
31.01
32.07
33.15
34.21
35.29
36.36
37.46
38.54
39.62
40.71
41.81
42.89
43.99
45.08
46.18
47.27
48.37
49.48
50.58
51.68
52.78
53.89
54.99
56.10
57.21
58.32
59.43
60.54
61.65
62.76
63.88
64.99
66.12
67.24
68.36
69.49
70.61
71.74
72.86
74.02
75.15
76.28
77.41
78.55
79.67
80.80
81.93
83.05
84.17
85.29
86.42
87.55
88.68
89.80
90.94
92.08
93.21
94.33
95.46
96.59
97.73
98.87
100.00
100.09
101.21
101.29
102.42
102.50
103.62
103.70
103.71
103.72
104.83
104.91
104.92
104.93
106.05
106.13
106.14
106.15
107.27
107.35
108.46
108.54
108.55
109.66
109.74
109.75
109.76
110.89
110.97
110.98
110.99
112.11
112.20
112.21
112.22
113.34
113.42
113.43
113.44
114.55
114.63
114.65
114.66
115.77
115.85
115.86
115.87
116.98
117.06
117.07
117.08
118.19
118.27
118.28
118.29
119.40
119.49
119.50
119.51
120.62
120.70
120.71
120.72
121.83
121.91
121.92
121.93
123.03
123.11
123.13
123.14
124.25
124.33
124.34
124.35
125.44
125.52
125.53
125.54
126.63
126.71
126.72
126.73
127.82
127.91
127.92
127.93
129.01
129.09
129.10
129.11
130.19
130.28
130.29
130.30
131.38
131.47
131.48
131.49
131.50
132.59
132.67
132.68
132.71
132.72
133.81
133.90
133.92
133.93
135.01
135.10
135.11
135.12
136.20
136.29
136.30
136.31
137.39
137.48
137.50
137.51
138.57
138.66
138.67
138.69
138.70
138.71
138.72
139.80
139.88
139.89
139.90
139.92
139.93
139.94
139.95
141.03
141.12
141.13
141.14
141.16
141.17
141.18
141.19
142.27
142.35
142.36
142.37
142.40
142.41
142.42
142.43
143.50
143.59
143.60
143.63
143.64
143.65
143.66
144.73
144.82
144.83
144.84
144.86
144.87
144.88
144.89
145.97
146.05
146.07
146.07
146.10
146.11
146.13
146.13
147.20
147.29
147.30
147.31
147.34
147.35
147.36
147.37
148.44
148.53
148.54
148.55
148.59
148.60
148.62
148.63
149.70
149.78
149.79
149.80
149.84
149.85
149.86
149.87
150.94
151.02
151.04
151.05
151.09
151.10
151.11
151.12
152.19
152.27
152.29
152.29
152.34
152.35
152.37
152.38
153.46
153.54
153.55
153.56
153.61
153.62
153.63
153.64
154.70
154.78
154.80
154.81
154.86
154.87
154.89
154.90
155.96
156.05
156.07
156.07
156.13
156.14
156.16
156.17
157.23
157.32
157.33
157.34
157.41
157.42
157.44
157.45
158.51
158.59
158.61
158.62
158.69
158.70
158.72
158.73
159.78
159.86
159.88
159.89
159.97
159.97
159.99
160.00
161.05
161.15
161.17
161.18
161.26
161.27
161.29
161.30
162.36
162.45
162.46
162.47
162.56
162.57
162.59
162.60
163.65
163.74
163.76
163.77
163.86
163.87
163.90
163.91
164.97
165.06
165.08
165.09
165.19
165.20
165.23
165.24
166.29
166.39
166.41
166.42
166.53
166.54
166.57
166.58
167.62
167.71
167.73
167.74
167.86
167.87
167.98
167.99
169.03
169.11
169.14
169.15
169.27
169.28
169.39
169.40
170.44
170.53
170.55
170.56
170.77
170.78
170.81
170.82
171.88
171.97
172.00
172.01
172.22
172.23
172.26
172.27
173.31
173.40
173.43
173.44
173.67
173.68
173.71
173.72
174.76
174.86
174.89
174.90
175.12
175.13
175.26
175.27
176.33
176.42
176.45
176.46
176.69
176.70
176.73
176.74
177.79
177.88
177.91
177.92
178.17
178.18
178.22
178.23
179.28
179.37
179.40
179.41
179.66
179.67
179.70
179.72
180.76
180.85
180.89
180.90
181.15
181.16
181.20
181.21
182.25
182.34
182.38
182.39
182.66
182.67
182.71
182.72
183.77
183.86
183.90
183.91
184.18
184.19
184.23
184.24
185.29
185.38
185.42
185.43
185.70
185.72
185.76
185.77
186.80
186.90
186.95
186.96
187.25
187.26
187.30
187.32
188.34
188.44
188.48
188.50
188.78
188.79
188.84
188.85
189.88
189.97
190.02
190.04
190.33
190.34
190.39
190.40
191.43
191.53
191.58
191.60
191.91
191.92
191.97
191.99
193.00
193.10
193.15
193.16
193.47
193.48
193.49
193.55
193.56
193.57
194.59
194.68
194.70
194.71
194.76
194.77
194.79
194.80
195.11
195.12
195.14
195.15
195.20
195.21
195.23
195.24
196.27
196.37
196.38
196.39
196.45
196.46
196.48
196.49
196.82
196.83
196.84
196.85
196.91
196.92
196.94
196.95
197.95
198.04
198.06
198.07
198.13
198.14
198.16
198.17
198.47
198.48
198.50
198.51
198.57
198.58
198.60
198.61
199.64
199.74
199.76
199.77
199.82
199.83
199.85
199.86
200.17
200.19
200.20
200.21
200.27
200.28
200.30
200.31
201.32
201.41
201.43
201.44
201.50
201.51
201.53
201.54
201.86
201.87
201.88
201.89
201.95
201.96
201.98
201.99
203.00
203.09
203.11
203.12
203.18
203.19
203.21
203.22
203.54
203.56
203.58
203.59
203.65
203.66
203.68
203.69
204.71
204.80
204.82
204.82
204.89
204.90
204.92
204.93
205.26
205.27
205.28
205.29
205.36
205.37
205.39
205.40
206.41
206.50
206.52
206.53
206.60
206.61
206.64
206.65
206.98
206.99
207.01
207.02
207.09
207.10
207.12
207.13
208.13
208.23
208.25
208.26
208.33
208.34
208.46
208.47
208.80
208.81
208.83
208.84
208.91
208.92
209.03
209.04
210.03
210.12
210.15
210.16
210.24
210.25
210.36
210.37
210.71
210.73
210.75
210.76
210.83
210.84
210.95
210.96
211.94
212.03
212.05
212.06
212.14
212.15
212.26
212.27
212.62
212.64
212.67
212.69
212.86
212.87
212.89
212.91
213.89
213.99
214.01
214.02
214.19
214.20
214.22
214.23
214.59
214.60
214.62
214.63
214.81
214.82
214.85
214.86
215.84
215.93
215.96
215.97
216.14
216.15
216.18
216.19
216.55
216.56
216.59
216.60
216.77
216.78
216.81
216.82
217.81
217.91
217.93
217.94
218.11
218.12
218.15
218.16
218.53
218.54
218.57
218.57
218.75
218.76
218.79
218.80
219.77
219.87
219.89
219.90
220.08
220.09
220.12
220.13
220.50
220.51
220.54
220.55
220.73
220.74
220.77
220.78
221.76
221.85
221.88
221.89
222.07
222.08
222.11
222.12
222.50
222.51
222.54
222.55
222.73
222.74
222.78
222.78
223.74
223.84
223.87
223.88
224.06
224.07
224.10
224.11
224.52
224.53
224.56
224.57
224.75
224.76
224.79
224.80
225.76
225.85
225.89
225.90
226.08
226.10
226.13
226.14
226.56
226.57
226.60
226.62
226.79
226.81
226.84
226.85
227.80
227.89
227.93
227.94
228.12
228.13
228.17
228.19
228.61
228.62
228.66
228.67
228.86
228.87
228.91
228.92
229.87
229.97
230.00
230.02
230.21
230.22
230.26
230.27
230.70
230.71
230.75
230.76
230.95
230.97
231.00
231.02
231.98
232.08
232.11
232.12
232.31
232.32
232.36
232.37
232.80
232.82
232.85
232.87
233.06
233.07
233.11
233.12
234.08
234.18
234.21
234.23
234.42
234.43
234.47
234.48
234.92
234.94
234.98
234.99
235.18
235.19
235.23
235.25
236.20
236.30
236.34
236.35
236.55
236.56
236.60
236.62
237.06
237.08
237.12
237.13
237.33
237.34
237.38
237.40
238.35
238.44
238.49
238.50
238.70
238.71
238.76
238.77
239.21
239.23
239.27
239.28
239.49
239.50
239.54
239.56
240.50
240.60
240.65
240.66
240.86
240.87
240.92
240.93
241.38
241.39
241.44
241.45
241.66
241.67
241.72
241.73
242.66
242.76
242.81
242.83
243.04
243.05
243.10
243.11
243.57
243.59
243.63
243.65
243.85
243.87
243.91
243.93
244.87
244.97
245.02
245.03
245.25
245.26
245.31
245.32
245.78
245.79
245.84
245.85
246.06
246.08
246.13
246.14
247.08
247.18
247.23
247.24
247.46
247.47
247.52
247.54
248.01
248.02
248.07
248.09
248.30
248.31
248.36
248.39
249.32
249.42
249.47
249.48
249.70
249.71
249.77
249.78
250.26
250.27
250.33
250.34
250.56
250.57
250.62
250.63
251.57
251.67
251.72
251.74
251.97
251.98
252.04
252.05
252.54
252.55
252.61
252.62
252.84
252.85
252.91
252.92
253.85
253.94
254.00
254.01
254.24
254.25
254.30
254.32
254.82
254.83
254.89
254.90
255.13
255.14
255.20
255.21
256.14
256.24
256.29
256.31
256.54
256.56
256.62
256.63
257.13
257.14
257.20
257.21
257.44
257.46
257.52
257.53
258.46
258.56
258.61
258.63
258.87
258.88
258.94
258.96
259.47
259.48
259.54
259.56
259.80
259.82
259.88
259.89
260.84
261.03
261.09
261.11
261.35
261.36
261.43
261.45
261.95
261.98
262.04
262.06
262.30
262.32
262.38
262.40
263.34
263.44
263.51
263.53
263.77
263.79
263.86
263.88
264.38
264.40
264.47
264.49
264.75
264.77
264.83
264.85
265.78
265.88
265.95
265.97
266.22
266.24
266.30
266.32
266.84
266.86
266.93
266.95
267.21
267.23
267.31
267.33
268.24
268.35
268.42
268.44
268.71
268.72
268.80
268.82
269.35
269.37
269.45
269.47
269.74
269.76
269.84
269.86
270.77
270.88
270.95
270.97
271.23
271.25
271.33
271.35
271.87
271.89
271.97
271.99
272.25
272.27
272.35
272.37
273.28
273.39
273.47
273.49
273.76
273.77
273.86
273.87
274.42
274.44
274.52
274.55
274.81
274.83
274.92
274.94
275.86
275.96
276.04
276.06
276.33
276.35
276.44
276.46
276.99
277.01
277.10
277.12
277.40
277.42
277.51
277.54
278.49
278.61
278.69
278.72
279.00
279.02
279.10
279.13
279.70
279.72
279.81
279.83
280.12
280.14
280.23
280.25
281.21
281.32
281.41
281.43
281.72
281.74
281.83
281.86
282.45
282.48
282.57
282.60
282.88
282.91
283.00
283.03
283.98
284.10
284.19
284.22
284.51
284.54
284.63
284.66
285.24
285.27
285.36
285.39
285.68
285.71
285.80
285.83
286.79
286.91
287.00
287.04
287.33
287.36
287.46
287.50
288.09
288.13
288.24
288.28
288.59
288.62
288.72
288.76
289.77
289.90
290.00
290.04
290.34
290.37
290.48
290.62
291.22
291.26
291.36
291.50
291.80
291.84
291.94
292.08
293.08
293.22
293.33
293.37
293.67
293.71
293.82
293.97
294.54
294.58
294.70
294.82
295.12
295.15
295.27
295.40
296.28
296.40
296.51
296.56
296.86
296.90
297.02
297.15
297.73
297.77
297.90
298.03
298.34
298.38
298.50
298.64
299.65
299.79
299.91
299.95
300.25
300.29
300.40
300.54
301.14
301.18
301.30
301.44
301.75
301.79
301.90
302.04
303.05
303.19
303.30
303.33
303.66
303.70
303.82
303.97
304.59
304.63
304.75
304.90
305.23
305.27
305.48
305.52
306.53
306.67
306.79
306.94
307.26
307.30
307.53
307.57
308.19
308.24
308.46
308.50
308.83
308.87
309.10
309.14
310.18
310.33
310.45
310.60
310.95
310.99
311.22
311.26
311.89
311.94
312.17
312.22
312.56
312.61
312.84
312.89
313.88
314.02
314.14
314.29
314.63
314.68
314.90
314.94
315.57
315.62
315.84
315.89
316.23
316.29
316.51
316.56
317.57
317.73
317.85
317.99
318.34
318.39
318.62
318.66
319.29
319.34
319.57
319.61
319.96
320.01
320.24
320.28
321.28
321.44
321.66
321.70
322.05
322.10
322.33
322.38
323.00
323.05
323.27
323.31
323.66
323.70
323.93
323.98
324.96
325.10
325.33
325.37
325.73
325.78
326.00
326.05
326.66
326.71
326.93
326.98
327.33
327.38
327.61
327.65
328.62
328.76
328.98
329.03
329.37
329.42
329.64
329.68
330.30
330.35
330.58
330.63
330.98
331.02
331.26
331.30
332.28
332.42
332.65
332.69
333.06
333.10
333.33
333.37
334.00
334.04
334.27
334.32
334.68
334.72
334.96
335.00
335.97
336.11
336.35
336.39
336.75
336.79
337.03
337.07
337.71
337.75
337.99
338.04
338.40
338.45
338.69
338.73
339.72
339.87
340.10
340.15
340.52
340.57
340.81
340.86
341.48
341.54
341.78
341.83
342.19
342.24
342.48
342.53
343.51
343.66
343.90
343.95
344.32
344.37
344.62
344.67
345.31
345.36
345.69
345.74
346.11
346.16
346.40
346.45
347.45
347.60
347.85
347.90
348.28
348.33
348.58
348.64
349.28
349.33
349.58
349.62
350.01
350.06
350.31
350.36
351.38
351.54
351.79
351.84
352.23
352.28
352.54
352.58
353.26
353.31
353.58
353.63
354.05
354.10
354.36
354.41
355.51
355.68
355.94
355.99
356.39
356.44
356.69
356.74
357.42
357.48
357.75
357.81
358.21
358.27
358.52
358.58
359.70
359.87
360.14
360.19
360.59
360.65
360.91
360.96
361.65
361.71
361.97
362.02
362.44
362.50
362.77
362.82
363.94
364.12
364.37
364.43
364.84
364.90
365.15
365.21
365.91
365.98
366.24
366.30
366.73
366.79
367.05
367.11
368.21
368.39
368.65
368.71
369.13
369.19
369.44
369.50
370.21
370.27
370.53
370.59
371.01
371.07
371.33
371.39
372.50
372.68
372.93
372.99
373.42
373.48
373.74
373.80
374.51
374.57
374.83
374.89
375.31
375.38
375.65
375.70
376.84
377.02
377.27
377.33
377.76
377.81
378.07
378.12
378.81
378.87
379.13
379.19
379.61
379.67
379.93
379.99
381.10
381.28
381.55
381.61
382.04
382.10
382.36
382.42
383.12
383.19
383.45
383.51
383.94
384.00
384.27
384.33
385.45
385.64
385.90
385.96
386.38
386.45
386.71
386.78
387.48
387.55
387.82
387.88
388.31
388.38
388.65
388.71
389.82
390.00
390.27
390.34
390.77
390.83
391.11
391.17
391.88
391.94
392.22
392.28
392.71
392.78
393.06
393.12
394.21
394.39
394.67
394.73
395.17
395.23
395.51
395.57
396.27
396.35
396.62
396.68
397.12
397.18
397.45
397.51
398.61
398.80
399.09
399.16
399.60
399.66
399.93
399.99
400.70
400.76
401.05
401.11
401.55
401.61
401.89
401.95
403.06
403.24
403.54
403.60
404.04
404.10
404.39
404.45
405.15
405.22
405.51
405.57
406.01
406.08
406.36
406.42
407.54
407.73
408.02
408.09
408.53
408.60
408.90
408.96
409.68
409.75
410.05
410.11
410.56
410.62
410.92
410.98
412.11
412.30
412.59
412.66
413.11
413.18
413.48
413.55
414.24
414.31
414.61
414.68
415.14
415.20
415.50
415.58
416.70
416.89
417.18
417.25
417.72
417.79
418.08
418.15
418.86
418.93
419.23
419.30
419.75
419.82
420.12
420.19
421.30
421.48
421.78
421.84
422.30
422.37
422.66
422.73
423.42
423.49
423.78
423.85
424.30
424.37
424.66
424.73
425.84
426.03
426.33
426.39
426.85
426.91
427.21
427.37
428.05
428.12
428.42
428.48
428.95
429.01
429.31
429.38
430.51
430.69
431.00
431.06
431.53
431.60
431.90
431.96
432.67
432.74
433.05
433.11
433.58
433.64
433.95
434.02
435.14
435.34
435.65
435.71
436.19
436.25
436.57
436.63
437.33
437.40
437.71
437.77
438.24
438.31
438.63
438.70
439.83
440.01
440.32
440.38
440.85
440.92
441.23
441.30
441.99
442.07
442.38
442.44
442.91
442.99
443.30
443.37
444.51
444.70
445.00
445.07
445.55
445.62
445.94
446.01
446.71
446.79
447.10
447.17
447.65
447.73
448.04
448.12
449.24
449.44
449.75
449.83
450.31
450.39
450.70
450.78
451.48
451.57
451.87
451.96
452.45
452.54
452.85
452.96
454.09
454.31
454.61
454.70
455.18
455.26
455.58
455.66
456.33
456.43
456.74
456.76
456.85
456.86
457.34
457.36
457.45
457.47
457.78
457.80
457.89
457.90
459.03
459.18
459.27
459.28
459.59
459.60
459.70
459.71
460.19
460.22
460.32
460.33
460.64
460.66
460.76
460.77
461.47
461.49
461.59
461.60
461.90
461.92
462.01
462.03
462.49
462.51
462.60
462.62
462.91
462.93
463.02
463.03
464.11
464.24
464.33
464.35
464.65
464.75
465.22
465.32
465.63
465.72
466.38
466.48
466.79
466.88
467.35
467.44
467.76
467.85
468.92
469.13
469.45
469.54
470.02
470.11
470.43
470.52
471.18
471.29
471.61
471.70
472.16
472.25
472.57
472.66
473.77
473.98
474.30
474.38
474.85
474.92
475.25
475.32
475.98
476.06
476.38
476.46
476.92
476.99
477.32
477.39
478.49
478.69
479.00
479.08
479.54
479.61
479.94
480.01
480.71
480.78
481.11
481.18
481.66
481.73
482.05
482.12
483.26
483.46
483.77
483.84
484.32
484.39
484.72
484.79
485.48
485.55
485.88
485.95
486.43
486.50
486.83
486.90
488.04
488.25
488.57
488.64
489.12
489.19
489.52
489.59
490.28
490.36
490.69
490.76
491.25
491.33
491.66
491.74
492.87
493.07
493.39
493.47
493.96
494.04
494.37
494.46
495.13
495.22
495.55
495.65
496.11
496.21
496.54
496.64
496.64
