0000262144
0000262144
0000262144
0000262144
0000262144
0000262144
0000262144
0000262144
0000262144
0000262144
0000262144
0000262144
0000262144
0000262144
0000262144
0000262144
0000262144
0000262144
0000262144
0000262144
0000262144
0000262144
0000262144
0000262144
0000262144
0000262144
0000262144
0000262144
0000262144
0000262144
0000262144
0000262144
0000262144
0000262144
0000262144
0000262144
0000262144
0000262144
0000262144
0000262144
0000262144
0000262144
0000262144
0000262144
0000262144
0000262144
0000262144
0000262144
0000262144
0000262144
0000262144
0000262144
0000262144
0000262144
0000262144
0000262144
0000262144
0000262144
0000262144
0000262144
0000262144
0000262144
0000262144
0000262144
0000262144
0000262144
0000262144
0000262144
0000262144
0000262144
0000262144
0000262144
0000262144
0000262144
0000262144
0000262144
0000262144
0000262144
0000262144
0000262144
0000262144
0000262144
0000262144
0000262144
0000262144
0000262144
0000262144
0000262144
0000262144
0000262144
0000262144
0000262144
0000000002
0000262144
0000000002
0000262144
0000000002
0000262144
0000000002
0000000002
0000000002
0000262144
0000000002
0000000003
0000000002
0000262144
0000000002
0000000008
0000000002
0000262144
0000000012
0000262144
0000000014
0000000003
0000262144
0000000006
0000000017
0000000008
0000262144
0000000008
0000000017
0000000012
0000262144
0000000012
0000000018
0000000013
0000262144
0000000009
0000000021
0000000007
0000262144
0000000008
0000000025
0000000008
0000262144
0000000004
0000000031
0000000005
0000262144
0000000005
0000000030
0000000006
0000262144
0000000007
0000000036
0000000011
0000262144
0000000014
0000000043
0000000016
0000262144
0000000019
0000000048
0000000022
0000262144
0000000022
0000000069
0000000022
0000262144
0000000023
0000000091
0000000023
0000262144
0000000027
0000000103
0000000030
0000262144
0000000042
0000000118
0000000050
0000262144
0000000052
0000000147
0000000054
0000262144
0000000050
0000000192
0000000048
0000262144
0000000044
0000000236
0000000048
0000262144
0000000048
0000000290
0000000053
0000262144
0000000067
0000000352
0000000079
0000000002
0000262144
0000000002
0000000098
0000000440
0000000119
0000262144
0000000128
0000000540
0000000135
0000262144
0000000147
0000000657
0000000171
0000262144
0000000190
0000000822
0000000190
0000262144
0000000210
0000001005
0000000232
0000262144
0000000256
0000000002
0000001198
0000000002
0000000262
0000000003
0000262144
0000000006
0000000294
0000000006
0000001431
0000000006
0000000321
0000000006
0000262144
0000000007
0000000349
0000000008
0000001686
0000000007
0000000363
0000000005
0000262144
0000000004
0000000406
0000000004
0000001956
0000000004
0000000470
0000000003
0000262144
0000000002
0000000522
0000002276
0000000002
0000000556
0000000002
0000262144
0000000004
0000000587
0000000002
0000002666
0000000003
0000000609
0000000004
0000262144
0000000004
0000000649
0000000004
0000003048
0000000005
0000000676
0000000007
0000262144
0000000005
0000000699
0000000006
0000003481
0000000007
0000000737
0000000008
0000262144
0000000009
0000000789
0000000013
0000003950
0000000010
0000000891
0000000009
0000262144
0000000010
0000000969
0000000010
0000004467
0000000008
0000001007
0000000009
0000262144
0000000018
0000001071
0000000024
0000005078
0000000022
0000001150
0000000017
0000262144
0000000016
0000001210
0000000017
0000005717
0000000022
0000001265
0000000021
0000262144
0000000019
0000001320
0000000024
0000006395
0000000029
0000001378
0000000026
0000262144
0000000023
0000001448
0000000024
0000007165
0000000026
0000001531
0000000018
0000262144
0000000015
0000001620
0000000012
0000007988
0000000019
0000001679
0000000020
0000262144
0000000022
0000001790
0000000026
0000008916
0000000025
0000001865
0000000035
0000262144
0000000035
0000001972
0000000048
0000010007
0000000050
0000002084
0000000049
0000262144
0000000058
0000002230
0000000063
0000011039
0000000065
0000002332
0000000062
0000262144
0000000072
0000002497
0000000078
0000012155
0000000070
0000002552
0000000071
0000262144
0000000063
0000002678
0000000066
0000013294
0000000074
0000002842
0000000080
0000262144
0000000081
0000002994
0000000080
0000014693
0000000086
0000003110
0000000084
0000262144
0000000100
0000003214
0000000102
0000016047
0000000121
0000003344
0000000110
0000262144
0000000108
0000003528
0000000123
0000017552
0000000113
0000003712
0000000112
0000262144
0000000121
0000003860
0000000123
0000019106
0000000127
0000003988
0000000129
0000262144
0000000127
0000004178
0000000133
0000020704
0000000133
0000004355
0000000153
0000262144
0000000161
0000004568
0000000168
0000022466
0000000171
0000004750
0000000168
0000262144
0000000170
0000005005
0000000190
0000024344
0000000194
0000005193
0000000213
0000262144
0000000212
0000005446
0000000190
0000026190
0000000208
0000005599
0000000222
0000262144
0000000219
0000005801
0000000233
0000028194
0000000240
0000006026
0000000264
0000262144
0000000297
0000006339
0000000322
0000030290
0000000317
0000006591
0000000356
0000262144
0000000368
0000006789
0000000379
0000032479
0000000380
0000007073
0000000394
0000262144
0000000445
0000007278
0000000476
0000034817
0000000480
0000007525
0000000491
0000262144
0000000528
0000007739
0000000560
0000037169
0000000601
0000007886
0000000616
0000262144
0000000642
0000008173
0000000672
0000039515
0000000677
0000008428
0000000687
0000262144
0000000727
0000008774
0000000738
0000041967
0000000777
0000009072
0000000792
0000262144
0000000805
0000009392
0000000831
0000044578
0000000851
0000009691
0000000893
0000262144
0000000903
0000010024
0000000932
0000047194
0000000974
0000010316
0000001008
0000262144
0000001033
0000010582
0000001063
0000049893
0000001073
0000010877
0000001121
0000262144
0000001139
0000011322
0000001139
0000052561
0000001167
0000011726
0000001178
0000262144
0000001207
0000012067
0000001247
0000055370
0000001292
0000012542
0000001340
0000262144
0000001373
0000012941
0000001379
0000058069
0000001424
0000000001
0000013382
0000001431
0000000003
0000262144
0000000004
0000001482
0000000007
0000013806
0000000011
0000001512
0000000020
0000060931
0000000022
0000001553
0000000018
0000014228
0000000014
0000001568
0000000019
0000262144
0000000019
0000001613
0000000015
0000014666
0000000015
0000001653
0000000010
0000063826
0000000006
0000001715
0000000002
0000014943
0000000001
0000001771
0000000003
0000262144
0000000004
0000001830
0000000005
0000015382
0000000006
0000001816
0000000010
0000066660
0000000008
0000001835
0000000007
0000015795
0000000004
0000001870
0000000002
0000262144
0000000005
0000001886
0000000003
0000016196
0000000002
0000001922
0000000002
0000069626
0000000004
0000001993
0000000011
0000016549
0000000010
0000002050
0000000009
0000262144
0000000003
0000002097
0000000003
0000016945
0000000003
0000002144
0000000004
0000072609
0000000003
0000002159
0000000005
0000017379
0000000007
0000002201
0000000004
0000262144
0000000004
0000002231
0000000002
0000017872
0000000003
0000002261
0000000003
0000075519
0000000006
0000002288
0000000007
0000018301
0000000004
0000002335
0000000005
0000262144
0000000004
0000002376
0000000003
0000018826
0000000002
0000002423
0000000002
0000078554
0000000002
0000002453
0000000002
0000019288
0000000003
0000002471
0000000005
0000262144
0000000005
0000002522
0000000005
0000019814
0000000004
0000002586
0000000005
0000081503
0000000005
0000002658
0000000004
0000020251
0000000001
0000002689
0000000001
0000262144
0000000002
0000002755
0000000003
0000020702
0000000003
0000002785
0000000004
0000084570
0000000008
0000002789
0000000009
0000021219
0000000011
0000002838
0000000013
0000262144
0000000014
0000002850
0000000018
0000021724
0000000017
0000002919
0000000020
0000087555
0000000026
0000002967
0000000029
0000022214
0000000047
0000003016
0000000044
0000262144
0000000052
0000003111
0000000051
0000022767
0000000055
0000003192
0000000054
0000090542
0000000045
0000003264
0000000034
0000023210
0000000028
0000003274
0000000026
0000262144
0000000018
0000003362
0000000012
0000023887
0000000010
0000003409
0000000010
0000093614
0000000014
0000003439
0000000014
0000024354
0000000013
0000003457
0000000019
0000262144
0000000025
0000003547
0000000033
0000024895
0000000039
0000003612
0000000054
0000096528
0000000065
0000003699
0000000065
0000025343
0000000067
0000003766
0000000068
0000262144
0000000072
0000003817
0000000068
0000025854
0000000069
0000003862
0000000073
0000099382
0000000068
0000003894
0000000056
0000026484
0000000048
0000003956
0000000038
0000262144
0000000034
0000004081
0000000027
0000027102
0000000025
0000004195
0000000030
0000102332
0000000030
0000004266
0000000032
0000027652
0000000031
0000004395
0000000040
0000262144
0000000038
0000004514
0000000035
0000028311
0000000029
0000004646
0000000025
0000105135
0000000034
0000004754
0000000042
0000028741
0000000040
0000004775
0000000044
0000262144
0000000047
0000004926
0000000053
0000029468
0000000054
0000004959
0000000071
0000107964
0000000075
0000005046
0000000094
0000030043
0000000095
0000005138
0000000088
0000262144
0000000095
0000005242
0000000099
0000030522
0000000094
0000005327
0000000100
0000110851
0000000103
0000005461
0000000117
0000031082
0000000123
0000005549
0000000118
0000262144
0000000126
0000005678
0000000133
0000031702
0000000141
0000005816
0000000148
0000113649
0000000148
0000005941
0000000154
0000032300
0000000158
0000006102
0000000169
0000262144
0000000170
0000006215
0000000187
0000032904
0000000186
0000006310
0000000191
0000116478
0000000186
0000006412
0000000180
0000033470
0000000175
0000006506
0000000170
0000262144
0000000172
0000006626
0000000160
0000034280
0000000144
0000006730
0000000142
0000119216
0000000141
0000006809
0000000143
0000034887
0000000133
0000006888
0000000147
0000262144
0000000154
0000007069
0000000154
0000035509
0000000157
0000007216
0000000160
0000121859
0000000175
0000007313
0000000176
0000036004
0000000193
0000007351
0000000203
0000262144
0000000205
0000007467
0000000195
0000036758
0000000209
0000007601
0000000207
0000124572
0000000215
0000007705
0000000223
0000037301
0000000217
0000007752
0000000217
0000262144
0000000222
0000007890
0000000206
0000038003
0000000204
0000008052
0000000206
0000127104
0000000216
0000008145
0000000220
0000038596
0000000217
0000008231
0000000234
0000262144
0000000244
0000008313
0000000256
0000039346
0000000262
0000008459
0000000265
0000129600
0000000287
0000008563
0000000291
0000039943
0000000291
0000008659
0000000285
0000262144
0000000278
0000008786
0000000260
0000040758
0000000260
0000008911
0000000266
0000132020
0000000285
0000009032
0000000264
0000041364
0000000261
0000009146
0000000256
0000262144
0000000257
0000009276
0000000244
0000042151
0000000216
0000009417
0000000219
0000134326
0000000219
0000009503
0000000217
0000042660
0000000238
0000009655
0000000223
0000262144
0000000231
0000009856
0000000231
0000043312
0000000228
0000009989
0000000232
0000136660
0000000220
0000010135
0000000215
0000043820
0000000218
0000010247
0000000233
0000262144
0000000237
0000010492
0000000234
0000044552
0000000230
0000010699
0000000226
0000139019
0000000229
0000010871
0000000224
0000045245
0000000228
0000011011
0000000239
0000262144
0000000253
0000011136
0000000287
0000046068
0000000313
0000011261
0000000355
0000141251
0000000389
0000011423
0000000400
0000046636
0000000415
0000011536
0000000423
0000262144
0000000429
0000011738
0000000443
0000047426
0000000430
0000011813
0000000434
0000143441
0000000444
0000012028
0000000480
0000047966
0000000502
0000012134
0000000517
0000262144
0000000535
0000012312
0000000552
0000048804
0000000546
0000012534
0000000550
0000145515
0000000574
0000012746
0000000582
0000049312
0000000589
0000012929
0000000587
0000262144
0000000627
0000013062
0000000658
0000050103
0000000682
0000013255
0000000673
0000147583
0000000676
0000013325
0000000701
0000050683
0000000693
0000013501
0000000731
0000262144
0000000724
0000013652
0000000713
0000051491
0000000715
0000013835
0000000721
0000149446
0000000689
0000013920
0000000681
0000052186
0000000680
0000014104
0000000655
0000262144
0000000660
0000014357
0000000654
0000053059
0000000662
0000014512
0000000679
0000151248
0000000663
0000014676
0000000658
0000053674
0000000658
0000014779
0000000672
0000262144
0000000692
0000014972
0000000673
0000054482
0000000675
0000015159
0000000679
0000153057
0000000674
0000015256
0000000684
0000055064
0000000736
0000015524
0000000789
0000262144
0000000830
0000015779
0000000871
0000055901
0000000904
0000015969
0000000919
0000154798
0000000936
0000016149
0000000934
0000056535
0000000942
0000016344
0000000960
0000262144
0000000986
0000016496
0000000965
0000057470
0000000943
0000016668
0000000944
0000156478
0000000924
0000016814
0000000935
0000058081
0000000960
0000016997
0000000935
0000262144
0000000954
0000017262
0000000983
0000058845
0000000979
0000017405
0000000976
0000158073
0000000960
0000017584
0000000955
0000059326
0000000930
0000017720
0000000912
0000262144
0000000923
0000017973
0000000957
0000060149
0000000984
0000018162
0000001065
0000159652
0000001093
0000018358
0000001092
0000060608
0000001140
0000018547
0000001213
0000262144
0000001224
0000018682
0000001226
0000061533
0000001265
0000018789
0000001288
0000161084
0000001314
0000018935
0000001392
0000062142
0000001420
0000019151
0000001484
0000262144
0000001537
0000019334
0000001572
0000062903
0000001603
0000019456
0000001642
0000162431
0000001660
0000019609
0000001691
0000063432
0000001753
0000019744
0000001814
0000262144
0000001855
0000019985
0000001885
0000064188
0000001921
0000020073
0000001917
0000163820
0000001963
0000020288
0000002000
0000064632
0000002033
0000020461
0000002107
0000262144
0000002164
0000020637
0000002222
0000065447
0000002290
0000020791
0000002327
0000165092
0000002372
0000020878
0000002378
0000065909
0000002384
0000021074
0000002377
0000262144
0000002401
0000021243
0000002401
0000066581
0000002416
0000021395
0000002429
0000166281
0000002417
0000021636
0000002386
0000067228
0000002373
0000021671
0000002369
0000262144
0000002384
0000021896
0000002386
0000068049
0000002376
0000022078
0000002390
0000167417
0000002388
0000022273
0000002359
0000068582
0000002328
0000022500
0000002319
0000262144
0000002279
0000022705
0000002262
0000069484
0000002249
0000022837
0000002185
0000168573
0000002148
0000022868
0000002122
0000070017
0000002107
0000022991
0000002104
0000262144
0000002161
0000023156
0000002157
0000070955
0000002179
0000023238
0000002220
0000169620
0000002232
0000023336
0000002227
0000071429
0000002273
0000023345
0000002267
0000262144
0000002301
0000023424
0000002314
0000072148
0000002350
0000023607
0000002390
0000170635
0000002408
0000023713
0000002444
0000072682
0000002498
0000023855
0000002530
0000262144
0000002596
0000023980
0000002638
0000073349
0000002711
0000024148
0000002760
0000171509
0000002775
0000024181
0000002814
0000073912
0000002869
0000024352
0000002914
0000262144
0000002931
0000024450
0000002971
0000074766
0000002981
0000024553
0000002998
0000172405
0000002973
0000024705
0000002972
0000075087
0000002937
0000024861
0000002897
0000262144
0000002949
0000025032
0000002962
0000075983
0000002947
0000025058
0000002941
0000173166
0000002938
0000025227
0000002901
0000076397
0000002902
0000025393
0000002848
0000262144
0000002832
0000025720
0000002839
0000077209
0000002878
0000025935
0000002835
0000173958
0000002851
0000026059
0000002850
0000077668
0000002813
0000026192
0000002826
0000262144
0000002859
0000026420
0000002819
0000078423
0000002810
0000026603
0000002783
0000174541
0000002785
0000026717
0000002773
0000078826
0000002771
0000026820
0000002771
0000262144
0000002775
0000027042
0000002792
0000079647
0000002816
0000027256
0000002825
0000175077
0000002798
0000027426
0000002842
0000079988
0000002870
0000027548
0000002880
0000262144
0000002924
0000027768
0000002970
0000080719
0000003030
0000027871
0000003056
0000175519
0000003080
0000028109
0000003049
0000080966
0000003016
0000028143
0000003005
0000262144
0000003011
0000028382
0000003042
0000081736
0000003059
0000028538
0000003062
0000176001
0000003065
0000028681
0000003040
0000082034
0000003014
0000028860
0000003031
0000262144
0000003075
0000029104
0000003133
0000082653
0000003160
0000029266
0000003222
0000176442
0000003279
0000029306
0000003311
0000082999
0000003325
0000029334
0000003351
0000262144
0000003396
0000029623
0000003455
0000083760
0000003508
0000029743
0000003565
0000176766
0000003528
0000029788
0000003522
0000084123
0000003561
0000030008
0000003568
0000262144
0000003590
0000030273
0000003624
0000084705
0000003676
0000030392
0000003723
0000177081
0000003760
0000030557
0000003787
0000085011
0000003788
0000030666
0000003843
0000262144
0000003875
0000030954
0000003863
0000085777
0000003896
0000031082
0000003944
0000177309
0000003975
0000031270
0000003968
0000086136
0000004015
0000031423
0000004031
0000262144
0000004093
0000031697
0000004125
0000086871
0000004133
0000031821
0000004117
0000177467
0000004125
0000031948
0000004170
0000087144
0000004136
0000032066
0000004121
0000262144
0000004158
0000032320
0000004210
0000087743
0000004250
0000032511
0000004267
0000177545
0000004305
0000032578
0000004328
0000087985
0000004357
0000032666
0000004414
0000262144
0000004471
0000032895
0000004493
0000088537
0000004589
0000032978
0000004624
0000177535
0000004719
0000033172
0000004736
0000088715
0000004811
0000033197
0000004816
0000262144
0000004886
0000033520
0000004947
0000089200
0000004953
0000033671
0000004979
0000177611
0000004936
0000033881
0000004985
0000089430
0000004976
0000033933
0000004992
0000262144
0000005019
0000034163
0000005096
0000089832
0000005092
0000034217
0000005069
0000177618
0000005061
0000034316
0000005091
0000090097
0000005092
0000034371
0000005119
0000262144
0000005109
0000034617
0000005100
0000090694
0000005079
0000034766
0000005015
0000177622
0000004992
0000034859
0000004950
0000090941
0000004938
0000035064
0000004895
0000262144
0000004922
0000035231
0000004897
0000091464
0000004888
0000035314
0000004942
0000177552
0000004964
0000035467
0000004959
0000091617
0000005017
0000035534
0000005101
0000262144
0000005244
0000035747
0000005303
0000092107
0000005404
0000035926
0000005434
0000177482
0000005477
0000036022
0000005477
0000092244
0000005484
0000036165
0000005500
0000262144
0000005561
0000036366
0000005590
0000092731
0000005590
0000036544
0000005660
0000177209
0000005639
0000036708
0000005682
0000092849
0000005695
0000036693
0000005707
0000262144
0000005719
0000036902
0000005708
0000093225
0000005714
0000037045
0000005697
0000177007
0000005713
0000037187
0000005710
0000093489
0000005703
0000037270
0000005667
0000262144
0000005664
0000037421
0000005620
0000093828
0000005599
0000037498
0000005616
0000176716
0000005633
0000037510
0000005656
0000093953
0000005664
0000037616
0000005668
0000262144
0000005741
0000037685
0000005760
0000094461
0000005781
0000037886
0000005792
0000176390
0000005762
0000037943
0000005729
0000094620
0000005658
0000037870
0000005595
0000262144
0000005615
0000038107
0000005626
0000095062
0000005650
0000038158
0000005676
0000175982
0000005700
0000038256
0000005753
0000095101
0000005879
0000038250
0000005874
0000262144
0000005948
0000038414
0000006015
0000095582
0000005975
0000038538
0000006010
0000175499
0000006030
0000038657
0000006030
0000095682
0000005998
0000038842
0000006043
0000262144
0000006066
0000039064
0000006094
0000095922
0000006131
0000039152
0000006143
0000175013
0000006185
0000039231
0000006208
0000095998
0000006172
0000039228
0000006123
0000262144
0000006149
0000039391
0000006109
0000096316
0000006079
0000039591
0000005980
0000174492
0000005900
0000039733
0000005868
0000096313
0000005871
0000039811
0000005845
0000262144
0000005882
0000039940
0000005913
0000096698
0000005942
0000039955
0000005953
0000173966
0000005959
0000039958
0000005970
0000096725
0000005973
0000039979
0000005936
0000262144
0000006010
0000040116
0000006001
0000096952
0000005978
0000040151
0000005957
0000173421
0000005940
0000040064
0000005916
0000096987
0000005905
0000040059
0000005868
0000262144
0000005883
0000040183
0000005874
0000097314
0000005863
0000040240
0000005873
0000172868
0000005901
0000040254
0000005867
0000097317
0000005939
0000040229
0000005936
0000262144
0000005952
0000040351
0000005994
0000097539
0000005981
0000040335
0000005980
0000172330
0000006035
0000040435
0000006087
0000097521
0000006058
0000040419
0000006107
0000262144
0000006142
0000040563
0000006156
0000097704
0000006216
0000040557
0000006309
0000171667
0000006344
0000040492
0000006410
0000097682
0000006397
0000040439
0000006368
0000262144
0000006395
0000040536
0000006445
0000097809
0000006399
0000040579
0000006354
0000170983
0000006303
0000040586
0000006233
0000097620
0000006156
0000040673
0000006103
0000262144
0000006175
0000040732
0000006233
0000097894
0000006268
0000040809
0000006340
0000170356
0000006404
0000040811
0000006443
0000097784
0000006508
0000040808
0000006560
0000262144
0000006660
0000040966
0000006734
0000097917
0000006801
0000041054
0000006853
0000169623
0000006920
0000041030
0000000002
0000006986
0000000008
0000097763
0000000016
0000007062
0000000036
0000041010
0000000040
0000007050
0000000032
0000262144
0000000025
0000007118
0000000024
0000041160
0000000026
0000007194
0000000024
0000097906
0000000038
0000007255
0000000042
0000041107
0000000042
0000007284
0000000036
0000168939
0000000032
0000007290
0000000031
0000041107
0000000029
0000007350
0000000018
0000097752
0000000025
0000007382
0000000018
0000041074
0000000008
0000007441
0000000007
0000262144
0000000008
0000007528
0000000002
0000041101
0000007568
0000097872
0000007611
0000041029
0000007648
0000168246
0000007683
0000041020
0000007636
0000097627
0000007635
0000040986
0000007585
0000262144
0000007598
0000041107
0000007592
0000097648
0000007589
0000041012
0000007573
0000167485
0000007509
0000040987
0000007400
0000097448
0000007300
0000040911
0000007142
0000262144
0000007149
0000040942
0000007017
0000097403
0000006923
0000040943
0000006758
0000166687
0000006616
0000040923
0000006584
0000097200
0000006483
0000040767
0000006401
0000262144
0000006415
0000040859
0000006379
0000097243
0000006332
0000040815
0000006236
0000165962
0000006150
0000040755
0000006061
0000096963
0000006022
0000040656
0000005973
0000262144
0000005957
0000040637
0000005955
0000096985
0000006011
0000040568
0000006015
0000165185
0000006038
0000040524
0000006136
0000096749
0000006205
0000040363
0000006283
0000262144
0000006333
0000040375
0000006364
0000096649
0000006413
0000040304
0000006455
0000164476
0000006477
0000040222
0000006486
0000096439
0000006506
0000040229
0000006467
0000262144
0000006526
0000040287
0000006545
0000096506
0000006573
0000040243
0000006599
0000163650
0000006673
0000040166
0000006755
0000096265
0000006899
0000040106
0000006999
0000262144
