1.00571
1.00571
1.01685
1.01685
1.01682
1.01682
1.02203
1.02206
1.02209
1.02206
1.02209
1.02209
1.02209
1.02209
1.02213
1.02216
1.02216
1.02216
1.02213
1.02213
1.02216
1.02216
1.02216
1.02219
1.02222
1.02219
1.02219
1.02222
1.02222
1.02219
1.02216
1.02216
1.02219
1.02219
1.02222
1.02228
1.02228
1.02228
1.02219
1.02222
1.02222
1.02219
1.02216
1.02213
1.02216
1.02209
1.02206
1.02206
1.022
1.02206
1.02203
1.022
1.02194
1.02194
1.02191
1.02191
1.02188
1.02188
1.02191
1.022
1.02194
1.02194
1.02197
1.02197
1.022
1.022
1.022
1.02203
1.02203
1.02206
1.02206
1.02206
1.02206
1.02209
1.02206
1.02206
1.02209
1.02209
1.02209
1.02206
1.02203
1.02191
1.02185
1.02173
1.03577
1.03564
1.0354
1.03513
1.0347
1.0343
1.03378
1.03342
1.02478
1.02475
1.02463
1.02472
1.02472
1.02475
1.02478
1.02478
1.02478
1.02469
1.02454
1.02454
1.02454
1.02457
1.02448
1.02448
1.02448
1.02438
1.02438
1.02432
1.02435
1.02435
1.02426
1.02414
1.02414
1.02414
1.03107
1.03098
1.03098
1.03098
1.03082
1.03073
1.03073
1.03073
1.03046
1.03043
1.03043
1.03043
1.03024
1.03021
1.03021
1.03021
1.02985
1.0228
1.0228
1.0228
1.02274
1.02267
1.02267
1.02267
1.02243
1.02866
1.02866
1.02866
1.02835
1.02832
1.02832
1.02832
1.02823
1.03336
1.03336
1.03336
1.03314
1.03305
1.03305
1.03305
1.03284
1.03275
1.03275
1.03275
1.03226
1.0322
1.0322
1.0322
1.0318
1.03174
1.03174
1.03174
1.03162
1.03152
1.03152
1.03152
1.03125
1.03116
1.03116
1.03116
1.03073
1.03064
1.03064
1.03064
1.03043
1.03046
1.03046
1.03046
1.03033
1.03033
1.03033
1.03033
1.03033
1.02994
1.03375
1.03375
1.03375
1.03375
1.03329
1.0296
1.0296
1.0296
1.02939
1.0293
1.0293
1.0293
1.02921
1.02911
1.02911
1.02911
1.02896
1.0289
1.0289
1.0289
1.02866
1.02866
1.02866
1.02866
1.02866
1.02866
1.02866
1.02844
1.02957
1.02957
1.02957
1.02957
1.02957
1.02957
1.02957
1.02957
1.02951
1.02951
1.02951
1.02951
1.02951
1.02951
1.02951
1.02887
1.02908
1.02908
1.02908
1.02908
1.02908
1.02908
1.02908
1.02896
1.03052
1.03052
1.03052
1.03052
1.03052
1.03052
1.03006
1.04202
1.04202
1.04202
1.04202
1.04202
1.04202
1.04202
1.04126
1.04117
1.04117
1.04117
1.04117
1.04117
1.04117
1.04117
1.04059
1.04056
1.04056
1.04056
1.04056
1.04056
1.04056
1.04056
1.04013
1.0401
1.0401
1.0401
1.0401
1.0401
1.0401
1.0401
1.0387
1.0386
1.0386
1.0386
1.0386
1.0386
1.0386
1.0386
1.03806
1.03802
1.03802
1.03802
1.03802
1.03802
1.03802
1.03802
1.03745
1.03729
1.03729
1.03729
1.03729
1.03729
1.03729
1.03729
1.03702
1.04477
1.04477
1.04477
1.04477
1.04477
1.04477
1.04477
1.04416
1.04398
1.04398
1.04398
1.04398
1.04398
1.04398
1.04398
1.04312
1.05679
1.05679
1.05679
1.05679
1.05679
1.05679
1.05679
1.05551
1.05536
1.05536
1.05536
1.05536
1.05536
1.05536
1.05536
1.05453
1.0546
1.0546
1.0546
1.0546
1.0546
1.0546
1.0546
1.05356
1.0535
1.0535
1.0535
1.0535
1.0535
1.0535
1.0535
1.05157
1.05154
1.05154
1.05154
1.05154
1.05154
1.05154
1.05154
1.05573
1.06503
1.06503
1.06503
1.06503
1.06503
1.06503
1.06503
1.06418
1.06409
1.06409
1.06409
1.06409
1.06409
1.06409
1.06409
1.06308
1.07123
1.07123
1.07123
1.07123
1.07123
1.07123
1.07123
1.07043
1.07037
1.07037
1.07037
1.07037
1.07037
1.07037
1.07037
1.06912
1.08868
1.08868
1.08868
1.08868
1.08868
1.08282
1.08282
1.08237
1.08228
1.08228
1.08228
1.08228
1.08228
1.08121
1.08121
1.08093
1.08582
1.08582
1.08582
1.09824
1.09824
1.09824
1.09824
1.09756
1.09738
1.09738
1.09738
1.09702
1.09702
1.09702
1.09702
1.09662
1.0965
1.0965
1.0965
1.09598
1.09598
1.09598
1.09598
1.09503
1.11621
1.11621
1.11621
1.11591
1.11591
1.11591
1.11591
1.11533
1.11511
1.11511
1.11511
1.10825
1.10825
1.10825
1.10825
1.11417
1.11386
1.11386
1.11386
1.11349
1.11349
1.11349
1.11349
1.11325
1.11288
1.11288
1.11288
1.11258
1.11258
1.11258
1.11258
1.1207
1.11197
1.11197
1.11197
1.12592
1.12592
1.12592
1.12592
1.12509
1.12485
1.12485
1.12485
1.12454
1.12454
1.12454
1.12454
1.12424
1.1326
1.1326
1.1326
1.13208
1.13208
1.13208
1.13208
1.13153
1.13129
1.13129
1.13129
1.13092
1.13092
1.13092
1.13092
1.1301
1.14282
1.14282
1.14282
1.14206
1.14206
1.14206
1.14206
1.14175
1.1416
1.1416
1.1416
1.14145
1.14145
1.14145
1.14145
1.14102
1.14081
1.14081
1.14081
1.1405
1.1405
1.1405
1.1405
1.13992
1.1398
1.1398
1.1398
1.1394
1.1394
1.1394
1.1394
1.13882
1.13867
1.13867
1.13867
1.13791
1.13791
1.13791
1.13791
1.13791
1.13791
1.13718
1.15158
1.15158
1.15158
1.15158
1.15158
1.15158
1.15158
1.15134
1.15134
1.15134
1.15134
1.15134
1.15134
1.15134
1.15134
1.15085
1.16547
1.16547
1.16547
1.16547
1.16547
1.16547
1.16547
1.15005
1.15005
1.15005
1.15005
1.15005
1.15005
1.15005
1.15005
1.14114
1.14941
1.14941
1.14941
1.14941
1.14941
1.14941
1.14941
1.17218
1.17218
1.17218
1.17218
1.17218
1.17218
1.17218
1.17218
1.17191
1.17191
1.17191
1.17191
1.17191
1.17191
1.17191
1.17191
1.17172
1.17172
1.17172
1.17172
1.17172
1.17172
1.17172
1.17172
1.17139
1.17142
1.17142
1.17142
1.17142
1.17142
1.17142
1.17142
1.17114
1.17114
1.17114
1.17114
1.17114
1.17114
1.17114
1.17114
1.17081
1.17093
1.17093
1.17093
1.17093
1.17093
1.17093
1.17093
1.17081
1.17081
1.17081
1.17081
1.17081
1.17081
1.17081
1.17081
1.17068
1.17059
1.17059
1.17059
1.17059
1.17059
1.17059
1.17059
1.17041
1.17041
1.17041
1.17041
1.17041
1.17041
1.17041
1.17041
1.17041
1.17038
1.17038
1.17038
1.17038
1.17038
1.17038
1.17038
1.16983
1.16983
1.16983
1.16983
1.16983
1.16983
1.16983
1.16983
1.16937
1.16943
1.16943
1.16943
1.16943
1.16943
1.16946
1.16946
1.1694
1.1694
1.1694
1.1694
1.1694
1.1694
1.1691
1.1691
1.16919
1.16922
1.16922
1.16922
1.16922
1.16922
1.16879
1.16879
1.16864
1.16864
1.16864
1.16864
1.16864
1.16864
1.16876
1.16876
1.16882
1.16879
1.16879
1.16879
1.16879
1.16879
1.16895
1.16895
1.16898
1.16898
1.16898
1.16898
1.16888
1.16888
1.16888
1.16888
1.16876
1.16873
1.16873
1.16873
1.1687
1.1687
1.1687
1.1687
1.16867
1.16867
1.16867
1.16867
1.16873
1.16873
1.16873
1.16873
1.16855
1.16846
1.16846
1.16846
1.16809
1.16809
1.16809
1.16809
1.16757
1.16757
1.16757
1.16757
1.16727
1.16727
1.16727
1.16727
1.16711
1.16699
1.16699
1.16699
1.16714
1.16714
1.16714
1.16714
1.16705
1.16705
1.16705
1.16705
1.16672
1.16672
1.16672
1.16672
1.16666
1.16675
1.16675
1.16675
1.16647
1.16647
1.16647
1.16647
1.16635
1.16635
1.16635
1.16635
1.16629
1.16629
1.16629
1.16629
1.16614
1.16614
1.16614
1.16614
1.16602
1.16602
1.16602
1.16602
1.16556
1.16556
1.16556
1.16556
1.1655
1.1655
1.1655
1.1655
1.16617
1.16602
1.16602
1.16602
1.16577
1.16577
1.16577
1.16577
1.16574
1.16574
1.16574
1.16574
1.16547
1.16547
1.16547
1.16547
1.16516
1.16516
1.16516
1.16516
1.16473
1.16473
1.16473
1.16473
1.16449
1.16449
1.16449
1.16449
1.16418
1.16418
1.16418
1.16418
1.16425
1.16425
1.16425
1.16425
1.164
1.164
1.164
1.164
1.16388
1.16388
1.16388
1.16388
1.16357
1.16357
1.16357
1.16357
1.1637
1.16367
1.16367
1.16367
1.16357
1.16357
1.16357
1.16357
1.16345
1.16345
1.16345
1.16345
1.16953
1.16953
1.16953
1.16953
1.16925
1.16913
1.16913
1.16913
1.16888
1.16888
1.16888
1.16888
1.16843
1.16843
1.16843
1.16843
1.16824
1.16824
1.16824
1.16824
1.16843
1.16827
1.16827
1.16827
1.16846
1.16846
1.16846
1.16846
1.16815
1.16815
1.16815
1.16815
1.16824
1.16824
1.16824
1.16824
1.16791
1.16776
1.16776
1.16776
1.16803
1.16803
1.16803
1.16803
1.16782
1.16782
1.16782
1.16782
1.1684
1.1684
1.1684
1.1684
1.16843
1.138
1.138
1.138
1.13791
1.13791
1.13791
1.13791
1.1683
1.1683
1.1683
1.1683
1.13763
1.13763
1.13763
1.13763
1.168
1.13754
1.13754
1.13754
1.13751
1.13751
1.13751
1.13751
1.16861
1.16861
1.16861
1.16861
1.16867
1.16867
1.16867
1.16867
1.13785
1.16879
1.16879
1.16879
1.16879
1.16879
1.16879
1.16879
1.16852
1.16852
1.16852
1.16852
1.16864
1.16864
1.16864
1.16864
1.16898
1.16882
1.16882
1.16882
1.16925
1.16925
1.16925
1.16925
1.16931
1.16931
1.16931
1.16931
1.16898
1.16898
1.16898
1.16898
1.16934
1.16962
1.16962
1.16962
1.16968
1.16968
1.16968
1.16968
1.16962
1.16962
1.16962
1.16962
1.16974
1.16974
1.16974
1.16974
1.16965
1.16949
1.16949
1.16949
1.16968
1.16968
1.16968
1.16968
1.16953
1.16953
1.16953
1.16953
1.16916
1.16916
1.16916
1.16916
1.16879
1.16898
1.16898
1.16898
1.16916
1.16916
1.16916
1.16916
1.16895
1.16895
1.16895
1.16895
1.1691
1.1691
1.1691
1.1691
1.1687
1.16855
1.16855
1.16855
1.1684
1.1684
1.1684
1.1684
1.16858
1.16858
1.16858
1.16858
1.16864
1.16864
1.16864
1.16864
1.16855
1.16849
1.16849
1.16849
1.16891
1.16891
1.16891
1.16891
1.16891
1.16891
1.16891
1.16891
1.16885
1.16885
1.16885
1.16885
1.1684
1.16849
1.16849
1.16849
1.1683
1.1683
1.1683
1.1683
1.20541
1.20541
1.20541
1.20541
1.20526
1.20526
1.20526
1.20526
1.20505
1.16745
1.16745
1.16745
1.16678
1.16678
1.16678
1.16678
1.16672
1.16672
1.16672
1.16672
1.16672
1.16672
1.16672
1.16672
1.20352
1.16608
1.16608
1.16608
1.16602
1.16602
1.16602
1.16602
1.20374
1.20374
1.20374
1.20374
1.16876
1.16876
1.16876
1.16876
1.1694
1.16522
1.16522
1.16522
1.16949
1.16949
1.16949
1.16949
1.16739
1.16739
1.16739
1.16739
1.16724
1.16724
1.16724
1.16724
1.18552
1.17322
1.17322
1.17322
1.18643
1.18643
1.18643
1.18643
1.20346
1.20346
1.20346
1.20346
1.18216
1.18216
1.18216
1.18216
1.18216
1.16364
1.16364
1.16364
1.17706
1.17706
1.17706
1.17706
1.17963
1.17963
1.17963
1.17963
1.17953
1.17953
1.17953
1.17953
1.16287
1.16296
1.16296
1.16296
1.16232
1.16232
1.16232
1.16232
1.16852
1.16852
1.16852
1.16852
1.16849
1.16849
1.16849
1.16849
1.17331
1.16202
1.16202
1.16202
1.17331
1.17331
1.17331
1.17331
1.17307
1.17307
1.17307
1.17307
1.17303
1.17303
1.17303
1.17303
1.24414
1.16086
1.16086
1.16086
1.24426
1.24426
1.24426
1.24426
1.24426
1.24426
1.24426
1.24426
1.24423
1.24423
1.24423
1.24423
1.24454
1.16058
1.16058
1.16058
1.24429
1.24429
1.24429
1.24429
1.24426
1.24426
1.24426
1.24426
1.24432
1.24432
1.24432
1.24432
1.24414
1.24142
1.24142
1.24142
1.23538
1.23538
1.23538
1.23538
1.24432
1.24432
1.24432
1.24432
1.24423
1.24423
1.24423
1.24423
1.24426
1.24429
1.24429
1.24429
1.28152
1.28152
1.28152
1.28152
1.36151
1.36151
1.36151
1.36151
1.33688
1.33688
1.33688
1.33688
1.3609
1.25964
1.25964
1.25964
1.35992
1.35992
1.35992
1.37424
1.32959
1.32959
1.32959
1.39029
1.32932
1.32932
1.32932
1.40228
1.3461
1.12314
1.12314
1.12314
1.3898
1.3898
1.3898
1.40155
1.10544
1.10544
1.10544
1.1055
1.10541
1.10541
1.10541
1.12555
1.12231
1.12216
1.12216
1.12216
1.10529
1.10529
1.10529
1.39935
1.10541
1.10541
1.10541
1.39896
1.10532
1.10532
1.10532
1.39838
1.36942
1.10474
1.10474
1.10474
1.36932
1.36932
1.36932
1.39786
1.36899
1.36899
1.36899
1.39719
1.36835
1.36835
1.36835
1.39688
1.36795
1.36755
1.36755
1.36755
1.39594
1.39594
1.39594
1.41531
1.39514
1.39514
1.39514
1.53357
1.3945
1.3945
1.39413
1.39413
1.39423
1.38214
1.38214
1.4136
1.39365
1.39365
1.41364
1.41364
1.39362
1.39362
1.41336
1.41336
1.41333
1.41333
1.41345
1.41345
1.41348
1.39319
1.39319
1.41306
1.39276
1.39276
1.39243
1.39243
1.39206
1.39206
1.39142
1.39142
1.3912
1.3912
1.39099
1.39099
1.32214
1.33218
1.33218
1.34738
1.34268
1.34268
1.33282
1.33282
1.32309
1.32309
1.29697
1.29697
1.34247
1.34247
1.34259
1.34259
1.38852
1.31549
1.31549
1.37195
1.32419
1.32419
1.35797
1.35797
1.35788
1.35788
1.38702
1.38702
1.35757
1.35757
1.38641
1.38641
1.35709
1.33353
1.33344
1.33344
1.30798
1.30798
1.40503
1.40503
1.30762
1.30762
1.39084
1.39084
1.39053
1.39053
1.30762
1.30762
1.30771
1.28653
1.28143
1.28143
1.2868
1.2868
1.28656
1.28656
1.2869
1.2869
1.30798
1.30798
1.28714
1.28714
1.31241
1.31241
1.31192
1.29291
1.31189
1.31189
1.29285
1.29285
1.29279
1.29279
1.29248
1.29248
1.31149
1.31149
1.31158
1.31158
1.30722
1.30722
1.31137
1.28601
1.31097
1.31097
1.28601
1.28601
1.30719
1.30719
1.28619
1.28619
1.28644
1.28644
1.28638
1.28638
1.31143
1.31143
1.29224
1.28641
1.28644
1.28644
1.28607
1.28607
1.29489
1.29489
1.32858
1.32858
1.31403
1.31403
1.33142
1.33142
1.34055
1.34055
1.34039
1.30685
1.28574
1.28574
1.30685
1.30685
1.31912
1.31912
1.32812
1.32812
1.3284
1.3284
1.33978
1.33978
1.32251
1.32251
1.31924
1.31137
1.31161
1.31161
1.35175
1.35175
1.34012
1.34012
1.33978
1.33978
1.35184
1.35184
1.35153
1.35153
1.36621
1.36621
1.38043
1.36624
1.36639
1.36639
1.38043
1.38043
1.38046
1.38046
1.38043
1.38043
1.39838
1.39838
1.36621
1.36621
1.39819
1.39819
1.39786
1.37976
1.37976
1.37976
1.4093
1.4093
1.58182
1.58182
1.5813
1.5813
1.58115
1.58115
1.60648
1.60648
1.58066
1.58066
1.51163
1.58051
1.58029
1.58029
1.51044
1.51044
1.50992
1.50992
1.53415
1.53415
1.37985
1.37985
1.37967
1.37967
1.5076
1.5076
1.57053
1.56296
1.33643
1.33643
1.57166
1.57166
1.57135
1.57135
1.57077
1.57077
1.5701
1.5701
1.56976
1.56976
1.56958
1.56958
1.57376
1.56882
1.56854
1.56854
1.5137
1.5137
1.53964
1.53964
1.53922
1.53922
1.5394
1.5394
1.53925
1.53925
1.53915
1.53915
1.53931
1.56589
1.56573
1.56573
1.53949
1.53949
1.53888
1.53888
1.53857
1.53857
1.53802
1.53802
1.53802
1.53802
1.53775
1.53775
1.53772
1.56433
1.56406
1.56406
1.56357
1.56357
1.56345
1.56345
1.53629
1.53629
1.56287
1.56287
1.56296
1.56296
1.56271
1.56271
1.56274
1.5556
1.55515
1.55515
1.56226
1.56226
1.53519
1.53519
1.55887
1.55887
1.56741
1.56741
1.56708
1.56708
1.56693
1.56693
1.53455
1.55469
1.5549
1.5549
1.53433
1.53433
1.53397
1.53397
1.53381
1.53381
1.53363
1.53363
1.53372
1.53372
1.56055
1.56055
1.56003
1.55966
1.55984
1.55984
1.55966
1.55966
1.55981
1.55981
1.58066
1.58066
1.57654
1.57654
1.5762
1.5762
1.53256
1.53256
1.53281
1.56958
1.56412
1.56412
1.52728
1.52728
1.56357
1.56357
1.52652
1.52652
1.56744
1.56744
1.56711
1.56711
1.52618
1.52618
1.52609
1.56097
1.56042
1.56042
1.56186
1.56186
1.56146
1.56146
1.56091
1.56091
1.57108
1.57108
1.57092
1.57092
1.57071
1.57071
1.5625
1.58401
1.5838
1.5838
1.56174
1.56174
1.5611
1.5611
1.56058
1.56058
1.56042
1.56042
1.56479
1.56479
1.56461
1.56461
1.56479
1.58212
1.58173
1.58173
1.56668
1.56668
1.56625
1.56625
1.57523
1.57523
1.57516
1.57516
1.57489
1.57489
1.57455
1.57455
1.57422
1.57678
1.57648
1.57648
1.5831
1.5831
1.58044
1.58044
1.57642
1.57642
1.57602
1.57602
1.577
1.577
1.57755
1.57755
1.5871
1.59622
1.59613
1.59613
1.58643
1.58643
1.59564
1.59564
1.59543
1.59543
1.57541
1.57541
1.57907
1.57907
1.57544
1.57544
1.57864
1.58606
1.58606
1.58606
1.57816
1.57816
1.57785
1.57785
1.57776
1.57776
1.59296
1.59296
1.5625
1.5625
1.56281
1.56281
1.5625
1.58615
1.58801
1.58801
1.56253
1.56253
1.56241
1.56241
1.58749
1.58749
1.58749
1.58749
1.5871
1.5871
1.58728
1.58728
1.57098
1.58075
1.58063
1.58063
1.57672
1.57672
1.57666
1.57666
1.5762
1.5762
1.57632
1.57632
1.5701
1.5701
1.56647
1.56647
1.56635
1.56668
1.56635
1.56635
1.5661
1.5661
1.56595
1.56595
1.56595
1.56595
1.5654
1.5654
1.56534
1.56534
1.56512
1.56512
1.56989
1.5773
1.577
1.577
1.58331
1.58331
1.58301
1.58301
1.57977
1.57977
1.57971
1.57971
1.58237
1.58237
1.57925
1.57925
1.58221
1.57904
1.57858
1.57858
1.58255
1.58255
1.58258
1.58258
1.58585
1.58585
1.5856
1.5856
1.5993
1.5993
1.59891
1.59891
1.58716
1.59177
1.59186
1.59186
1.58685
1.58685
1.58621
1.58621
1.58578
1.58578
1.57382
1.57382
1.58502
1.58502
1.58459
1.58459
1.5842
1.58377
1.58347
1.58347
1.5834
1.5834
1.5827
1.5827
1.58246
1.58246
1.58325
1.58325
1.58215
1.58215
1.60037
1.60037
1.59973
1.54126
1.54095
1.54095
1.61667
1.61667
1.54001
1.54001
1.53928
1.53928
1.59677
1.59677
1.59677
1.59677
1.59595
1.59595
1.59595
1.59595
1.60532
1.60532
1.60532
1.60532
1.60385
1.62366
1.62366
1.62366
1.53674
1.53674
1.53674
1.53674
1.60397
1.60397
1.60397
1.60397
1.60336
1.60336
1.60336
1.60336
1.60251
1.60251
1.60251
1.60251
1.53534
1.53534
1.53534
1.53534
1.53467
1.53467
1.53467
1.53467
1.53415
1.53415
1.53415
1.53415
1.53397
1.534
1.534
1.534
1.5332
1.5332
1.53271
1.53271
1.53232
1.53232
1.53177
1.53177
1.53152
1.53152
1.53076
1.53076
1.53079
1.53079
1.53116
1.55551
1.55536
1.55536
1.53033
1.53033
1.55487
1.55487
1.55481
1.55481
1.55499
1.55499
1.55548
1.55548
1.55569
1.55569
1.55597
1.5563
1.55658
1.55658
1.55661
1.55661
1.55698
1.55698
1.55725
1.55725
1.55716
1.55716
1.55701
1.55701
1.55655
1.55655
1.55615
1.6077
1.60764
1.60764
1.55551
1.55551
1.55298
1.55298
1.6062
1.6062
1.60602
1.60602
1.60532
1.60532
1.6048
1.6048
1.60443
1.60419
1.60406
1.60406
1.60379
1.60379
1.60349
1.60349
1.60275
1.60275
1.60239
1.60239
1.6019
1.6019
1.60153
1.60153
1.6011
1.60092
1.60077
1.60077
1.60019
1.60019
1.60004
1.60004
1.59964
1.59964
1.59924
1.59924
1.59912
1.59912
1.59918
1.59918
1.59879
1.59848
1.59824
1.59824
1.59784
1.59784
1.57678
1.57678
1.57602
1.57602
1.57605
1.57605
1.5755
1.5755
1.57541
1.57541
1.57532
