51523.6
40776.4
40796.2
40770.9
40594.5
40453.5
40567.6
40328.8
40264.9
40176.2
40197.7
40044
40031.2
39864.2
39919.4
39744.5
39773.7
39532.6
39567.3
39390.2
39422.8
39181.6
39249.8
39059.5
39062.1
38874
38881.4
38716
38676.2
38556.1
38532.5
38365.5
38464.1
38297.4
38396.9
38118.7
38153.4
38006.2
38007.5
37887.1
37838.6
37811.1
37758.6
37715.4
37645.2
37601.4
37412.3
37588.3
37417.9
37344.7
37173.8
37165.2
37053.9
37009.3
36967.9
36995.9
36845
36701.4
36740.6
36815.6
36615.8
36599
36516.7
36509.6
36282.6
36442.4
36350.9
36408.8
36156.3
36310.3
36268.6
36164.8
36322.5
36327.7
36291.2
36071.2
36346.2
36229.5
36291.2
36073.1
36231.1
36230.8
36298
36237.8
36197.4
36258.1
36286.9
36217.5
36443.7
36372.7
36442.4
36458.1
356.898
36983.9
350.85
36916.2
343.588
37025.6
355.802
365.921
353.689
36863.5
353.978
523.655
367.034
36956.5
321.815
1249.51
358.531
37017.1
1782.74
37084.9
2374.29
537.382
37184.3
1012.4
2688.85
1374.33
36977.2
1354.63
2842.96
2050.22
37008.3
1715.43
2176.87
1488.45
37177.2
1592.85
3206.16
1245.61
37151.3
944.011
2852.08
1290.74
37350.9
686.673
4460.86
840.087
37641.6
907.145
4250.61
983.292
37696.7
1148.36
4842.89
1854.93
37316.5
2301.9
5577.11
2538.59
37604.5
3024.33
5589.81
3434.49
37981.7
3588.57
6640.08
3377.81
38149.3
2868.02
7137.09
2992.02
38305.6
4217.03
8397.18
4448.87
38286.1
6083.56
9756.16
6803.13
38429.2
7277.35
9953.29
7480.51
38209.2
6858.19
11004.4
6422.17
38782.4
6634.47
11589.4
7323.69
38685.4
6977.38
11554.1
7519.69
38925.1
6881.25
11903.6
10799.9
328.706
38881.3
337.13
12826.5
14312.1
13696.2
39021
13304.7
14583.2
13614.7
39228.3
14222.1
15793.8
14293.9
39185.1
12777.7
16477.7
16014.3
39431.2
17015.2
17273.6
20015.8
39626.5
21348.8
319.864
17357.4
297.199
20015.3
294.711
39636.4
722.581
24079.2
971.399
17263.3
891.85
27108.9
1057.49
39699.8
1157.3
27325.5
1415.91
17720.4
837.381
27113
631.303
39983.3
709.984
27176
668.852
18546.9
715.573
25100.3
506.629
39763.3
338.735
25859.6
19331.9
344.768
26691.5
364.278
39864
730.407
24846.5
367.27
19871.5
520.306
25940.9
683.591
39900.7
760.46
24726
698.228
20011
865.028
26721.3
1116.13
40291
870.902
27578.5
1046.6
20485.2
1207.31
28800.3
1378.51
40218.6
1270.56
28407.7
1435.65
20876.4
1289.06
29541.8
1280.26
40407.1
1688.49
32416
1627.49
20902.2
1419.7
33059.7
1505.63
40300.6
2916.42
32172
3680.4
20621.4
3585.32
34738.8
2694.41
40743.3
2644
33584.7
2772.14
20888.6
1991.74
34965.9
3398.98
40562.2
3387.91
36569.5
4067.95
21594.6
4822.94
37405.3
4112.95
40688.7
3734.51
37045.4
3270.23
21053.7
4398.73
36857.8
2848.18
40788.6
2361.93
36220.7
2040.99
21583.9
3188.08
36093.1
3513.59
40250.4
3059.75
37148.7
4378.11
21174.3
3295.62
36893.8
3930.8
40678.3
5733.4
38806.9
7389.99
21164.5
7446.19
38392.3
7509.1
40831.1
8905.61
39279.1
9365.86
21292.7
9207.93
37773
8940.65
41070.3
9210.22
39268.1
9666.49
21445.5
9764
36866.7
8420.4
41049.9
9204.84
37777.4
10219
21593.1
10920.5
37510.6
11350.9
41162.4
12201.8
37506.3
11734.8
21971.5
8042.26
37018.7
9054.71
41125.6
13728.3
36891.5
12759.1
22274.2
14078.2
37290.6
14301.6
41005.5
11710
36908
15970.5
22261.1
10949.4
39077.4
15001.2
41415.3
16353
40142.5
15092
23141.7
15960.5
39701.2
16272.8
40911.1
16475.2
40001
17086.6
23527.1
16221.3
40683.1
18202.5
41202.1
17840
40279.7
18474.1
24546.8
18138.2
39638.3
18245.7
40833.2
19145
41375.4
20030.1
25155.2
21100.6
41474.6
24385.7
41189.7
18191.8
40286.4
22158.1
25575.6
19920.5
40827.5
23449
41388.3
24516.3
42048.8
25205.5
26805.9
26647.2
42569.6
29086
40838.3
29423.2
43340.5
27791.5
27437.8
27903.6
42556.9
30468.8
41239.3
30375.5
41866.5
28862.4
27774.4
24633.4
41618
26930.9
41410.2
33228.4
41021.7
34195.2
28793.8
34136.5
40587.3
33403
41304.6
33481
40356.1
34922.7
30415.9
35705.4
40507.6
34684.8
41372.8
34436
39793.9
32586.1
30721.7
34509.4
40116.5
34060.6
41795.4
35733.4
41688
36618.9
31718
34549.3
41283.6
33609.4
41492.6
33295.2
42207.6
34693.6
32499.1
32924
42292.6
33719.7
41985.4
32854.9
40684.1
31905.6
32684.9
34759
41381.9
34070.4
41950.3
35881.6
41591.1
35080.1
33954.4
34972.4
41141.4
33247.5
41967.1
34838
40978.1
34582.7
34482.9
34809.8
40835.2
32049.4
42154.8
32379.2
40148.7
31233.4
34911.6
32214
40525.7
32228.3
42751.7
33504
40594
32308
35924.6
33088.6
169.802
39958.8
31781.7
468.502
42908.9
678.694
34372.4
1160.93
39842.2
1736.89
32225
2918.35
36549.6
3188.4
32936.1
2670.52
39520.8
1923.57
31212.9
2749.49
42665.5
2899.21
32956.1
2134.92
39359.6
2241.62
31778.5
1047.86
37198.8
997.711
33113.7
324.041
39436.3
171.987
32452.4
501.868
43241.5
682.986
33106.6
821.102
39555.2
1025.98
32385.9
1691.71
42413.4
1339.73
35529.2
677.277
44244.1
648.997
34144.1
332.161
42480.8
555.959
35055.6
334.495
45159.7
321.38
34254.6
323.716
42974.3
612.543
34609.9
1673.97
45203
1612.32
33167.2
1486.34
42582
514.101
35585.4
489.036
45250.3
488.438
34633.2
660.6
43878.4
495.197
34945.8
830.14
45202.4
1150.28
33435.7
642.783
43027.4
428.161
34281.8
257.155
45338.9
488.126
34858.2
492.514
44337.1
759.274
33707.9
793.837
44844.8
640.656
32887.8
729.875
43057.9
662.251
34657.9
498.837
45031.1
327.961
32601.8
326.151
45073.5
324.855
34013
332.944
45308.3
495.794
31716.3
756.77
43357.4
840.084
32838.2
852.549
45333.8
650.61
30680.5
826.839
45537.5
839.664
31571.3
672.152
44911.9
162.124
30101.5
166.01
43544.4
270.508
31005.9
442.384
44863.1
346.452
31084.7
641.39
46117.3
1310.5
30078
1469.87
44752.5
1783.77
30269.2
2143.97
44088.3
1704.35
28714.7
2233.14
43817.8
2493.82
29267.7
2113.44
46662.4
3765.03
29343.6
4483.03
44877
7257.05
29694.8
6695.45
44330.4
8138.57
29694.6
7811.29
44686.5
7738.4
29305.1
7771.09
46555.2
3674.6
28225.7
2840.75
44296.8
4294.14
28957.8
3484.33
44714.9
2954.23
29525.8
1905.11
44909.7
1578.88
28752.5
1584.4
47973
1435.29
28659.1
2114.15
43645.7
1687.42
27716.3
2985.9
44850.1
3484.1
29022.4
4624.77
44067.6
5156.47
28706.3
6652.29
48231
8031.11
28949.6
7577.3
44057.8
7443.29
29072.7
6562.07
44796.4
7475.37
28925.2
7516.47
43999.6
7779.57
28656
8033.68
48704.2
8218.71
28093.3
7247.1
43770.6
6881.63
28216.1
5589.77
45069.3
5514.32
28746.3
4186.44
43331.7
3983.92
28249.1
4800.77
49122.4
4610.1
28117.8
4923.78
43508.8
4682.29
28240.6
6100.16
45288.2
4854.76
27815.2
5215.77
43290.9
4451.03
28216.8
3944.52
49396.9
4985.04
28057.8
5849.24
43452
5555.75
27980
5816.14
45749.8
6034.51
31486
6218.81
47608.1
6817.53
31011.7
6324.65
49076.1
7494.44
30786.1
7883.61
48420.3
8073.45
30523.7
7837.92
45882.4
7618.82
30868.8
8411.83
47914.4
8418.59
30938
8688.54
48710
8431.37
30698.1
8450.02
48391
8834.99
31261.9
8044.81
46257.9
8401.81
31492.6
8173.34
48562.7
9005.33
31203.6
8447.55
47694.3
8875.57
32086
8567.17
49536.5
9052.87
32631.5
9161.6
46444.7
9607.56
33048.5
9923.94
50231.6
10182.7
32462.9
9687.65
48749.6
10046.1
32063.6
8573.54
49885.1
10078
32317.7
9161.7
46475.4
9879.64
33119
9451.4
50280.9
8974.59
33219.7
8555.3
49226.7
9123.15
32962.4
8708.6
49817.3
8316.05
32490.8
8922.41
46486.8
9478.34
32937.7
8700.37
49805.5
8903.27
32101.8
8375.23
48745.1
8564.54
32358.9
7992.62
49410.9
8947.22
32186.3
8259.69
46601.1
8454.05
32101.5
7921.19
49408.6
8059.79
31179.2
7576.22
48786.3
8538.02
31090.8
7989.56
49022.4
8871.57
31380.5
8205.46
46684.4
9134.51
31058.8
8469.63
49460.5
8797.44
30444.5
8224.59
50052.3
9253.09
30426.5
9220.57
49589
9875.94
30175.1
9725.72
46972.2
11056.5
30731.9
11446.8
49870.4
12645
30245.8
12024.5
50447.3
12829.3
30217.2
11985.5
49912.5
13421.2
30023.3
12316.9
48532.8
12693.9
29729.2
12310.9
49991.8
12449.6
29658.5
12509.2
50021
13370.5
30403.6
11878.3
49510.2
11935.3
30705.6
11380.3
47603.1
11895
30440.9
10606
49535.4
11238.8
30660.9
10139.7
50431.6
11254.6
30742.8
11057
49571.5
12135.2
30671.4
11672.1
47838.9
12704.5
30436
11905.3
49349.6
12916
30621.7
11911.2
50618.6
12309.5
30705.5
11881.6
49945.5
11886.8
30512.5
11595.7
48112.1
13051.7
31029.9
12675.2
49374.9
13111.8
30746.7
11739
50067.2
12200.8
32120.4
11110.5
49645.5
11632.9
31563.8
11873.7
48294.9
12288.9
31937.3
12941.1
49405.2
14665.6
31403.1
14973.1
50248.3
16643.1
32256.6
16562.8
50028.8
17729.2
32594.3
16948.3
48473.4
17490.7
32827.5
17188.6
49147.2
17587.9
33581.2
16070.5
49165.2
18486.1
33432.2
17728.2
49843.3
19332.5
33828.8
17527.7
48524.1
18097
34439.6
18025.4
48898.1
17805.7
34231.2
17185.7
49215.9
16816.9
34617.8
15187.1
49319.5
15578.8
34820.3
13327.1
48671.3
14547.6
35772.6
13579.1
49276.4
13476.2
34637.3
12505.3
49142.8
20115.7
35428.9
18226.7
49288.4
20407.7
35954.2
18401.8
47540.6
12904.2
36305.8
11883.2
48468.4
12439.7
35155.1
10984.2
49646.3
12163.8
35352.7
11129.3
49373.8
11710.3
35492.4
10553.2
48060.8
11608.2
35519.7
10933.4
48605.9
11598.5
34629.9
10956.3
50172.2
15151.2
34979.7
13567.1
48375.8
12222
35257.4
11867
49413.6
13136.6
35416.1
11961.8
48146.7
12569.4
34656.3
10924.8
49053.6
12114.6
34194.6
10996.8
47423.6
13188.3
34024.9
12620.8
49633.2
14909.2
34648.1
13786
47776
15161.4
33864.6
13839.3
48715.2
15610.9
33826.6
13936.4
45906.7
16428.1
33199
14779.5
49882.3
17844.4
34211.8
16222.7
46523
17257.1
33444.9
15833.9
49056.2
18377.9
33155.7
16682.5
46227.3
19967.6
32678.2
17986.8
50113.6
19918.6
33229.5
18819.6
46103.1
19729.3
32566.9
18149.1
48590.7
18574.3
32133.5
16767.1
46545.3
18841.1
32646.9
16837.1
50245.9
18329.4
33116.8
16496.2
46291.1
16512.4
32217.4
15033
49827.4
15196.5
31813.3
13089.7
44867.1
14797.8
31815.8
13231.5
47370.6
14367.2
33193.8
12525.7
53188.9
15496.7
36146.8
13704.7
45812.6
15386.6
35480.9
14235.4
52790.9
15642.6
35694.6
13844.8
47606.4
14448.8
32872.4
13162.8
52012.8
14197.7
34532.5
12914.2
45457.7
14079.4
34025.7
12806.3
52040.5
14245.6
34112.7
13166.7
47772.5
15330
35232.5
13840.3
51142
14638.9
34129
12897.9
45523.9
14406.9
33330.4
12816.4
50253.5
14121
32631.4
12710.4
47502.6
14465.6
33606.9
13002.5
51166
13621.9
33337.6
11822.9
44946.6
13987.8
33994.9
12340.5
50042.6
14466.1
34016.8
12661.8
44027.6
15222.3
35393.1
13623.2
50096.7
14275.5
33156.3
14902.2
44816.2
14399.3
33520.1
14962.4
50527.4
14446.6
33546.5
15194.3
44501.8
11969.4
30933.4
10515.3
49960.7
14183.7
33699.4
14860.8
50620.5
11023.2
29089.6
11403.7
47059.7
10857.8
28728.4
11152.9
53311.9
11120.9
29752.8
9751.78
46846.7
10520.9
28451.7
14347.7
50892.3
10361.4
28080.3
14702.9
46923.3
10473.4
27616.1
15073.7
43743.8
11492.9
29100.3
10238.1
50312.5
15392.3
34476.2
15828.2
45153.6
15217.5
33943.2
16093
50469.7
15438.5
34103.3
16162.6
44283.6
16583.6
35365.8
15151.5
49862.3
15549.6
33840.2
16256.2
44873.4
15452.8
33744.1
15883.9
50132.5
15333.5
36307.4
15092.2
43726.2
15356.8
34861.8
15255.4
50175.6
14674.5
36150.9
14722
44573.1
14581.3
36712.8
14161.3
49759.6
14028.2
37137.7
13532.1
43173.8
13652.9
35726
13700
50337.2
12666
37169.6
12543.9
44927.4
12421.2
36898.2
12645.8
49507.4
12249.7
36833
12261
45445.2
13069.8
35796.2
13071.1
49308.7
12267.2
37223.7
12083.8
45057.9
12046.2
37163.2
12149.4
48776.3
12208.3
36864.9
12407
44149.6
13328.6
36211.2
13693.8
49022.8
12856
37332.5
13377.8
45132.1
13014.4
37523.8
13565.2
48756.5
13531.5
37926.9
13767.3
44633.2
14521.1
37928.8
13876.2
48289.3
13889.7
37592.1
13785.7
46043.8
13853.2
37843.8
14022.9
49791.4
13866.1
37772.6
13821.7
46153.8
14549.8
37273.9
13820.6
48454.7
13673.7
37690.7
13647.8
46166.9
13678.9
37903.3
13737.9
48024.4
13962.2
37706.5
14062.5
46195.8
14963.8
37515.6
14215.8
49320.9
14645.1
37658.8
14850.3
46231.5
14792.8
37233.6
14865.8
48887.4
14846.3
37322.2
14816.2
46459.8
16089
37576.3
15636.9
48574.8
15855.5
36947.6
16288.7
46143.4
16554
37015.8
16395.9
47524.3
16284
36456.8
16512.5
47151
17377.4
36735
16338.6
48190.2
15771.3
35977
16148.4
45492.9
15932.4
36220
16083.6
47956.5
15560.8
36285
15624.1
45655.2
16319.4
35997.4
15344.5
47498.4
15221.4
36110.8
15291.6
46585.7
14837.4
35992.9
14556.1
48409.9
14775
36222
14887.4
46448.5
15731.7
35447.9
15140.9
47758.4
15033.8
35757.9
15266.4
45963.2
15425.2
36134
15322
47995.2
15310.3
36086.5
15475
44613.8
16578.1
36541.5
15616.1
47479.9
15709.4
36092.9
15529.3
46077.6
15572.3
36397.8
15774
48073.5
15756.5
35944
16015.9
44473.4
16866.6
35671.3
15747.1
47179.9
15828.7
35758.5
15449.5
42579.2
15628.3
35453.6
15390.5
43389.9
15189.2
35731.1
15133.2
41162.9
15902
35850.7
15216.2
44254.5
15736.3
37333.9
15747.7
42651.6
15396.5
35193.7
15487.3
47178.9
15460.5
36119.4
15978.6
39977
16951.4
35497.9
15450.4
43994.3
16277.6
36441.2
16219.3
42555.3
16264.5
36026.5
16428.9
43360.5
16291.2
36531
16532.6
39888.6
17519
36055.8
16826.1
43585.8
16801.7
36543.9
16856.1
41526.8
16670.6
36193.8
16372.6
42540.6
16859.6
36699.1
16729.9
40740.3
16794
36607.1
15752.3
42849.8
16643.2
36565.9
16511.1
41347
16613.8
36715
16816.3
42734.7
16825.5
36940.4
16804.4
40663.2
17481
37110.2
16276.2
43526.9
16030.7
36679.8
15659.5
41482.2
15778.5
37318.6
15724.3
43470.8
15344.5
37263.5
15105.4
40311.6
15966.6
37078.4
14791.9
43347.8
14642.1
38378.4
14952.8
42575.3
14593.3
38252.5
14612.3
43387.4
14460.3
37857.1
14641.6
40850.2
15255.6
36612.7
14307.7
42531.4
14687.4
38088.2
14720.9
41451.9
14486.7
37987.3
14359.2
42545.8
14547.3
37285.7
14351.8
40295.5
15400.2
37667.9
14413
43449.4
14624.3
37489
14418.6
41475.6
14597.8
37381.5
14769
42323.2
14750.2
37944.9
14810.8
40977
15926.9
35355.5
14454.1
42304.9
14929.1
35142.2
14638.2
41415.3
15240.2
36543.1
14968.5
42230.8
14959
36609.4
15294.5
41321.1
15531.2
34185.9
15015
42220.8
14871.4
34376.6
15193.4
41586.6
15143.8
35834
16083.3
41922.4
16423.6
35463.7
16697.9
40575.7
17369
33125.7
16667
41994.3
17239.9
33565.2
17464.4
41462.6
17233.8
32882.6
17437.7
42067.4
17214.5
32447.2
17214.3
40447.7
18029.2
31823.6
17214.3
42251
17094.7
31675.6
17123.7
41908.3
17332.5
31748.9
17398.1
41952.7
17900
31762.6
17808.4
40154
18713.3
31373
18053.5
41917.2
17847.3
31218.4
17299.5
41156.9
17710
31218.2
17542.9
41719.7
18423.2
31900.9
18738
39706.9
19642.3
31383.4
18793.9
41467.4
18884.3
31169.4
18645.9
41253.9
18723.8
31263.7
18709.3
41268
18339
31975.3
18244.6
39903.4
19373.6
31410
18155.7
41097
17645.8
32646.3
17462
40947.6
17373.4
32335.5
18087
42796
17388.6
31574.9
18131.2
40521.1
18839.5
31575.5
18562
42884.4
18263.1
31362.7
18685.4
41754.5
19154.3
31414.3
19215.6
42797.9
19583.1
31389.5
19724.4
40377.8
20481.1
31208.4
19357.6
42889.5
19077
31138.8
19131.5
42201.6
18884.2
30571
18645.6
41969.9
18584.8
31331.9
18036.4
40402.8
18730.1
29762.5
17837.1
40900.7
18190.5
30553.7
17818.9
40826.7
17619.6
30321.7
17080.4
40810.9
16931.4
29968.9
16595.1
40416
17539.3
29725.2
16266.8
41504.8
16403.9
29406.6
15931.2
41687.2
16177.3
29496.5
16001.7
41494.4
15720.6
29387.8
15545.7
40151.8
16937.6
30501.3
15637.1
41629.6
15268.4
30093.5
15185.4
41399.5
15018.4
30071
15081.6
41297.6
14628.7
29721.1
14499.1
40012.4
15570.2
30468.3
14439.2
40580.6
14035.3
30399.2
14003.3
40838
13576.6
30351.8
13157.6
39999.1
13096.3
30394.7
12414.5
40032.9
13198.3
30335.7
11735.5
40243.3
12118.2
31490.2
11851.2
40784.8
11575.8
31492.2
11160.4
40215.2
10834
31232.5
10858
39759.9
11661.6
30716.9
10515.6
40078.7
11954
32517.9
11498.8
42781.4
11196.5
32872
256.517
11175.8
1038.8
40648.1
2158.74
10992.5
3639.21
33089.2
4192.17
10996.1
3448.14
39532.3
2831.69
11766.3
2714.81
32874.5
2360.77
10971.6
3194.48
39665.4
3801.61
11003.5
3994.92
33062.9
4554.24
11032
3440.55
39507.2
4089.7
10955.3
3728.27
32687
3898.95
10939.5
2345.35
42056.3
3329.44
11089.1
2394.34
32141.7
1071.5
11272.6
927.915
41861.3
1022.84
12152.7
250.42
31587.6
11467.6
41663.7
11641.8
30936.9
11897.3
42895.5
12029.2
30343.8
12124.9
42047.1
12472.2
29769.2
12496.4
41959.5
14054.5
29112.5
12815.1
41919.2
12853.1
29078.2
13038.4
41836.1
13151.6
28883.2
13274
40623.8
13517
28623
13869.1
41087.7
15288.6
28482.5
14084
40522
14431.2
28751.6
14272
41538.9
14343.1
28721.7
14464.7
40166.8
14592.5
28617.4
14829.2
40729.4
14606
28677.7
13338.9
40064.4
14919.5
28542.9
14608.8
39804.4
13264.2
28415.9
13381.4
40559.9
13417.9
28459.5
13100.6
39566.9
14216.7
28075.1
13006.2
40396.6
13113.2
28188.9
13288.7
39595.5
13326.8
27874.1
13490.6
40292.6
13351.3
27871.3
13648.8
39691.3
14621.9
27910.4
13430.1
40617.1
13431.5
27386.9
13340.5
39508.2
13246.5
27635.7
13000.5
40306.3
12826.5
27145.1
12479.4
39840
13475.4
27369.9
11885.4
40409.5
11790.8
26991.7
11277.6
40243.8
11104.8
27035.4
10630
41381.7
10349.2
26882.8
10183.3
40835.6
