1.02069
1.02111
1.01876
1.01898
1.01835
1.01861
1.01919
1.01939
1.01906
1.01892
1.01809
1.01967
1.01697
1.01808
1.01791
1.01778
1.01645
1.0172
1.01736
1.01555
1.01688
1.01683
1.01637
1.01517
1.01548
1.01701
1.01604
1.01382
1.0173
1.01465
1.01532
1.01306
1.01406
1.01332
1.01227
1.01294
1.01399
1.01368
1.012
1.01207
1.01305
1.01214
1.00909
1.01036
1.0099
1.01025
1.00842
1.00861
1.00877
1.00942
1.00959
1.0108
1.01062
1.0109
1.01016
1.01111
1.01077
1.01247
1.01127
1.01146
1.01184
1.01256
1.01316
1.01372
1.01343
1.01393
1.01418
1.01467
1.01611
1.01547
1.01582
1.0166
1.01359
1.01341
1.014
1.01604
1.01359
1.01426
1.0141
1.0157
1.01571
1.01492
1.01529
1.01543
1.01994
1.0183
1.01786
1.01912
1.01849
1.01728
1.01711
1.01809
1.11629
1.00613
1.10949
1.00821
1.12948
1.00728
1.14087
1.02249
1.03462
1.01314
1.0776
1.04305
1.01771
1.01187
1.14788
1.16446
1.03672
1.01249
1.19717
1.01095
1.21507
1.03702
1.01174
1.22609
1.16052
1.10776
1.01642
1.16601
1.11003
1.09943
1.01976
1.15562
1.14678
1.07004
1.01939
1.10788
1.19894
1.0563
1.01714
1.31623
1.29191
1.06146
1.0176
1.14728
1.2254
1.08002
1.00954
1.1153
1.28648
1.10785
1.01063
1.20974
1.32003
1.07578
1.01765
1.16841
1.33899
1.13066
1.01899
1.18752
1.44724
1.14183
1.00822
1.15162
1.68618
1.16588
1.00846
1.10624
1.60098
1.08866
1.00777
1.2278
1.8174
1.23013
1.00773
1.30453
1.74304
1.29667
1.00837
1.3328
1.97559
1.27662
1.0097
1.34982
2.07343
1.31155
1.00653
1.22082
2.21409
1.14997
1.00656
1.23688
2.40883
1.18698
1.00662
1.32477
2.44502
1.15897
1.02121
1.00657
1.21469
1.19948
2.41646
1.31117
1.01116
1.2663
2.40705
1.49715
1.00635
1.63355
2.46093
1.67177
1.00934
1.65817
2.30737
1.62427
1.0072
1.7027
2.4184
1.507
1.00829
1.57464
1.03769
2.42974
1.06105
1.3515
1.03378
1.00916
1.24917
1.3865
1.09651
2.45485
1.11542
1.34694
1.05474
1.00861
1.15345
1.4087
1.05728
2.50005
1.02482
1.37505
1.14115
1.00892
1.08817
1.55135
1.07185
2.44268
1.04541
1.7988
1.0561
1.01431
1.13472
1.7676
2.3701
1.06756
1.84624
1.03752
1.01374
1.09785
1.99283
1.04436
2.33639
1.06408
1.94672
1.04694
1.01756
1.04254
2.03992
1.04492
2.33073
1.0427
1.91152
1.11488
1.0151
1.12617
1.89806
1.05157
2.30042
1.05466
1.83597
1.05065
1.01389
1.15808
1.73245
1.25353
2.26321
1.19788
1.78922
1.08601
1.01972
1.13065
1.75215
1.11871
2.29401
1.06519
1.72284
1.07734
1.01926
1.15258
1.74054
1.14356
2.29422
1.08572
1.69759
1.14268
1.01973
1.17325
1.76077
1.07997
2.28388
1.16106
1.57738
1.03165
1.01978
1.11054
1.65609
1.05793
2.23839
1.05852
1.61289
1.10627
1.02997
1.10618
1.63628
1.05624
2.20711
1.05151
1.6524
1.0302
1.02864
1.11846
1.70575
1.03343
2.23966
1.05323
1.70516
1.08443
1.04481
1.14143
1.67873
1.07328
2.26537
1.04758
1.60645
1.11282
1.04176
1.11191
1.63817
1.13752
2.28606
1.14161
1.65679
1.12127
1.04055
1.16558
1.62825
1.14943
2.28165
1.18097
1.6917
1.16532
1.04112
1.22827
1.57753
1.21357
2.27012
1.19077
1.74208
1.24261
1.03947
1.22925
1.70183
1.13533
2.26287
1.12244
1.70822
1.17031
1.05097
1.18777
1.71439
1.15275
2.22975
1.07368
1.71258
1.08943
1.0498
1.24464
1.74886
1.29869
2.19911
1.15923
1.71359
1.20633
1.06031
1.16154
1.66031
1.16272
2.18703
1.06287
1.64381
1.13954
1.05827
1.15464
1.61143
1.27249
2.12578
1.24399
1.63921
1.20838
1.07035
1.24308
1.61946
1.16566
2.10369
1.24072
1.60468
1.24352
1.06882
1.37446
1.60652
1.32764
2.03075
1.38738
1.58604
1.2423
1.08527
1.3164
1.57449
1.34728
1.98303
1.28044
1.57791
1.19544
1.08409
1.29885
1.58473
1.2431
1.93512
1.29203
1.56905
1.26414
1.08306
1.30153
1.54192
1.28897
1.87236
1.23734
1.52386
1.20586
1.1005
1.31935
1.49883
1.43725
1.83419
1.4311
1.52314
1.37778
1.10041
1.37561
1.5442
1.38831
1.79327
1.45168
1.52725
1.3768
1.0998
1.39896
1.58662
1.35333
1.7531
1.36613
1.59605
1.40909
1.10417
1.44298
1.60947
1.41315
1.66286
1.41672
1.59554
1.47745
1.11275
1.48833
1.59551
1.30437
1.61474
1.3523
1.56943
1.39243
1.10909
1.46956
1.54594
1.42654
1.60005
1.52293
1.55215
1.52525
1.11482
1.60359
1.52602
1.53042
1.56876
1.60359
1.522
1.55397
1.11581
1.62091
1.52215
1.50548
1.53219
1.55456
1.53753
1.56917
1.12679
1.53116
1.54408
1.56158
1.51038
1.57517
1.55794
1.64533
1.12446
1.59008
1.56476
1.56554
1.48789
1.57325
1.56095
1.65831
1.12854
1.6756
1.57568
1.59617
1.4603
1.70432
1.57127
1.6903
1.12278
1.67534
1.57587
1.69831
1.43989
1.67642
1.1056
1.59708
1.63181
1.09575
1.12247
1.12933
1.63226
1.09199
1.60296
1.13111
1.71704
1.1925
1.41904
1.24099
1.71923
1.20237
1.59951
1.27829
1.70212
1.19276
1.13588
1.14597
1.65674
1.1842
1.60297
1.15608
1.75812
1.10641
1.40063
1.06343
1.73799
1.10012
1.61294
1.06413
1.73956
1.0776
1.1334
1.10813
1.75222
1.10679
1.60892
1.07346
1.75269
1.10542
1.22243
1.08654
1.55421
1.11401
1.37938
1.11541
1.61997
1.08874
1.15646
1.28918
1.61688
1.31096
1.38295
1.14747
1.62238
1.14118
1.20498
1.12895
1.6497
1.13667
1.38627
1.13064
1.67886
1.10622
1.15644
1.11469
1.61577
1.11413
1.38739
1.11753
1.63826
1.11001
1.19511
1.09127
1.64531
1.13854
1.38575
1.11471
1.67756
1.11088
1.15686
1.1043
1.64903
1.13961
1.37441
1.16461
1.63077
1.13188
1.18561
1.06739
1.67037
1.11392
1.3736
1.11561
1.70587
1.10497
1.15763
1.12638
1.66709
1.12446
1.38779
1.12459
1.73217
1.14212
1.16903
1.15955
1.69118
1.12975
1.37795
1.13368
1.71401
1.10539
1.15391
1.13489
1.74591
1.08766
1.37566
1.11519
1.83329
1.13066
1.15821
1.11371
1.81621
1.09648
1.37918
1.10452
1.86984
1.10438
1.15632
1.1034
1.84786
1.14169
1.37453
1.26024
1.85915
1.1031
1.14477
1.08397
1.9057
1.06574
1.38274
1.11482
1.90812
1.1183
1.15029
1.12221
1.89287
1.10888
1.37745
1.19432
1.90092
1.1848
1.13456
1.28197
1.95178
1.17473
1.37448
1.14855
1.953
1.18384
1.15047
1.21896
1.95272
1.17004
1.38333
1.20038
1.92008
1.14522
1.12412
1.25887
1.91101
1.31642
1.37707
1.18736
1.94847
1.23538
1.15044
1.14054
1.96236
1.17842
1.38189
1.13779
2.00509
1.1671
1.11394
1.15925
2.00049
1.16193
1.37796
1.1173
1.97169
1.15864
1.14751
1.27437
1.9845
1.32135
1.39884
1.36177
1.99353
1.43737
1.10888
1.42126
1.97674
1.46693
1.39632
1.47445
1.97016
1.5575
1.1452
1.60207
1.99587
1.54076
1.39773
1.49974
1.99948
1.55249
1.10111
1.46213
2.02057
1.37721
1.3975
1.26108
2.01392
1.24187
1.14694
1.14423
1.99422
1.18212
1.41093
1.13297
2.0104
1.1594
1.09423
1.13166
2.02015
1.18945
1.40209
1.15135
2.01332
1.17248
1.14707
1.09803
1.98611
1.14464
1.40229
1.13342
2.01831
1.12168
1.09128
1.21851
2.02891
1.27707
1.40507
1.268
2.04095
1.33318
1.15144
1.21702
1.81889
1.25173
1.25117
1.32021
1.82236
1.29069
1.09526
1.63461
1.8364
1.84515
1.25811
1.82176
1.84665
1.75038
1.15264
1.58452
1.80756
1.49888
1.25385
1.69699
1.80262
1.78863
1.09996
1.43676
1.79583
1.93481
1.25803
2.05439
1.8013
2.06658
1.14924
2.1821
1.79097
2.2081
1.25306
2.14473
1.79647
2.29362
1.12706
2.21746
1.73803
2.21251
1.21147
1.89674
1.7009
2.32349
1.14866
1.8499
1.68277
2.04514
1.19846
1.83086
1.71255
2.17961
1.11955
2.41065
1.70525
2.2576
1.19133
2.13955
1.67922
2.12861
1.15495
2.41017
1.68835
2.23274
1.19949
2.19734
1.66563
2.24655
1.11199
2.11677
1.68062
2.2111
1.19986
1.79733
1.65876
2.12524
1.15289
2.1853
1.68903
2.24689
1.19467
2.28978
1.71511
2.42448
1.12426
2.49992
1.69771
2.62439
1.21446
2.58596
1.69805
2.76722
1.15256
2.72615
1.70882
2.77591
1.20737
2.81555
1.73559
2.89924
1.12716
2.72059
1.73613
2.88159
1.21679
2.66049
1.72243
2.79621
1.15548
2.6062
1.73667
2.70859
1.1884
2.57057
1.75153
2.79409
1.09725
2.6635
1.75982
2.64522
1.19144
2.54479
1.77708
2.59265
1.15618
2.39095
1.76277
2.33215
1.18696
2.14995
1.7678
2.21966
1.09788
2.17919
1.76423
2.3299
1.18076
2.10402
1.77058
2.25415
1.12492
1.71433
1.76194
1.76489
1.17102
2.14455
1.7625
2.17022
1.1059
2.18551
1.73491
2.29434
1.19025
2.32133
1.71475
2.36968
1.15604
2.22007
1.69731
1.98991
1.17595
2.19825
1.7096
2.39507
1.10138
2.24981
1.69782
2.24744
1.18443
2.23485
1.69377
2.16958
1.15664
2.22394
1.70116
2.1387
1.16467
2.04985
1.6646
1.78544
1.10043
2.1276
1.68332
2.11056
1.17089
2.18937
1.68329
2.22639
1.15327
1.87538
1.63893
2.06577
1.16066
1.94776
1.64288
1.7425
1.11317
2.19185
1.60655
2.30751
1.16956
2.2128
1.6242
2.19763
1.15491
1.91549
1.58294
2.01906
1.16332
1.9977
1.56649
2.03707
1.10822
2.03163
1.58114
1.98243
1.16161
1.92067
1.56432
1.95031
1.15452
1.97833
1.54495
2.00063
1.16069
1.98842
1.52147
2.01016
1.13363
1.89761
1.50937
1.93465
1.16434
1.84454
1.50549
1.96539
1.15673
1.83851
1.48531
1.86792
1.17618
1.80522
1.47599
1.98364
1.13471
2.11745
1.4637
2.26831
1.1702
2.2984
1.45708
2.5485
1.1595
2.55109
1.43519
2.64056
1.16904
2.53525
1.43575
2.79447
1.13472
1.7991
1.41314
1.80557
1.17617
1.78628
1.39897
1.88761
1.18404
2.87732
1.40777
2.98694
1.17727
2.91495
1.41253
2.81519
1.13334
2.63528
1.41359
2.99912
1.16347
3.0194
1.41087
3.15273
1.17891
3.1138
1.42897
3.14234
1.18007
2.99827
1.42997
2.96617
1.11578
2.16987
1.40327
2.30313
1.16366
2.72851
1.4067
2.82887
1.15279
2.76141
1.41458
2.85585
1.18609
2.78951
1.42259
2.78529
1.14754
2.884
1.42179
2.95156
1.18548
2.44737
1.42078
2.63284
1.15183
2.49302
1.43262
2.56491
1.1888
2.43305
1.4402
2.48118
1.15072
2.31087
1.43626
2.43626
1.22219
2.27776
1.43718
2.28081
1.14775
2.12911
1.44141
2.20635
1.21622
2.14725
1.44722
2.17625
1.15037
1.98796
1.45238
2.05172
1.20844
1.83235
1.46876
1.86059
1.14489
1.77536
1.45938
1.85787
1.21058
1.8329
1.46905
1.86482
1.16799
1.8931
1.4734
1.83201
1.20761
1.85843
1.46603
1.90002
1.14183
1.93058
1.45942
2.02998
1.21259
2.09079
1.47501
2.1514
1.14011
2.25007
1.48784
2.31424
1.24799
2.35495
1.48622
2.47414
1.21328
2.51812
1.45665
2.6983
1.05285
2.23792
1.29085
2.34235
1.2533
2.27063
1.30061
2.27662
1.0615
2.26422
1.31071
2.27174
1.21507
2.59218
1.46846
2.64941
1.07605
2.52071
1.34502
2.4841
1.2539
2.41093
1.35802
2.56552
1.07665
2.44047
1.34887
2.48834
1.21258
2.43832
1.3526
2.48668
1.08874
2.4624
1.35907
2.50423
1.2537
2.46503
1.38999
2.51062
1.09586
2.49289
1.40282
2.52655
1.2186
2.56011
1.40287
2.60679
1.08783
2.63359
1.38964
2.69698
1.26974
2.59259
1.35656
2.58874
1.09995
2.49145
1.35561
2.54825
1.32517
2.48609
1.3407
2.51044
1.10437
2.5328
1.37758
2.51392
1.27421
2.49622
1.3543
2.48059
1.09331
2.46911
1.36436
2.42378
1.31371
3.08752
1.51424
3.2095
1.10934
2.48454
1.33395
2.44332
1.12789
3.19738
1.57128
3.16643
1.16253
3.24747
1.5875
3.2398
1.0867
3.26621
1.5486
3.38508
1.16591
3.32336
1.60279
2.49976
1.12259
3.33504
1.61567
2.41993
1.16937
3.24233
1.63857
2.342
1.33198
3.08674
1.59717
3.21902
1.08987
2.26384
1.3117
2.26112
1.2727
2.20039
1.31497
2.21625
1.08717
2.16136
1.31068
2.12285
1.32561
2.15008
1.29917
2.18485
1.09133
2.1632
1.31386
2.17168
1.27647
2.22572
1.30694
2.21588
1.08347
2.28218
1.27583
2.31818
1.34523
2.26296
1.2914
2.32695
1.0834
2.33967
1.25095
2.32301
1.27855
2.33253
1.2525
2.41923
1.08871
2.4523
1.2393
2.53433
1.35578
2.53757
1.24675
2.5516
1.07132
2.70081
1.23016
2.71203
1.27252
2.73022
1.23549
2.63546
1.07179
2.75141
1.23839
2.78424
1.28379
2.73183
1.26468
2.72855
1.09126
2.80846
1.23571
2.83325
1.25918
2.84268
1.2384
2.81827
1.09369
2.79795
1.23254
2.72957
1.33355
2.66813
1.25723
2.59395
1.08598
2.62689
1.22684
2.57174
1.25969
2.5466
1.21328
2.52492
1.09856
2.53056
1.20459
2.47896
1.31465
2.41153
1.21063
2.47869
1.10632
2.4618
1.20625
2.45071
1.23999
2.45991
1.20663
2.42968
1.07429
2.44896
1.2109
2.39102
1.27057
2.38975
1.20766
2.44753
1.09434
2.45598
1.20167
2.44671
1.23515
2.46326
1.20042
2.37832
1.09595
2.35235
1.19714
2.39661
1.26696
2.32753
1.20523
2.37392
1.07567
2.32009
1.20046
2.27703
1.22174
2.25036
1.19612
2.23922
1.08292
2.26568
1.2044
2.17616
1.26571
2.1536
1.20047
2.15547
1.09424
2.13032
1.21001
2.05455
1.22873
2.04058
1.21693
2.04494
1.09958
2.06272
1.21755
2.04496
1.25027
1.99708
1.22289
2.05714
1.09106
2.04996
1.23248
2.0823
1.25151
2.07174
1.23053
2.08082
1.09029
2.11115
1.23295
2.14442
1.29284
2.11149
1.23089
2.18356
1.09898
2.18043
1.23573
2.20137
1.21138
2.24932
1.23162
2.29265
1.08777
2.27569
1.23074
2.25498
1.26996
2.19201
1.22834
2.20104
1.09503
2.1923
1.23098
2.17684
1.22315
2.15978
1.23186
2.17662
1.09072
2.17526
1.23332
2.16385
1.32216
2.09538
1.21728
2.1322
1.09524
2.14716
1.22409
2.12248
1.22594
2.16196
1.21966
2.14641
1.08802
2.10054
1.21828
2.10975
1.32623
2.08115
1.22494
2.13375
1.09984
2.13253
1.23895
2.15873
1.32883
2.13078
1.23656
2.13025
1.20151
2.18808
1.23696
2.17668
1.43859
2.16535
1.22885
2.18932
1.18446
2.10825
1.18077
2.11026
1.324
2.10476
1.23751
2.13726
1.1018
2.17481
1.2123
2.08818
1.48763
2.06916
1.24208
2.18231
1.1885
2.05277
1.19651
2.0602
1.32595
2.0663
1.19493
2.02925
1.19003
1.99493
1.19052
2.02481
1.49532
1.97868
1.19997
1.99239
1.1895
1.97675
1.19162
1.98925
1.36031
1.99555
1.19347
1.99453
1.21634
1.9774
1.18269
1.99372
1.46246
2.08701
1.18544
2.12419
1.21466
2.00824
1.17822
1.99782
1.35959
2.00714
1.17685
1.97228
1.2117
1.96726
1.17064
1.94056
1.46042
1.9777
1.1662
2.03679
1.18221
2.03368
1.16563
2.07653
1.36056
2.10336
1.15765
2.1226
1.18962
2.13853
1.1513
2.15854
1.47102
2.17668
1.15741
2.24387
1.18462
2.26242
1.1178
2.19338
1.32331
2.27665
1.11739
2.22115
1.18218
2.21994
1.12966
2.20713
1.4509
2.26428
1.17201
2.28882
1.20613
2.22288
1.12276
2.22007
1.35657
2.22765
1.12106
2.25073
1.20649
2.23898
1.14647
2.25833
1.46821
2.23064
1.13439
2.25886
1.18248
2.23486
1.13382
2.23797
1.34779
2.21984
1.13785
2.19802
1.20852
2.15892
1.12061
2.17146
1.44538
2.14762
1.20964
2.25351
1.20305
2.14291
1.20759
2.22826
1.35135
2.13407
1.15197
2.13696
1.20417
2.11248
1.14466
2.10863
1.43853
2.1804
1.22974
2.15693
1.1991
2.17621
1.22573
2.12914
1.34454
2.12417
1.16844
2.00107
1.19975
1.96233
1.17871
1.93079
1.46451
1.93368
1.27484
1.90665
1.2017
1.88295
1.24897
1.8615
1.33981
1.85905
1.26491
1.84434
1.19695
1.87811
1.28483
1.87399
1.46329
1.85075
1.31262
1.88063
1.19437
1.87912
1.29798
1.86968
1.31532
1.84946
1.30352
1.8361
1.196
1.79512
1.30734
1.80587
1.47207
1.77684
1.32157
1.77839
1.18921
1.7956
1.31898
1.8301
1.34276
1.79928
1.32278
1.80477
1.20393
1.70146
1.29535
1.69948
1.49121
1.69115
1.31528
1.69313
1.20064
1.66936
1.3345
1.71439
1.34082
1.70522
1.32526
1.6909
1.20522
1.71286
1.2869
1.70123
1.48396
1.70997
1.30329
1.71611
1.20553
1.7712
1.26094
1.78331
1.34645
1.7855
1.27355
1.71078
1.16414
1.76567
1.30989
1.72519
1.45677
1.70235
1.29949
1.67601
1.16308
1.71094
1.31822
1.67977
1.3179
1.62892
1.307
1.61993
1.15294
1.59256
1.30732
1.57473
1.46241
1.57359
1.31724
1.60052
1.15493
1.62541
1.31731
1.62255
1.29602
1.63738
1.33032
1.641
1.17692
1.65298
1.29417
1.67144
1.45625
1.69932
1.36352
1.699
1.2013
1.66053
1.31761
1.68693
1.33338
1.71873
1.3251
1.76889
1.20159
1.78235
1.33158
1.7803
1.45412
1.80951
1.3497
1.8565
1.18078
1.84714
1.3573
1.87272
1.30397
1.87397
1.35803
1.90244
1.17739
1.92754
1.355
1.93203
1.46668
1.89541
1.31047
1.94784
1.17228
1.98678
1.32477
1.99515
1.30928
2.02476
1.32813
2.0224
1.17395
2.03254
1.33633
2.09926
1.47478
2.065
1.31268
2.10981
1.19481
2.16197
1.31253
2.17442
1.31892
2.2297
1.31408
2.2862
1.20033
2.29042
1.29517
2.38816
1.47534
2.38962
1.30921
2.51074
1.20125
2.4224
1.25778
2.4868
1.3214
2.53819
1.25043
2.58766
1.19773
2.68741
1.26136
2.67143
1.48785
2.69892
1.27695
2.75646
1.21688
2.44803
1.20149
2.55692
1.25457
2.6098
1.20135
1.49131
2.62523
1.43562
1.18861
1.45948
2.6479
1.5125
1.19367
1.56731
2.69213
1.52667
1.4978
1.43608
2.63303
1.44087
1.19173
1.48802
2.70141
1.26987
1.21658
1.40131
2.67143
1.46163
1.19589
1.48738
2.6796
1.40086
1.3598
1.3259
2.68076
1.37947
1.20636
1.34208
2.68134
1.38732
1.1358
1.3502
2.66437
1.39003
1.22377
1.43908
2.62609
1.41053
1.41495
1.4306
2.53087
1.41317
1.24376
2.56542
1.13848
2.52559
1.26143
2.48631
1.24443
2.44979
1.29265
2.41107
1.12961
2.34177
1.31174
2.33572
1.41004
2.24015
1.32455
2.26823
1.12997
2.26316
1.34208
2.24108
1.27516
2.22228
1.34846
2.19593
1.16677
2.14773
1.34931
2.09259
1.43617
2.0033
1.35166
2.03197
1.16905
2.016
1.34624
2.0222
1.27604
2.01221
1.34779
1.99186
1.16978
1.96477
1.34686
1.93393
1.43909
2.12247
1.34866
2.18822
1.17393
1.89327
1.34217
1.93653
1.32969
2.16938
1.35484
2.15555
1.15163
2.14903
1.35252
2.1681
1.47767
2.14428
1.35726
2.17657
1.15045
2.17222
1.36145
2.15102
1.32754
2.14969
1.36647
2.11319
1.14827
2.12099
1.3617
2.08027
1.4736
2.07817
1.36821
2.11669
1.14093
2.11224
1.37739
2.12133
1.32444
2.13679
1.3787
2.17278
1.14308
2.18306
1.38465
2.23884
1.46895
2.2281
1.38709
2.33146
1.13793
2.36863
1.39738
2.41538
1.28704
2.4854
1.39419
2.56537
1.0999
2.64026
1.38826
2.66838
1.4331
