0.44
6.60
10.32
14.06
17.78
21.59
25.38
29.19
33.02
36.87
40.68
44.53
48.38
52.25
56.09
60.00
63.98
67.97
71.96
75.96
79.98
84.00
88.01
92.05
96.11
100.18
104.25
108.31
112.38
116.46
120.55
124.64
128.74
132.83
136.96
141.08
145.20
149.33
153.47
157.60
161.75
165.91
170.09
174.26
178.44
182.63
186.84
191.04
195.27
199.49
203.74
207.97
212.24
216.49
220.75
225.01
229.29
233.56
237.84
242.14
246.44
250.75
255.04
259.35
263.67
267.97
272.30
276.65
280.98
285.30
289.62
293.97
298.29
302.63
306.96
311.30
315.66
319.99
324.31
328.66
332.99
337.31
341.66
346.02
350.34
354.65
358.95
363.26
367.58
371.87
376.19
380.48
380.76
385.06
385.34
389.60
389.88
394.16
394.43
394.46
394.48
398.77
399.04
399.07
399.09
403.35
403.62
403.65
403.67
407.93
408.21
412.47
412.75
412.77
417.00
417.27
417.30
417.33
421.56
421.83
421.86
421.89
426.13
426.41
426.43
426.45
430.67
430.94
430.97
430.99
435.22
435.49
435.52
435.54
439.77
440.05
440.07
440.09
444.29
444.57
444.59
444.61
448.82
449.09
449.12
449.14
453.32
453.59
453.61
453.64
457.81
458.08
458.10
458.12
462.29
462.57
462.60
462.62
466.78
467.05
467.08
467.10
471.25
471.53
471.55
471.57
475.71
475.98
476.01
476.03
480.16
480.44
480.46
480.49
484.60
484.88
484.91
484.94
489.04
489.32
489.36
489.39
493.50
493.77
493.80
493.83
497.93
498.21
498.24
498.26
498.29
502.38
502.65
502.68
502.75
502.78
506.85
507.14
507.17
507.19
511.26
511.54
511.57
511.59
515.65
515.93
515.96
515.98
520.03
520.32
520.35
520.38
524.40
524.69
524.71
524.75
524.78
524.80
524.83
528.84
529.12
529.14
529.17
529.21
529.23
529.25
529.28
533.29
533.57
533.59
533.62
533.66
533.69
533.72
533.74
537.74
538.02
538.04
538.07
538.11
538.14
538.16
538.18
542.16
542.44
542.46
542.51
542.54
542.56
542.59
546.54
546.82
546.86
546.88
546.94
546.97
547.00
547.02
550.96
551.24
551.27
551.29
551.35
551.38
551.40
551.43
555.38
555.65
555.68
555.71
555.77
555.79
555.82
555.84
559.78
560.07
560.10
560.12
560.19
560.22
560.25
560.27
564.13
564.39
564.42
564.44
564.51
564.53
564.56
564.58
568.34
568.60
568.63
568.65
568.73
568.75
568.78
568.80
572.54
572.80
572.83
572.85
572.93
572.95
572.98
573.00
576.74
577.01
577.04
577.06
577.16
577.18
577.21
577.23
580.96
581.23
581.26
581.28
581.39
581.41
581.44
581.47
585.17
585.43
585.47
585.49
585.60
585.62
585.66
585.68
589.40
589.66
589.69
589.71
589.84
589.86
589.90
589.92
593.63
593.89
593.93
593.95
594.09
594.11
594.15
594.17
597.85
598.12
598.15
598.18
598.33
598.35
598.39
598.41
602.11
602.42
602.45
602.48
602.64
602.66
602.70
602.72
606.37
606.64
606.68
606.70
606.88
606.90
606.95
606.97
610.62
610.89
610.94
610.96
611.15
611.18
611.22
611.24
614.87
615.13
615.18
615.20
615.41
615.43
615.48
615.50
619.10
619.37
619.42
619.44
619.67
619.69
619.75
619.77
623.40
623.67
623.72
623.74
623.97
624.00
624.32
624.34
627.94
628.21
628.27
628.29
628.54
628.57
628.88
628.90
632.47
632.73
632.79
632.81
633.33
633.36
633.41
633.44
636.99
637.26
637.32
637.34
637.89
637.91
637.97
638.00
641.53
641.79
641.86
641.88
642.44
642.46
642.53
642.56
646.07
646.34
646.41
646.44
647.03
647.05
647.24
647.26
650.75
651.02
651.09
651.12
651.73
651.75
651.83
651.85
655.34
655.61
655.69
655.71
656.33
656.36
656.43
656.46
659.91
660.18
660.26
660.28
660.92
660.95
661.03
661.06
664.51
664.79
664.87
664.90
665.56
665.59
665.67
665.70
669.12
669.39
669.48
669.51
670.19
670.22
670.31
670.34
673.80
674.08
674.17
674.20
674.91
674.94
675.03
675.06
678.52
678.80
678.90
678.93
679.66
679.69
679.78
679.81
683.20
683.49
683.59
683.62
684.37
684.40
684.51
684.54
687.92
688.20
688.30
688.34
689.12
689.15
689.26
689.29
692.67
692.95
693.06
693.09
693.89
693.92
694.03
694.07
697.40
697.68
697.80
697.83
698.66
698.70
698.82
698.86
702.18
702.46
702.59
702.63
703.49
703.52
703.54
703.67
703.71
703.73
707.04
707.30
707.33
707.35
707.49
707.51
707.54
707.57
708.44
708.47
708.50
708.53
708.66
708.69
708.72
708.74
712.04
712.30
712.34
712.36
712.50
712.52
712.56
712.58
713.48
713.50
713.55
713.57
713.72
713.74
713.78
713.80
717.09
717.36
717.40
717.42
717.57
717.59
717.63
717.65
718.57
718.59
718.63
718.65
718.80
718.82
718.86
718.88
722.15
722.42
722.46
722.48
722.64
722.66
722.70
722.72
723.66
723.69
723.73
723.75
723.91
723.93
723.97
723.99
727.25
727.53
727.57
727.60
727.77
727.79
727.83
727.85
728.82
728.84
728.89
728.91
729.07
729.09
729.14
729.16
732.40
732.68
732.72
732.74
732.91
732.94
732.98
733.00
734.01
734.04
734.08
734.10
734.28
734.30
734.34
734.37
737.61
737.89
737.93
737.95
738.13
738.15
738.19
738.22
739.24
739.26
739.30
739.32
739.51
739.53
739.57
739.60
742.93
743.20
743.24
743.27
743.45
743.47
743.56
743.58
744.65
744.67
744.72
744.74
744.93
744.95
745.00
745.02
748.40
748.69
748.74
748.76
748.96
748.98
749.29
749.32
750.39
750.41
750.46
750.49
750.68
750.71
751.02
751.04
754.34
754.62
754.67
754.69
754.90
754.92
755.24
755.26
756.37
756.40
756.45
756.47
756.69
756.72
757.04
757.06
760.43
760.72
760.77
760.79
761.02
761.04
761.35
761.38
762.52
762.54
762.60
762.62
763.10
763.12
763.18
763.20
766.55
766.83
766.88
766.91
767.40
767.42
767.47
767.50
768.67
768.70
768.75
768.77
769.27
769.29
769.35
769.37
772.61
772.89
772.95
772.97
773.47
773.50
773.55
773.58
774.77
774.80
774.86
774.88
775.39
775.41
775.47
775.49
778.73
779.00
779.06
779.09
779.58
779.61
779.67
779.69
780.91
780.94
781.00
781.02
781.53
781.55
781.61
781.63
784.92
785.20
785.27
785.29
785.80
785.82
785.89
785.91
787.16
787.18
787.24
787.27
787.78
787.81
787.87
787.90
791.11
791.39
791.45
791.48
792.00
792.02
792.09
792.12
793.38
793.41
793.48
793.50
794.04
794.06
794.14
794.16
797.35
797.63
797.70
797.72
798.26
798.28
798.36
798.38
799.68
799.70
799.77
799.80
800.34
800.37
800.44
800.46
803.71
803.99
804.07
804.09
804.64
804.66
804.74
804.77
806.11
806.13
806.21
806.23
806.78
806.81
806.88
806.91
810.14
810.42
810.50
810.53
811.07
811.09
811.18
811.24
812.60
812.63
812.71
812.73
813.30
813.32
813.41
813.43
816.65
816.94
817.02
817.05
817.61
817.64
817.73
817.75
819.11
819.13
819.22
819.25
819.82
819.85
819.94
819.96
823.14
823.42
823.51
823.53
824.11
824.14
824.23
824.25
825.66
825.68
825.77
825.80
826.38
826.41
826.50
826.52
829.71
830.00
830.10
830.12
830.71
830.74
830.84
830.86
832.29
832.31
832.41
832.44
833.04
833.06
833.17
833.20
836.34
836.63
836.73
836.75
837.35
837.38
837.48
837.51
838.98
839.01
839.11
839.14
839.75
839.78
839.88
839.91
843.14
843.45
843.56
843.58
844.20
844.23
844.35
844.38
845.89
845.91
846.02
846.05
846.69
846.72
846.83
846.86
850.08
850.38
850.49
850.52
851.16
851.19
851.30
851.33
852.87
852.89
853.01
853.04
853.67
853.70
853.82
853.84
857.06
857.35
857.47
857.50
858.15
858.17
858.30
858.33
859.88
859.91
860.03
860.06
860.72
860.75
860.87
860.90
864.07
864.37
864.51
864.53
865.18
865.21
865.33
865.36
866.89
866.92
867.05
867.08
867.80
867.82
867.97
868.00
871.25
871.54
871.67
871.70
872.38
872.41
872.54
872.57
874.19
874.21
874.35
874.38
875.07
875.09
875.23
875.30
878.49
878.79
878.93
878.95
879.64
879.67
879.81
879.84
881.47
881.50
881.64
881.67
882.37
882.39
882.54
882.57
885.74
886.03
886.18
886.21
886.91
886.94
887.09
887.11
888.76
888.79
888.94
888.97
889.68
889.71
889.86
889.89
893.07
893.37
893.52
893.55
894.27
894.30
894.46
894.49
896.15
896.18
896.34
896.37
897.09
897.12
897.28
897.31
900.48
900.79
900.95
900.98
901.71
901.74
901.90
901.94
903.64
903.67
903.84
903.87
904.61
904.64
904.81
904.84
908.02
908.32
908.49
908.52
909.27
909.30
909.47
909.51
911.24
911.28
911.45
911.49
912.24
912.28
912.45
912.48
915.66
916.09
916.26
916.29
917.05
917.09
917.26
917.30
919.05
919.08
919.26
919.30
920.07
920.10
920.28
920.32
923.49
923.80
923.98
924.02
924.78
924.81
925.00
925.04
926.78
926.82
927.00
927.04
927.81
927.85
928.04
928.07
931.19
931.50
931.69
931.72
932.51
932.54
932.74
932.77
934.53
934.57
934.76
934.80
935.59
935.62
935.82
935.86
938.97
939.27
939.47
939.51
940.35
940.39
940.60
940.64
942.41
942.45
942.66
942.69
943.50
943.54
943.75
943.79
946.90
947.21
947.42
947.46
948.29
948.33
948.55
948.59
950.40
950.44
950.66
950.70
951.53
951.56
951.78
951.82
954.92
955.22
955.44
955.48
956.31
956.35
956.57
956.61
958.41
958.45
958.68
958.72
959.58
959.61
959.85
959.89
962.98
963.30
963.53
963.57
964.41
964.45
964.69
964.73
966.54
966.59
966.83
966.87
967.72
967.76
968.00
968.05
971.19
971.51
971.75
971.80
972.66
972.71
972.94
972.99
974.86
974.91
975.14
975.19
976.08
976.13
976.36
976.42
979.54
979.86
980.11
980.16
981.04
981.10
981.34
981.39
983.26
983.32
983.57
983.63
984.51
984.57
984.81
984.88
987.98
988.30
988.55
988.61
989.50
989.56
989.81
989.87
991.75
991.81
992.06
992.13
993.04
993.11
993.36
993.43
996.55
996.89
997.14
997.21
998.12
998.19
998.44
998.52
1000.46
1000.53
1000.83
1000.91
1001.84
1001.91
1002.17
1002.25
1005.39
1005.74
1005.99
1006.07
1007.00
1007.07
1007.34
1007.70
1009.60
1009.68
1009.95
1010.31
1011.24
1011.32
1011.59
1011.95
1015.04
1015.39
1015.66
1015.73
1016.68
1016.75
1017.02
1017.38
1019.30
1019.37
1019.65
1020.01
1020.96
1021.03
1021.32
1021.68
1024.80
1025.14
1025.42
1025.49
1026.45
1026.52
1026.80
1027.16
1029.09
1029.16
1029.45
1029.80
1030.75
1030.82
1031.11
1031.46
1034.58
1034.93
1035.22
1035.29
1036.84
1036.91
1037.20
1037.55
1039.45
1039.52
1039.82
1040.16
1041.12
1041.19
1041.49
1041.83
1044.90
1045.24
1045.53
1045.60
1046.60
1046.67
1046.97
1047.33
1049.32
1049.39
1049.70
1050.06
1051.05
1051.13
1051.70
1051.78
1054.88
1055.23
1055.53
1055.89
1056.90
1056.98
1057.56
1057.64
1059.61
1059.69
1060.27
1060.35
1061.37
1061.44
1062.03
1062.11
1065.22
1065.58
1065.89
1066.26
1067.32
1067.40
1067.99
1068.07
1070.08
1070.16
1070.76
1070.84
1071.89
1071.97
1072.57
1072.65
1075.79
1076.15
1076.47
1076.83
1077.87
1077.96
1078.55
1078.64
1080.70
1080.78
1081.39
1081.48
1082.55
1082.64
1083.24
1083.33
1086.49
1086.86
1087.18
1087.55
1088.62
1088.70
1089.31
1089.39
1091.44
1091.52
1092.12
1092.20
1093.27
1093.35
1093.95
1094.03
1097.14
1097.50
1098.10
1098.18
1099.25
1099.33
1099.94
1100.02
1102.02
1102.10
1102.72
1102.80
1103.87
1103.95
1104.56
1104.64
1107.79
1108.15
1108.76
1108.84
1109.93
1110.01
1110.64
1110.72
1112.75
1112.83
1113.46
1113.55
1114.65
1114.73
1115.36
1115.44
1118.57
1118.93
1119.56
1119.64
1120.75
1120.83
1121.47
1121.56
1123.61
1123.69
1124.33
1124.41
1125.51
1125.59
1126.23
1126.31
1129.38
1129.73
1130.35
1130.43
1131.57
1131.65
1132.28
1132.36
1134.36
1134.44
1135.08
1135.16
1136.26
1136.34
1136.98
1137.05
1140.12
1140.48
1141.12
1141.20
1142.34
1142.42
1143.07
1143.15
1145.18
1145.26
1145.91
1145.99
1147.11
1147.19
1147.85
1147.93
1151.01
1151.37
1152.02
1152.11
1153.24
1153.33
1153.98
1154.07
1156.11
1156.20
1156.85
1156.94
1158.08
1158.17
1158.83
1158.91
1162.01
1162.37
1163.03
1163.12
1164.28
1164.37
1165.03
1165.12
1167.17
1167.27
1168.09
1168.19
1169.35
1169.44
1170.12
1170.21
1173.31
1173.68
1174.35
1174.45
1175.60
1175.70
1176.37
1176.47
1178.51
1178.62
1179.29
1179.39
1180.56
1180.66
1181.33
1181.43
1184.53
1184.91
1185.58
1185.68
1186.86
1186.96
1187.64
1187.74
1189.81
1189.92
1190.60
1190.71
1191.93
1192.04
1192.72
1192.83
1195.92
1196.31
1196.98
1197.09
1198.29
1198.40
1199.09
1199.20
1201.29
1201.41
1202.10
1202.21
1203.42
1203.53
1204.23
1204.34
1207.50
1207.90
1208.60
1208.72
1209.97
1210.09
1210.80
1210.92
1213.05
1213.18
1213.90
1214.02
1215.26
1215.38
1216.10
1216.22
1219.49
1219.90
1220.62
1220.74
1222.00
1222.13
1222.85
1222.98
1225.15
1225.27
1226.00
1226.12
1227.38
1227.51
1228.24
1228.36
1231.63
1232.05
1232.77
1232.90
1234.16
1234.30
1235.03
1235.16
1237.33
1237.46
1238.20
1238.33
1239.61
1239.73
1240.47
1240.60
1243.89
1244.31
1245.04
1245.17
1246.44
1246.57
1247.32
1247.45
1249.60
1249.73
1250.47
1250.60
1251.88
1252.05
1252.79
1252.92
1256.17
1256.59
1257.34
1257.46
1258.76
1258.88
1259.64
1259.77
1261.94
1262.06
1262.82
1262.94
1264.23
1264.36
1265.13
1265.26
1268.54
1268.96
1269.72
1269.85
1271.15
1271.28
1272.05
1272.18
1274.37
1274.50
1275.28
1275.42
1276.73
1276.87
1277.65
1277.79
1281.10
1281.54
1282.32
1282.46
1283.79
1283.93
1284.70
1284.85
1287.03
1287.17
1287.95
1288.10
1289.41
1289.56
1290.34
1290.49
1293.77
1294.21
1294.98
1295.13
1296.46
1296.60
1297.39
1297.54
1299.73
1299.87
1300.67
1300.82
1302.16
1302.31
1303.11
1303.26
1306.59
1307.03
1307.82
1307.96
1309.30
1309.45
1310.24
1310.39
1312.58
1312.78
1313.58
1313.73
1315.07
1315.22
1316.02
1316.16
1319.45
1319.89
1320.68
1320.82
1322.17
1322.32
1323.12
1323.27
1325.44
1325.59
1326.40
1326.54
1327.89
1328.03
1328.84
1328.98
1332.23
1332.66
1333.45
1333.60
1334.92
1335.06
1335.85
1335.99
1338.12
1338.26
1339.06
1339.20
1340.52
1340.66
1341.46
1341.60
1344.88
1345.32
1346.13
1346.28
1347.61
1347.76
1348.58
1348.73
1350.88
1351.03
1351.84
1351.98
1353.33
1353.47
1354.29
1354.43
1357.70
1358.13
1358.95
1359.09
1360.44
1360.58
1361.41
1361.55
1363.70
1363.85
1364.68
1364.82
1366.20
1366.34
1367.18
1367.37
1370.62
1371.05
1371.86
1372.01
1373.35
1373.50
1374.33
1374.47
1376.62
1376.76
1377.59
1377.73
1379.10
1379.24
1380.08
1380.22
1383.45
1383.88
1384.72
1384.86
1386.22
1386.36
1387.21
1387.35
1389.49
1389.63
1390.46
1390.61
1391.96
1392.10
1392.93
1393.08
1396.28
1396.70
1397.53
1397.68
1399.05
1399.20
1400.04
1400.32
1402.47
1402.62
1403.47
1403.62
1404.99
1405.14
1405.99
1406.14
1409.38
1409.82
1410.66
1410.82
1412.20
1412.35
1413.19
1413.34
1415.48
1415.64
1416.49
1416.65
1418.04
1418.20
1419.06
1419.21
1422.52
1423.02
1423.88
1424.03
1425.44
1425.60
1426.46
1426.62
1428.79
1428.95
1429.82
1429.97
1431.39
1431.54
1432.41
1432.57
1435.87
1436.32
1437.18
1437.34
1438.75
1438.91
1439.77
1439.93
1442.08
1442.24
1443.11
1443.27
1444.68
1444.84
1445.70
1445.86
1449.13
1449.59
1450.45
1450.61
1452.04
1452.21
1453.07
1453.24
1455.38
1455.55
1456.42
1456.58
1458.01
1458.18
1459.05
1459.22
1462.50
1462.96
1463.83
1464.00
1465.43
1465.61
1466.48
1466.66
1468.80
1468.99
1469.85
1470.04
1471.46
1471.65
1472.53
1472.77
1476.11
1476.60
1477.47
1477.67
1479.14
1479.33
1480.21
1480.41
1482.62
1482.81
1483.69
1483.89
1485.36
1485.39
1485.58
1485.61
1486.49
1486.51
1486.71
1486.73
1490.09
1490.42
1490.61
1490.64
1491.51
1491.54
1491.74
1491.78
1493.26
1493.29
1493.49
1493.52
1494.40
1494.43
1494.62
1494.65
1496.88
1496.90
1497.10
1497.13
1498.01
1498.03
1498.23
1498.26
1499.75
1499.78
1499.98
1500.00
1500.88
1500.91
1501.11
1501.13
1504.52
1504.85
1505.05
1505.07
1505.95
1505.97
1506.18
1507.67
1507.69
1507.89
1508.78
1508.99
1511.19
1511.39
1512.26
1512.47
1513.95
1514.16
1515.03
1515.24
1518.58
1519.08
1519.95
1520.16
1521.64
1521.85
1522.72
1522.92
1525.11
1525.36
1526.25
1526.45
1527.93
1528.13
1529.00
1529.20
1532.55
1533.04
1533.91
1534.11
1535.58
1535.77
1536.66
1536.85
1539.03
1539.22
1540.10
1540.29
1541.73
1541.92
1542.80
1542.99
1546.29
1546.76
1547.65
1547.83
1549.27
1549.45
1550.34
1550.52
1552.64
1552.82
1553.70
1553.88
1555.30
1555.47
1556.36
1556.53
1559.83
1560.29
1561.19
1561.35
1562.81
1562.98
1563.87
1564.04
1566.17
1566.34
1567.24
1567.40
1568.85
1569.01
1569.91
1570.08
1573.39
1573.89
1574.78
1574.95
1576.38
1576.55
1577.45
1577.61
1579.74
1579.91
1580.81
1580.97
1582.45
1582.62
1583.52
1583.69
1587.05
1587.51
1588.41
1588.58
1590.07
1590.25
1591.14
1591.32
1593.50
1593.68
1594.56
1594.75
1596.25
1596.44
1597.32
1597.51
1597.51
