0000262144
0000262144
0000262144
0000262144
0000262144
0000262144
0000262144
0000262144
0000262144
0000262144
0000262144
0000262144
0000262144
0000262144
0000262144
0000262144
0000262144
0000262144
0000262144
0000262144
0000262144
0000262144
0000262144
0000262144
0000262144
0000262144
0000262144
0000262144
0000262144
0000262144
0000262144
0000262144
0000262144
0000262144
0000262144
0000262144
0000262144
0000262144
0000262144
0000262144
0000262144
0000262144
0000262144
0000262144
0000262144
0000262144
0000262144
0000262144
0000262144
0000262144
0000262144
0000262144
0000262144
0000262144
0000262144
0000262144
0000262144
0000262144
0000262144
0000262144
0000262144
0000262144
0000262144
0000262144
0000262144
0000262144
0000262144
0000262144
0000262144
0000262144
0000262144
0000262144
0000262144
0000262144
0000262144
0000262144
0000262144
0000262144
0000262144
0000262144
0000262144
0000262144
0000262144
0000262144
0000262144
0000262144
0000262144
0000262144
0000262144
0000262144
0000262144
0000262144
0000000002
0000262144
0000000002
0000262144
0000000002
0000262144
0000000002
0000000002
0000000002
0000262144
0000000002
0000000003
0000000002
0000262144
0000000002
0000000008
0000000002
0000262144
0000000012
0000262144
0000000014
0000000003
0000262144
0000000006
0000000017
0000000008
0000262144
0000000008
0000000017
0000000012
0000262144
0000000012
0000000018
0000000013
0000262144
0000000009
0000000021
0000000007
0000262144
0000000008
0000000025
0000000008
0000262144
0000000004
0000000031
0000000005
0000262144
0000000005
0000000030
0000000006
0000262144
0000000007
0000000036
0000000011
0000262144
0000000014
0000000043
0000000016
0000262144
0000000019
0000000048
0000000022
0000262144
0000000022
0000000069
0000000022
0000262144
0000000023
0000000091
0000000023
0000262144
0000000027
0000000103
0000000030
0000262144
0000000042
0000000118
0000000050
0000262144
0000000052
0000000147
0000000054
0000262144
0000000050
0000000192
0000000048
0000262144
0000000044
0000000236
0000000048
0000262144
0000000048
0000000290
0000000053
0000262144
0000000067
0000000352
0000000079
0000000002
0000262144
0000000002
0000000098
0000000440
0000000119
0000262144
0000000128
0000000540
0000000135
0000262144
0000000147
0000000657
0000000171
0000262144
0000000190
0000000822
0000000190
0000262144
0000000210
0000001005
0000000232
0000262144
0000000256
0000000002
0000001198
0000000002
0000000262
0000000003
0000262144
0000000006
0000000294
0000000006
0000001431
0000000006
0000000321
0000000006
0000262144
0000000007
0000000349
0000000008
0000001686
0000000007
0000000363
0000000005
0000262144
0000000004
0000000406
0000000004
0000001956
0000000004
0000000470
0000000003
0000262144
0000000002
0000000522
0000002276
0000000002
0000000556
0000000002
0000262144
0000000004
0000000587
0000000002
0000002666
0000000003
0000000609
0000000004
0000262144
0000000004
0000000649
0000000004
0000003048
0000000005
0000000676
0000000007
0000262144
0000000005
0000000699
0000000006
0000003481
0000000007
0000000737
0000000008
0000262144
0000000009
0000000789
0000000013
0000003950
0000000010
0000000891
0000000009
0000262144
0000000010
0000000969
0000000010
0000004467
0000000008
0000001007
0000000009
0000262144
0000000018
0000001071
0000000024
0000005078
0000000022
0000001150
0000000017
0000262144
0000000016
0000001210
0000000017
0000005717
0000000022
0000001265
0000000021
0000262144
0000000019
0000001320
0000000024
0000006395
0000000029
0000001378
0000000026
0000262144
0000000023
0000001448
0000000024
0000007165
0000000026
0000001531
0000000018
0000262144
0000000015
0000001620
0000000012
0000007988
0000000019
0000001679
0000000020
0000262144
0000000022
0000001790
0000000026
0000008916
0000000025
0000001865
0000000035
0000262144
0000000035
0000001972
0000000048
0000010007
0000000050
0000002084
0000000049
0000262144
0000000058
0000002230
0000000063
0000011039
0000000065
0000002332
0000000062
0000262144
0000000072
0000002497
0000000078
0000012155
0000000070
0000002552
0000000071
0000262144
0000000063
0000002678
0000000066
0000013294
0000000074
0000002842
0000000080
0000262144
0000000082
0000002994
0000000080
0000014693
0000000086
0000003110
0000000084
0000262144
0000000100
0000003214
0000000102
0000016047
0000000121
0000003344
0000000110
0000262144
0000000108
0000003528
0000000123
0000017552
0000000113
0000003712
0000000112
0000262144
0000000122
0000003860
0000000123
0000019106
0000000127
0000003988
0000000129
0000262144
0000000127
0000004178
0000000133
0000020704
0000000133
0000004355
0000000153
0000262144
0000000161
0000004568
0000000168
0000022466
0000000171
0000004750
0000000168
0000262144
0000000170
0000005005
0000000190
0000024344
0000000194
0000005193
0000000213
0000262144
0000000212
0000005446
0000000190
0000026190
0000000208
0000005599
0000000222
0000262144
0000000219
0000005801
0000000233
0000028194
0000000240
0000006026
0000000265
0000262144
0000000297
0000006340
0000000322
0000030290
0000000317
0000006591
0000000356
0000262144
0000000368
0000006789
0000000381
0000032479
0000000379
0000007073
0000000394
0000262144
0000000445
0000007278
0000000476
0000034817
0000000481
0000007525
0000000491
0000262144
0000000528
0000007739
0000000560
0000037169
0000000601
0000007886
0000000615
0000262144
0000000642
0000008173
0000000672
0000039514
0000000677
0000008428
0000000689
0000262144
0000000727
0000008775
0000000739
0000041967
0000000777
0000009072
0000000792
0000262144
0000000807
0000009393
0000000830
0000044579
0000000852
0000009691
0000000891
0000262144
0000000901
0000010024
0000000932
0000047194
0000000975
0000010314
0000001003
0000262144
0000001032
0000010582
0000001061
0000049892
0000001072
0000010876
0000001123
0000262144
0000001141
0000011321
0000001140
0000052561
0000001168
0000011726
0000001177
0000262144
0000001205
0000012067
0000001245
0000055370
0000001293
0000012543
0000001341
0000262144
0000001372
0000012941
0000001379
0000058069
0000001425
0000000001
0000013382
0000001431
0000000003
0000262144
0000000004
0000001479
0000000007
0000013804
0000000011
0000001512
0000000019
0000060931
0000000022
0000001552
0000000018
0000014227
0000000014
0000001568
0000000019
0000262144
0000000019
0000001612
0000000015
0000014666
0000000015
0000001653
0000000011
0000063826
0000000006
0000001716
0000000002
0000014943
0000000001
0000001767
0000000003
0000262144
0000000004
0000001831
0000000005
0000015382
0000000006
0000001817
0000000010
0000066660
0000000008
0000001833
0000000007
0000015794
0000000004
0000001870
0000000002
0000262144
0000000005
0000001887
0000000003
0000016196
0000000003
0000001925
0000000002
0000069625
0000000005
0000001990
0000000011
0000016550
0000000011
0000002044
0000000008
0000262144
0000000003
0000002092
0000000003
0000016946
0000000003
0000002141
0000000004
0000072609
0000000003
0000002160
0000000005
0000017380
0000000007
0000002199
0000000003
0000262144
0000000004
0000002228
0000000002
0000017871
0000000003
0000002258
0000000003
0000075518
0000000006
0000002290
0000000007
0000018300
0000000004
0000002340
0000000005
0000262144
0000000004
0000002383
0000000003
0000018825
0000000002
0000002423
0000000002
0000078554
0000000002
0000002452
0000000003
0000019290
0000000003
0000002471
0000000005
0000262144
0000000005
0000002520
0000000005
0000019813
0000000005
0000002582
0000000005
0000081503
0000000006
0000002655
0000000004
0000020254
0000000001
0000002686
0000000002
0000262144
0000000002
0000002749
0000000003
0000020701
0000000004
0000002780
0000000004
0000084570
0000000008
0000002788
0000000009
0000021219
0000000011
0000002839
0000000013
0000262144
0000000016
0000002846
0000000019
0000021725
0000000018
0000002913
0000000021
0000087554
0000000031
0000002954
0000000033
0000022215
0000000041
0000003007
0000000044
0000262144
0000000051
0000003106
0000000053
0000022766
0000000053
0000003191
0000000051
0000090542
0000000046
0000003260
0000000033
0000023207
0000000028
0000003275
0000000025
0000262144
0000000019
0000003360
0000000016
0000023889
0000000010
0000003406
0000000012
0000093614
0000000014
0000003433
0000000014
0000024353
0000000012
0000003450
0000000018
0000262144
0000000024
0000003554
0000000032
0000024896
0000000039
0000003612
0000000053
0000096528
0000000067
0000003695
0000000066
0000025341
0000000067
0000003771
0000000065
0000262144
0000000071
0000003822
0000000068
0000025855
0000000067
0000003873
0000000071
0000099383
0000000066
0000003895
0000000056
0000026481
0000000046
0000003961
0000000036
0000262144
0000000033
0000004078
0000000026
0000027101
0000000028
0000004193
0000000031
0000102331
0000000026
0000004258
0000000032
0000027651
0000000032
0000004397
0000000038
0000262144
0000000028
0000004515
0000000028
0000028311
0000000025
0000004640
0000000023
0000105134
0000000033
0000004757
0000000043
0000028737
0000000044
0000004773
0000000052
0000262144
0000000056
0000004914
0000000061
0000029474
0000000063
0000004955
0000000078
0000107965
0000000080
0000005041
0000000096
0000030044
0000000099
0000005136
0000000095
0000262144
0000000094
0000005244
0000000094
0000030523
0000000085
0000005322
0000000103
0000110851
0000000102
0000005463
0000000112
0000031086
0000000111
0000005558
0000000107
0000262144
0000000116
0000005680
0000000124
0000031701
0000000130
0000005820
0000000137
0000113649
0000000140
0000005959
0000000140
0000032297
0000000150
0000006118
0000000159
0000262144
0000000160
0000006230
0000000177
0000032905
0000000185
0000006324
0000000190
0000116478
0000000186
0000006435
0000000186
0000033468
0000000183
0000006533
0000000173
0000262144
0000000171
0000006634
0000000180
0000034283
0000000164
0000006728
0000000159
0000119218
0000000150
0000006821
0000000145
0000034883
0000000136
0000006892
0000000150
0000262144
0000000156
0000007060
0000000152
0000035506
0000000154
0000007212
0000000155
0000121860
0000000171
0000007302
0000000178
0000036001
0000000187
0000007355
0000000198
0000262144
0000000204
0000007467
0000000198
0000036758
0000000206
0000007603
0000000214
0000124572
0000000226
0000007708
0000000229
0000037297
0000000235
0000007748
0000000220
0000262144
0000000223
0000007901
0000000218
0000038008
0000000208
0000008045
0000000215
0000127102
0000000229
0000008160
0000000226
0000038600
0000000224
0000008210
0000000243
0000262144
0000000250
0000008276
0000000253
0000039352
0000000261
0000008426
0000000268
0000129600
0000000284
0000008549
0000000286
0000039943
0000000280
0000008637
0000000289
0000262144
0000000292
0000008777
0000000282
0000040761
0000000278
0000008890
0000000298
0000132019
0000000313
0000009018
0000000298
0000041361
0000000299
0000009124
0000000292
0000262144
0000000290
0000009259
0000000281
0000042155
0000000274
0000009415
0000000266
0000134328
0000000257
0000009493
0000000259
0000042655
0000000261
0000009666
0000000257
0000262144
0000000256
0000009833
0000000261
0000043309
0000000259
0000009976
0000000252
0000136660
0000000249
0000010129
0000000230
0000043816
0000000212
0000010234
0000000223
0000262144
0000000226
0000010503
0000000222
0000044556
0000000219
0000010691
0000000200
0000139017
0000000200
0000010886
0000000196
0000045253
0000000203
0000011035
0000000219
0000262144
0000000237
0000011136
0000000257
0000046063
0000000284
0000011263
0000000319
0000141250
0000000340
0000011446
0000000377
0000046639
0000000378
0000011548
0000000389
0000262144
0000000398
0000011739
0000000415
0000047428
0000000425
0000011828
0000000432
0000143442
0000000449
0000012022
0000000470
0000047975
0000000502
0000012156
0000000514
0000262144
0000000530
0000012346
0000000558
0000048808
0000000559
0000012562
0000000578
0000145514
0000000583
0000012727
0000000583
0000049313
0000000613
0000012952
0000000615
0000262144
0000000644
0000013052
0000000648
0000050117
0000000659
0000013254
0000000684
0000147583
0000000693
0000013355
0000000719
0000050680
0000000725
0000013475
0000000727
0000262144
0000000719
0000013630
0000000716
0000051490
0000000710
0000013828
0000000708
0000149446
0000000691
0000013947
0000000690
0000052187
0000000695
0000014116
0000000675
0000262144
0000000672
0000014344
0000000676
0000053054
0000000688
0000014487
0000000709
0000151248
0000000690
0000014669
0000000698
0000053669
0000000715
0000014762
0000000730
0000262144
0000000749
0000014990
0000000745
0000054472
0000000768
0000015167
0000000754
0000153055
0000000749
0000015248
0000000795
0000055058
0000000824
0000015484
0000000857
0000262144
0000000868
0000015727
0000000903
0000055896
0000000888
0000015950
0000000893
0000154796
0000000905
0000016156
0000000895
0000056530
0000000885
0000016351
0000000889
0000262144
0000000895
0000016511
0000000901
0000057465
0000000908
0000016641
0000000921
0000156476
0000000919
0000016830
0000000932
0000058072
0000000955
0000017036
0000000942
0000262144
0000000959
0000017227
0000000975
0000058816
0000001039
0000017429
0000001057
0000158071
0000001054
0000017578
0000001008
0000059310
0000001018
0000017747
0000000979
0000262144
0000001004
0000017991
0000001045
0000060143
0000001058
0000018166
0000001126
0000159648
0000001141
0000018345
0000001164
0000060598
0000001179
0000018489
0000001232
0000262144
0000001252
0000018678
0000001279
0000061518
0000001292
0000018775
0000001327
0000161083
0000001355
0000018943
0000001402
0000062123
0000001462
0000019149
0000001500
0000262144
0000001491
0000019325
0000001534
0000062875
0000001588
0000019519
0000001607
0000162432
0000001676
0000019651
0000001705
0000063425
0000001762
0000019761
0000001837
0000262144
0000001886
0000019988
0000001934
0000064147
0000001996
0000020097
0000002028
0000163826
0000002049
0000020306
0000002103
0000064624
0000002141
0000020509
0000002183
0000262144
0000002246
0000020702
0000002272
0000065427
0000002310
0000020773
0000002378
0000165091
0000002398
0000020877
0000002410
0000065914
0000002416
0000021076
0000002447
0000262144
0000002436
0000021182
0000002415
0000066570
0000002450
0000021380
0000002465
0000166282
0000002471
0000021561
0000002422
0000067218
0000002395
0000021625
0000002379
0000262144
0000002408
0000021829
0000002359
0000068056
0000002348
0000022008
0000002345
0000167417
0000002285
0000022206
0000002237
0000068580
0000002201
0000022440
0000002159
0000262144
0000002180
0000022629
0000002185
0000069513
0000002185
0000022812
0000002171
0000168579
0000002197
0000022876
0000002177
0000070006
0000002150
0000022993
0000002142
0000262144
0000002198
0000023179
0000002195
0000070940
0000002201
0000023292
0000002197
0000169630
0000002190
0000023308
0000002186
0000071437
0000002162
0000023401
0000002190
0000262144
0000002258
0000023501
0000002301
0000072158
0000002344
0000023596
0000002375
0000170633
0000002418
0000023686
0000002482
0000072649
0000002523
0000023796
0000002568
0000262144
0000002600
0000024031
0000002597
0000073333
0000002631
0000024162
0000002629
0000171517
0000002665
0000024240
0000002695
0000073915
0000002727
0000024343
0000002738
0000262144
0000002762
0000024474
0000002822
0000074760
0000002806
0000024597
0000002814
0000172402
0000002836
0000024757
0000002793
0000075109
0000002807
0000024870
0000002805
0000262144
0000002839
0000025035
0000002827
0000075985
0000002830
0000025124
0000002818
0000173166
0000002797
0000025259
0000002788
0000076399
0000002775
0000025400
0000002771
0000262144
0000002794
0000025719
0000002839
0000077222
0000002844
0000025903
0000002834
0000173960
0000002795
0000025996
0000002793
0000077656
0000002802
0000026161
0000002800
0000262144
0000002797
0000026462
0000002770
0000078431
0000002814
0000026622
0000002818
0000174551
0000002839
0000026781
0000002811
0000078852
0000002819
0000026875
0000002817
0000262144
0000002820
0000027035
0000002870
0000079652
0000002898
0000027303
0000002932
0000175068
0000002918
0000027446
0000002911
0000080007
0000002908
0000027558
0000002939
0000262144
0000002969
0000027794
0000002953
0000080719
0000002996
0000027981
0000003021
0000175512
0000003050
0000028094
0000003014
0000080960
0000003014
0000028277
0000002996
0000262144
0000003014
0000028531
0000002957
0000081728
0000002951
0000028655
0000002846
0000175998
0000002837
0000028833
0000002821
0000082044
0000002763
0000029010
0000002781
0000262144
0000002785
0000029215
0000002807
0000082633
0000002866
0000029301
0000002908
0000176426
0000002982
0000029445
0000003026
0000082978
0000003096
0000029505
0000003131
0000262144
0000003162
0000029767
0000003211
0000083741
0000003269
0000029856
0000003298
0000176780
0000003336
0000029967
0000003337
0000084103
0000003308
0000030138
0000003309
0000262144
0000003345
0000030332
0000003438
0000084738
0000003499
0000030473
0000003531
0000177077
0000003612
0000030602
0000003717
0000085001
0000003798
0000030780
0000003848
0000262144
0000003946
0000031020
0000004036
0000085796
0000004075
0000031128
0000004112
0000177305
0000004193
0000031315
0000004224
0000086154
0000004291
0000031435
0000004317
0000262144
0000004369
0000031610
0000004361
0000086881
0000004407
0000031840
0000004409
0000177464
0000004390
0000032009
0000004387
0000087103
0000004359
0000032164
0000004262
0000262144
0000004253
0000032350
0000004258
0000087748
0000004299
0000032537
0000004298
0000177546
0000004317
0000032637
0000004373
0000088014
0000004402
0000032784
0000004420
0000262144
0000004450
0000032943
0000004494
0000088516
0000004486
0000033104
0000004526
0000177529
0000004581
0000033220
0000004585
0000088696
0000004624
0000033298
0000004630
0000262144
0000004655
0000033474
0000004710
0000089236
0000004756
0000033729
0000004740
0000177617
0000004711
0000033914
0000004675
0000089432
0000004660
0000033971
0000004674
0000262144
0000004709
0000034206
0000004770
0000089836
0000004836
0000034368
0000004850
0000177616
0000004830
0000034475
0000004794
0000090071
0000004855
0000034582
0000004872
0000262144
0000004894
0000034744
0000004916
0000090676
0000004911
0000034859
0000004875
0000177616
0000004867
0000034923
0000004769
0000090925
0000004742
0000035116
0000004744
0000262144
0000004752
0000035337
0000004752
0000091469
0000004729
0000035447
0000004721
0000177548
0000004736
0000035501
0000004785
0000091592
0000004823
0000035556
0000004921
0000262144
0000005025
0000035808
0000005076
0000092045
0000005191
0000035915
0000005280
0000177468
0000005327
0000035905
0000005377
0000092226
0000005386
0000036083
0000005388
0000262144
0000005478
0000036284
0000005521
0000092724
0000005621
0000036405
0000005650
0000177197
0000005672
0000036520
0000005705
0000092806
0000005674
0000036603
0000005659
0000262144
0000005711
0000036776
0000005733
0000093242
0000005759
0000036942
0000005763
0000177002
0000005782
0000037018
0000005798
0000093450
0000005795
0000037103
0000005739
0000262144
0000005779
0000037302
0000005812
0000093891
0000005852
0000037327
0000005891
0000176719
0000005889
0000037371
0000005891
0000093946
0000005886
0000037503
0000005829
0000262144
0000005878
0000037678
0000005896
0000094418
0000005898
0000037714
0000005926
0000176378
0000005889
0000037841
0000005829
0000094585
0000005782
0000037934
0000005830
0000262144
0000005889
0000038071
0000005862
0000095030
0000005877
0000038189
0000005925
0000175960
0000005985
0000038308
0000006003
0000095091
0000006007
0000038366
0000006015
0000262144
0000006055
0000038610
0000006073
0000095555
0000006045
0000038686
0000006010
0000175501
0000005950
0000038809
0000005866
0000095668
0000005795
0000038899
0000005699
0000262144
0000005669
0000039056
0000005716
0000095872
0000005745
0000039261
0000005742
0000175032
0000005760
0000039368
0000005819
0000095965
0000005912
0000039443
0000005930
0000262144
0000005950
0000039702
0000005941
0000096272
0000005901
0000039772
0000005847
0000174497
0000005841
0000039837
0000005792
0000096301
0000005727
0000039825
0000005706
0000262144
0000005783
0000040082
0000005804
0000096656
0000005841
0000040045
0000005900
0000173952
0000005921
0000040064
0000005974
0000096627
0000005994
0000040103
0000006039
0000262144
0000006121
0000040193
0000006098
0000096826
0000006054
0000040196
0000006057
0000173417
0000006078
0000040235
0000006107
0000096830
0000006088
0000040337
0000006132
0000262144
0000006115
0000040430
0000006104
0000097173
0000006111
0000040483
0000006082
0000172850
0000006126
0000040498
0000006158
0000097178
0000006164
0000040460
0000006138
0000262144
0000006125
0000040617
0000006073
0000097460
0000006048
0000040613
0000006002
0000172320
0000006017
0000040685
0000005991
0000097391
0000005989
0000040614
0000005968
0000262144
0000005974
0000040685
0000006025
0000097751
0000006006
0000040672
0000006024
0000171668
0000006039
0000040716
0000006044
0000097643
0000006044
0000040718
0000006076
0000262144
0000006067
0000040828
0000006139
0000097787
0000006163
0000040783
0000006149
0000170977
0000006170
0000040725
0000006179
0000097684
0000006227
0000040705
0000006208
0000262144
0000006270
0000040815
0000006356
0000097814
0000006418
0000040824
0000006490
0000170333
0000006581
0000040825
0000006650
0000097753
0000006718
0000040744
0000006783
0000262144
0000006893
0000040911
0000006927
0000097811
0000006990
0000040925
0000007037
0000169629
0000007038
0000040929
0000007067
0000097666
0000000001
0000007098
0000000006
0000040915
0000000019
0000007101
0000000061
0000262144
0000000132
0000007178
0000000192
0000041022
0000000257
0000007194
0000000272
0000097865
0000000264
0000007254
0000000210
0000040957
0000000159
0000007260
0000000126
0000168904
0000000088
0000007302
0000000060
0000040922
0000000045
0000007298
0000000037
0000097808
0000000042
0000007315
0000000039
0000040847
0000000026
0000007343
0000000017
0000262144
0000000012
0000007362
0000000004
0000041004
0000000001
0000007359
0000097748
0000000002
0000007361
0000041038
0000007382
0000168210
0000007400
0000040947
0000007404
0000097583
0000007345
0000040948
0000007303
0000262144
0000007315
0000041068
0000007321
0000097611
0000007339
0000041070
0000007324
0000167455
0000007291
0000041040
0000007245
0000097421
0000007202
0000040941
0000007117
0000262144
0000007119
0000040974
0000007092
0000097297
0000007069
0000040974
0000006978
0000166659
0000006906
0000040989
0000006881
0000097057
0000006815
0000040928
0000006696
0000262144
0000006676
0000040993
0000006594
0000097128
0000006522
0000040909
0000006413
0000165979
0000006304
0000040849
0000006257
0000096984
0000006147
0000040797
0000006048
0000262144
0000006151
0000040814
0000006139
0000096927
0000006103
0000040707
0000006126
0000165177
0000006100
0000040735
0000006092
0000096544
0000006050
0000040679
0000005991
0000262144
0000006042
0000040756
0000006079
0000096488
0000006031
0000040631
0000006020
0000164489
0000005979
0000040535
0000005960
0000096320
0000005939
0000040528
0000005987
0000262144
0000006045
0000040506
0000006093
0000096431
0000006128
0000040436
0000006254
0000163654
0000006409
0000040495
0000006576
0000096127
0000006718
0000040552
0000006756
0000262144
