1.00773
1.00773
1.00773
1.00773
1.00773
1.0215
1.0215
1.0215
1.02149
1.0215
1.02149
1.02149
1.02149
1.02149
1.02149
1.02149
1.02148
1.02148
1.02148
1.02149
1.02149
1.02149
1.02149
1.02149
1.02149
1.02148
1.02148
1.02147
1.02147
1.02146
1.02146
1.02145
1.02145
1.02145
1.02144
1.02143
1.02143
1.02144
1.02144
1.02144
1.02144
1.02145
1.02145
1.02145
1.02145
1.02145
1.02145
1.02145
1.02145
1.02145
1.02145
1.02145
1.02146
1.02145
1.02145
1.02145
1.02145
1.02145
1.02147
1.02144
1.02145
1.02145
1.02145
1.02145
1.02144
1.02144
1.02143
1.02143
1.02143
1.02142
1.02142
1.02144
1.02142
1.02135
1.02135
1.02132
1.02124
1.02122
1.02117
1.02113
1.02111
1.02106
1.02103
1.02099
1.02096
1.02091
1.02088
1.02089
1.02088
1.02086
1.02081
1.02077
1.02073
1.02071
1.02069
1.02068
1.02062
1.0206
1.02057
1.02057
1.02057
1.02048
1.02044
1.02044
1.02044
1.02038
1.02036
1.02036
1.02036
1.02035
1.0203
1.02026
1.02023
1.02023
1.02017
1.02014
1.02014
1.02014
1.02005
1.02003
1.02003
1.02003
1.01994
1.01987
1.01987
1.01987
1.01981
1.01975
1.01975
1.01975
1.01965
1.01962
1.01962
1.01962
1.01958
1.01952
1.01952
1.01952
1.01945
1.01939
1.01939
1.01939
1.01942
1.01939
1.01939
1.01939
1.01931
1.01926
1.01926
1.01926
1.0191
1.01905
1.01905
1.01905
1.0189
1.01884
1.01884
1.01884
1.01877
1.01873
1.01873
1.01873
1.01862
1.01856
1.01856
1.01856
1.01842
1.01834
1.01834
1.01834
1.01822
1.01817
1.01817
1.01817
1.01805
1.01801
1.01801
1.01801
1.01786
1.01785
1.01785
1.01785
1.01767
1.01765
1.01765
1.01765
1.01749
1.01748
1.01748
1.01748
1.01748
1.01735
1.01735
1.01735
1.01735
1.01735
1.01708
1.01701
1.01701
1.01701
1.01685
1.01668
1.01668
1.01668
1.01648
1.01644
1.01644
1.01644
1.01619
1.01611
1.01611
1.01611
1.01585
1.01584
1.01584
1.01584
1.01584
1.01584
1.01584
1.01561
1.01554
1.01554
1.01554
1.01554
1.01554
1.01554
1.01554
1.01538
1.01534
1.01534
1.01534
1.01534
1.01534
1.01534
1.01534
1.01505
1.01504
1.01504
1.01504
1.01504
1.01504
1.01504
1.01504
1.01485
1.01483
1.01483
1.01483
1.01483
1.01483
1.01483
1.01463
1.01456
1.01456
1.01456
1.01456
1.01456
1.01456
1.01456
1.01437
1.01433
1.01433
1.01433
1.01433
1.01433
1.01433
1.01433
1.01411
1.01405
1.01405
1.01405
1.01405
1.01405
1.01405
1.01405
1.01382
1.01379
1.01379
1.01379
1.01379
1.01379
1.01379
1.01379
1.0136
1.01357
1.01357
1.01357
1.01357
1.01357
1.01357
1.01357
1.01337
1.01331
1.01331
1.01331
1.01331
1.01331
1.01331
1.01331
1.01314
1.01311
1.01311
1.01311
1.01311
1.01311
1.01311
1.01311
1.01308
1.01305
1.01305
1.01305
1.01305
1.01305
1.01305
1.01305
1.01293
1.01288
1.01288
1.01288
1.01288
1.01288
1.01288
1.01288
1.01267
1.0126
1.0126
1.0126
1.0126
1.0126
1.0126
1.0126
1.01241
1.01241
1.01241
1.01241
1.01241
1.01241
1.01241
1.01241
1.01229
1.0123
1.0123
1.0123
1.0123
1.0123
1.0123
1.0123
1.01208
1.01203
1.01203
1.01203
1.01203
1.01203
1.01203
1.01203
1.0117
1.01169
1.01169
1.01169
1.01169
1.01169
1.01169
1.01169
1.0114
1.01137
1.01137
1.01137
1.01137
1.01137
1.01137
1.01137
1.01123
1.01124
1.01124
1.01124
1.01124
1.01124
1.01124
1.01124
1.0154
1.01545
1.01545
1.01545
1.01545
1.01545
1.01545
1.01545
1.01558
1.01562
1.01562
1.01562
1.01562
1.01562
1.01562
1.01562
1.01591
1.01593
1.01593
1.01593
1.01593
1.01593
1.01614
1.01614
1.01619
1.01618
1.01618
1.01618
1.01618
1.01618
1.01634
1.01634
1.01634
1.01637
1.01637
1.01637
1.01638
1.01638
1.01638
1.01638
1.01661
1.01659
1.01659
1.01659
1.01661
1.01661
1.01661
1.01661
1.01661
1.01662
1.01662
1.01662
1.01665
1.01665
1.01665
1.01665
1.01685
1.01686
1.01686
1.01686
1.01691
1.01691
1.01691
1.01691
1.01704
1.01704
1.01704
1.01704
1.01708
1.01708
1.01708
1.01708
1.01722
1.01727
1.01727
1.01727
1.01738
1.01738
1.01738
1.01738
1.0174
1.01744
1.01744
1.01744
1.01747
1.01747
1.01747
1.01747
1.0175
1.01754
1.01754
1.01754
1.01768
1.01768
1.01768
1.01768
1.01778
1.0178
1.0178
1.0178
1.01791
1.01791
1.01791
1.01791
1.01798
1.01804
1.01804
1.01804
1.01814
1.01814
1.01814
1.01814
1.01814
1.01816
1.01816
1.01816
1.01822
1.01822
1.01822
1.01822
1.01836
1.0184
1.0184
1.0184
1.01851
1.01851
1.01851
1.01851
1.01855
1.01859
1.01859
1.01859
1.01862
1.01862
1.01862
1.01862
1.0187
1.01873
1.01873
1.01873
1.01879
1.01879
1.01879
1.01879
1.01897
1.01897
1.01897
1.01897
1.01897
1.01897
1.01897
1.01897
1.01905
1.01906
1.01906
1.01906
1.0192
1.0192
1.0192
1.0192
1.0192
1.0192
1.01929
1.01929
1.01929
1.01929
1.01929
1.01929
1.01929
1.01929
1.01937
1.01937
1.01937
1.01937
1.01937
1.01937
1.01937
1.01937
1.01948
1.01945
1.01945
1.01945
1.01945
1.01945
1.01945
1.01945
1.01952
1.01952
1.01952
1.01952
1.01952
1.01952
1.01952
1.01952
1.01959
1.01962
1.01962
1.01962
1.01962
1.01962
1.01962
1.01962
1.01965
1.01965
1.01965
1.01965
1.01965
1.01965
1.01965
1.01965
1.01978
1.01978
1.01978
1.01978
1.01978
1.01978
1.01978
1.01978
1.0198
1.0198
1.0198
1.0198
1.0198
1.0198
1.0198
1.0198
1.01986
1.01987
1.01987
1.01987
1.01987
1.01987
1.01987
1.01987
1.0199
1.0199
1.0199
1.0199
1.0199
1.0199
1.0199
1.0199
1.02003
1.01998
1.01998
1.01998
1.01998
1.01998
1.01998
1.01998
1.01999
1.01999
1.01999
1.01999
1.01999
1.01999
1.01999
1.01999
1.01995
1.01996
1.01996
1.01996
1.01996
1.01996
1.01996
1.01996
1.04835
1.04835
1.04835
1.04835
1.04835
1.04835
1.04835
1.04835
1.0483
1.04831
1.04831
1.04831
1.04831
1.04831
1.04831
1.04831
1.04842
1.04842
1.04842
1.04842
1.04842
1.04842
1.04842
1.04842
1.04846
1.04845
1.04845
1.04845
1.04845
1.04845
1.04839
1.04839
1.04841
1.04841
1.04841
1.04841
1.04841
1.04841
1.04838
1.04838
1.04842
1.04843
1.04843
1.04843
1.04843
1.04843
1.0485
1.0485
1.0485
1.0485
1.0485
1.0485
1.0485
1.0485
1.04846
1.04846
1.04846
1.04847
1.04847
1.04847
1.04847
1.04847
1.04848
1.04848
1.04848
1.04848
1.04848
1.04848
1.04856
1.04856
1.04856
1.04856
1.04865
1.04862
1.04862
1.04862
1.04862
1.04862
1.04862
1.04862
1.04857
1.04857
1.04857
1.04857
1.04863
1.04863
1.04863
1.04863
1.04862
1.04862
1.04862
1.04862
1.04871
1.04871
1.04871
1.04871
1.04877
1.04877
1.04877
1.04877
1.04886
1.04886
1.04886
1.04886
1.0489
1.04889
1.04889
1.04889
1.04885
1.04885
1.04885
1.04885
1.04887
1.04887
1.04887
1.04887
1.04889
1.04889
1.04889
1.04889
1.0489
1.04887
1.04887
1.04887
1.04887
1.04887
1.04887
1.04887
1.0489
1.0489
1.0489
1.0489
1.04894
1.04894
1.04894
1.04894
1.04888
1.04886
1.04886
1.04886
1.04893
1.04893
1.04893
1.04893
1.049
1.049
1.049
1.049
1.04901
1.04901
1.04901
1.04901
1.04905
1.04903
1.04903
1.04903
1.0491
1.0491
1.0491
1.0491
1.04914
1.04914
1.04914
1.04914
1.04918
1.04918
1.04918
1.04918
1.07774
1.04917
1.04917
1.04917
1.04922
1.04922
1.04922
1.04922
1.04929
1.04929
1.04929
1.04929
1.0778
1.0778
1.0778
1.0778
1.07774
1.07778
1.07778
1.07778
1.07779
1.07779
1.07779
1.07779
1.07777
1.07777
1.07777
1.07777
1.07779
1.07779
1.07779
1.07779
1.07779
1.0778
1.0778
1.0778
1.0778
1.0778
1.0778
1.0778
1.07784
1.07784
1.07784
1.07784
1.0779
1.0779
1.0779
1.0779
1.07792
1.0779
1.0779
1.0779
1.07787
1.07787
1.07787
1.07787
1.07788
1.07788
1.07788
1.07788
1.0779
1.0779
1.0779
1.0779
1.0779
1.07784
1.07784
1.07784
1.0778
1.0778
1.0778
1.0778
1.07777
1.07777
1.07777
1.07777
1.07765
1.07765
1.07765
1.07765
1.07764
1.07769
1.07769
1.07769
1.0777
1.0777
1.0777
1.0777
1.11043
1.11043
1.11043
1.11043
1.11031
1.11031
1.11031
1.11031
1.11027
1.11022
1.11022
1.11022
1.11023
1.11023
1.11023
1.11023
1.11028
1.11028
1.11028
1.11028
1.11028
1.11028
1.11028
1.11028
1.11024
1.11018
1.11018
1.11018
1.11018
1.11018
1.11018
1.11018
1.11018
1.11018
1.11018
1.11018
1.11011
1.11011
1.11011
1.11011
1.11013
1.11011
1.11011
1.11011
1.11011
1.11011
1.11011
1.11011
1.11014
1.11014
1.11014
1.11014
1.11015
1.11015
1.11015
1.11015
1.11021
1.11023
1.11023
1.11023
1.11024
1.11024
1.11024
1.11024
1.11024
1.11024
1.11024
1.11024
1.11021
1.11021
1.11021
1.11021
1.11028
1.11031
1.11031
1.11031
1.11027
1.11027
1.11027
1.11027
1.11022
1.11022
1.11022
1.11022
1.11018
1.11018
1.11018
1.11018
1.11022
1.11023
1.11023
1.11023
1.11022
1.11022
1.11022
1.11022
1.11018
1.11018
1.11018
1.11018
1.11012
1.11012
1.11012
1.11012
1.11018
1.11018
1.11018
1.11018
1.1101
1.1101
1.1101
1.1101
1.11009
1.11009
1.11009
1.11009
1.11004
1.11004
1.11004
1.11004
1.11003
1.11007
1.11007
1.11007
1.11006
1.11006
1.11006
1.11006
1.11012
1.11012
1.11012
1.11012
1.11011
1.11011
1.11011
1.11011
1.12239
1.11021
1.11021
1.11021
1.11026
1.11026
1.11026
1.11026
1.12242
1.12242
1.12242
1.12242
1.12244
1.12244
1.12244
1.12244
1.12254
1.11031
1.11031
1.11031
1.12256
1.12256
1.12256
1.12256
1.1226
1.1226
1.1226
1.1226
1.12265
1.12265
1.12265
1.12265
1.12267
1.12272
1.12272
1.12272
1.12277
1.12277
1.12277
1.12277
1.12283
1.12283
1.12283
1.12283
1.12276
1.12276
1.12276
1.12276
1.1228
1.12277
1.12277
1.12277
1.12269
1.12269
1.12269
1.12269
1.12263
1.12263
1.12263
1.12263
1.12257
1.12257
1.12257
1.12257
1.12258
1.12253
1.12253
1.12253
1.12254
1.12254
1.12254
1.12254
1.12251
1.12251
1.12251
1.12251
1.12246
1.12246
1.12246
1.12246
1.12241
1.12242
1.12242
1.12242
1.12247
1.12247
1.12247
1.12247
1.12247
1.12247
1.12247
1.12247
1.12251
1.12251
1.12251
1.12251
1.12251
1.1225
1.1225
1.1225
1.12259
1.12259
1.12259
1.12259
1.12254
1.12254
1.12254
1.12254
1.12251
1.12251
1.12251
1.12251
1.12244
1.12245
1.12245
1.12245
1.12251
1.12251
1.12251
1.12251
1.12245
1.12245
1.12245
1.12245
1.12249
1.12249
1.12249
1.12249
1.12248
1.1225
1.1225
1.1225
1.12244
1.12244
1.12244
1.12244
1.12239
1.12239
1.12239
1.12239
1.12241
1.12241
1.12241
1.12241
1.13763
1.12241
1.12241
1.12241
1.13762
1.13762
1.13762
1.13762
1.13757
1.13757
1.13757
1.13757
1.13763
1.13763
1.13763
1.13763
1.13762
1.12244
1.12244
1.12244
1.1375
1.1375
1.1375
1.1375
1.13747
1.13747
1.13747
1.13747
1.13741
1.13741
1.13741
1.13741
1.13746
1.13746
1.13746
1.13746
1.1375
1.1375
1.1375
1.1375
1.13757
1.13757
1.13757
1.13757
1.14635
1.14635
1.14635
1.14635
1.15193
1.1374
1.1374
1.1374
1.14635
1.14635
1.14635
1.14635
1.16763
1.16763
1.16763
1.16763
1.17152
1.17152
1.17152
1.17152
1.17152
1.14602
1.14602
1.14602
1.16747
1.16747
1.16747
1.16742
1.14585
1.14585
1.14585
1.16733
1.14578
1.14578
1.14578
1.16738
1.15151
1.14581
1.14581
1.14581
1.1674
1.1674
1.1674
1.17125
1.1512
1.1512
1.1512
1.16714
1.15116
1.15116
1.15116
1.16722
1.15116
1.14545
1.14545
1.14545
1.16
1.16
1.16
1.16711
1.15103
1.15103
1.15103
1.16697
1.15085
1.15085
1.15085
1.15976
1.15089
1.14511
1.14511
1.14511
1.15977
1.15977
1.15977
1.15974
1.15083
1.15083
1.15083
1.15976
1.15075
1.15075
1.15075
1.16699
1.15076
1.14495
1.14495
1.14495
1.15981
1.15981
1.15981
1.17097
1.15089
1.15089
1.15089
1.16722
1.16005
1.16005
1.15107
1.15107
1.16003
1.15099
1.15099
1.16013
1.16018
1.16018
1.16018
1.16018
1.16026
1.16026
1.1603
1.1603
1.16764
1.16764
1.16765
1.16765
1.1715
1.16044
1.16044
1.17142
1.16762
1.16762
1.17146
1.17146
1.17145
1.17145
1.17156
1.17156
1.17165
1.17165
1.17165
1.17165
1.1718
1.16082
1.16082
1.1718
1.16088
1.16088
1.1681
1.1681
1.16824
1.16824
1.16824
1.16824
1.17197
1.17197
1.172
1.172
1.1683
1.16127
1.16127
1.16839
1.16135
1.16135
1.16139
1.16139
1.16139
1.16139
1.16146
1.16146
1.16154
1.16154
1.15197
1.15197
1.15205
1.14558
1.14552
1.14552
1.15205
1.15205
1.15211
1.15211
1.15215
1.15215
1.15226
1.15226
1.15244
1.15244
1.15246
1.15246
1.15246
1.14595
1.14591
1.14591
1.15254
1.15254
1.1526
1.1526
1.15263
1.15263
1.15269
1.15269
1.15279
1.15279
1.15282
1.15282
1.15285
1.14607
1.14613
1.14613
1.15289
1.15289
1.14614
1.14614
1.15314
1.15314
1.14635
1.14635
1.15313
1.15313
1.14635
1.14635
1.14635
1.14638
1.14643
1.14643
1.14644
1.14644
1.14639
1.14639
1.14645
1.14645
1.14649
1.14649
1.14657
1.14657
1.14655
1.14655
1.13814
1.13815
1.13817
1.13817
1.14665
1.14665
1.14678
1.14678
1.14677
1.14677
1.1468
1.1468
1.14686
1.14686
1.14686
1.14686
1.1469
1.13846
1.13846
1.13846
1.14683
1.14683
1.1469
1.1469
1.147
1.147
1.14706
1.14706
1.15443
1.15443
1.14715
1.14715
1.14716
1.14713
1.14713
1.14713
1.15456
1.15456
1.15464
1.15464
1.15475
1.15475
1.1547
1.1547
1.15484
1.15484
1.15484
1.15484
1.15482
1.14729
1.14722
1.14722
1.15472
1.15472
1.15481
1.15481
1.15485
1.15485
1.15491
1.15491
1.15495
1.15495
1.15501
1.15501
1.15512
1.14749
1.15517
1.15517
1.15516
1.15516
1.16539
1.16539
1.16547
1.16547
1.16554
1.16554
1.16562
1.16562
1.1657
1.1657
1.16573
1.16579
1.16582
1.16582
1.17663
1.17663
1.18141
1.18141
1.18149
1.18149
1.18155
1.18155
1.18161
1.18161
1.18162
1.18162
1.1816
1.17692
1.17692
1.17692
1.2066
1.2066
1.20666
1.20666
1.20673
1.20673
1.2068
1.2068
1.20684
1.20684
1.22938
1.22938
1.22945
1.20708
1.20716
1.20716
1.22957
1.22957
1.22957
1.22957
1.22955
1.22955
1.22961
1.22961
1.22968
1.22968
1.22976
1.22976
1.24889
1.20747
1.2075
1.2075
1.24891
1.24891
1.24886
1.24886
1.24884
1.24884
1.24882
1.24882
1.22966
1.22966
1.22961
1.22961
1.2487
1.20756
1.20754
1.20754
1.22961
1.22961
1.22954
1.22954
1.22951
1.22951
1.22948
1.22948
1.22945
1.22945
1.22945
1.22945
1.22942
1.20757
1.20765
1.20765
1.22941
1.22941
1.22943
1.22943
1.22934
1.22934
1.22932
1.22932
1.22929
1.22929
1.22934
1.22934
1.22937
1.20772
1.20776
1.20776
1.24832
1.24832
1.25561
1.25561
1.25562
1.25562
1.2556
1.2556
1.25554
1.25554
1.25555
1.25555
1.25554
1.22949
1.22948
1.22948
1.25566
1.25566
1.25568
1.25568
1.25569
1.25569
1.25572
1.25572
1.25568
1.25568
1.2557
1.2557
1.25568
1.24828
1.24828
1.24828
1.25581
1.25581
1.25571
1.25571
1.25571
1.25571
1.25565
1.25565
1.2556
1.2556
1.25565
1.25565
1.2556
1.24811
1.24808
1.24808
1.25558
1.25558
1.2555
1.2555
1.25546
1.25546
1.25546
1.25546
1.25549
1.25549
1.25551
1.25551
1.25549
1.24795
1.24792
1.24792
1.25539
1.25539
1.25547
1.25547
1.25546
1.25546
1.25546
1.25546
1.25542
1.25542
1.25546
1.25546
1.2555
1.24796
1.24797
1.24797
1.25557
1.25557
1.25555
1.25555
1.25555
1.25555
1.25566
1.25566
1.25574
1.25574
1.25581
1.25581
1.25584
1.24818
1.23002
1.23002
1.25267
1.25267
1.25273
1.25273
1.25277
1.25277
1.25283
1.25283
1.24849
1.24849
1.25278
1.25278
1.25624
1.23045
1.23047
1.23047
1.24854
1.24854
1.24856
1.24856
1.24847
1.24847
1.24854
1.24854
1.24859
1.24859
1.24858
1.24858
1.24863
1.211
1.21105
1.21105
1.23081
1.23081
1.23083
1.23083
1.23087
1.23087
1.23094
1.23094
1.23107
1.23107
1.23116
1.23116
1.23119
1.23118
1.2312
1.2312
1.23124
1.23124
1.23127
1.23127
1.23133
1.23133
1.23132
1.23132
1.2314
1.2314
1.23149
1.23149
1.23152
1.21198
1.21204
1.21204
1.23173
1.23173
1.24931
1.24931
1.24934
1.24934
1.2494
1.2494
1.2494
1.2494
1.24939
1.24939
1.25733
1.23204
1.23212
1.23212
1.25412
1.25412
1.25414
1.25414
1.25417
1.25417
1.25426
1.25426
1.25768
1.25768
1.25771
1.25771
1.25776
1.24969
1.24976
1.24976
1.2579
1.2579
1.25791
1.25791
1.2579
1.2579
1.2579
1.2579
1.2579
1.2579
1.25795
1.25795
1.258
1.25471
1.24984
1.24984
1.258
1.258
1.25803
1.25803
1.25806
1.25806
1.25805
1.25805
1.25806
1.25806
1.25816
1.25816
1.25814
1.2582
1.25828
1.25828
1.25832
1.25832
1.25841
1.25841
1.25851
1.25851
1.25861
1.25861
1.25876
1.25876
1.25882
1.25882
1.259
1.25904
1.25915
1.25915
1.25929
1.25929
1.2594
1.2594
1.25953
1.25953
1.25957
1.25957
1.25971
1.25971
1.25983
1.25983
1.25986
1.25995
1.25996
1.25996
1.2811
1.2811
1.25178
1.25178
1.2813
1.2813
1.25187
1.25187
1.28141
1.28141
1.28141
1.28141
1.30463
1.30463
1.30463
1.30463
1.28155
1.25197
1.25197
1.25197
1.28156
1.28156
1.28156
1.28156
1.30472
1.30472
1.30472
1.30472
1.28156
1.28156
1.28156
1.28156
1.30479
1.30479
1.30479
1.30479
1.28167
1.28167
1.28167
1.28167
1.30486
1.30486
1.30486
1.30486
1.28188
1.28188
1.28188
1.28188
1.30507
1.2609
1.2609
1.2609
1.26093
1.26093
1.26093
1.28192
1.28192
1.28192
1.30508
1.30508
1.282
1.282
1.30506
1.30506
1.28196
1.28196
1.30508
1.30508
1.28198
1.2522
1.26091
1.26091
1.28212
1.28212
1.30518
1.30518
1.2822
1.2822
1.3053
1.3053
1.28235
1.28235
1.30547
1.30547
1.28256
1.25259
1.26129
1.26129
1.28265
1.28265
1.25267
1.25267
1.28286
1.28286
1.25282
1.25282
1.26163
1.26163
1.26172
1.26172
1.26176
1.2618
1.26183
1.26183
1.26184
1.26184
1.26189
1.26189
1.26198
1.26198
1.26207
1.26207
1.26209
1.26209
1.26218
1.26218
1.26219
1.26225
1.26225
1.26225
1.26234
1.26234
1.26238
1.26238
1.26244
1.26244
1.26254
1.26254
1.26266
1.26266
1.26282
1.26282
1.26288
1.26287
1.26287
1.26287
1.26294
1.26294
1.26301
1.26301
1.26297
1.26297
1.263
1.263
1.28472
1.28472
1.2543
1.2543
1.28498
1.25438
1.26327
1.26327
1.2851
1.2851
1.3075
1.3075
1.28535
1.28535
1.30756
1.30756
1.28543
1.28543
1.30763
1.30763
1.2855
