55186.4
42817.7
42732.6
42636.3
42575.7
41950.8
42016.4
41693.4
41680.2
41417.2
41752.1
41357.6
41482.8
41209.5
41426.5
40679.1
40073.9
39850.4
39824.5
39768
39668.8
39586.1
39526.6
39374.4
39339.1
39220.2
39172.4
39037.1
38953
38859.2
38751
38725.1
38706.4
38636
38493.5
38467.8
38385.8
38290.8
38263.9
38188.4
38051.2
38014.2
37898.4
37827
37811.8
37665.3
37615.5
37564.1
37450.9
37305.2
37229.7
37174.5
37193.7
37065.3
37010.3
37004.5
36918.7
36866.1
36827.5
36806.8
36778.3
36675.5
36631.2
36579.4
36501.9
36470.6
36423.1
36498.2
36431.2
36354.7
36352.5
36353.1
36333.1
36338.7
36384
36381.1
36384.5
36319.2
36359.2
36430.6
36363.2
36440.1
36547.9
36507.3
36588.1
36654.7
36679.4
36763.4
36721.1
36812
36823.6
36872.2
497.447
36863.4
499.137
36987.2
489.123
37055.1
350.359
451.494
483.951
37088.7
497.507
721.506
494.709
37149.6
340.425
1931.6
452.111
37160.2
2283.82
37236.1
3252.12
759.431
37358.1
1417.35
3000.79
1848.04
37392.9
1902.37
2319.67
1959.72
37491.6
2866.25
4129.57
3016.92
37598.8
2139.2
4047.43
1636.53
37643.2
1945.72
5242.26
1261.26
37701.4
889.22
6063.35
1258.65
37758.1
1247.44
6136.49
1504.97
37838.7
1619.01
6850.98
2640.73
37945.2
3178.38
8232.41
3838.2
38097.4
4467.89
9304.1
5124.12
38216.9
3720.73
11453
4993.76
38330.3
5171.21
13809.4
5291.15
38380.8
5827.58
14761.8
6489.31
38514.8
8639.4
16323.4
9936.38
38622.9
10321.1
18855.2
10802.6
38792.3
9330.14
17791.4
6749.69
38850.9
6399.85
21834.8
7954.62
39003.4
10037.1
21961.2
11356.5
39144.6
9849.33
26121.8
14526.5
444.443
39273.2
497.608
17592.2
30259.9
21035.5
39412.7
21386.8
31874.5
21852.2
39439.3
22639
32459.6
24859
39544.9
26176.8
34595.2
26651.6
39686.8
29365.4
36279.3
31349
39804.9
33162
473.862
37403.7
317.112
34019
544.191
40090.5
1347.58
36368.8
1523.12
37645.5
1455.1
39802.4
1000.19
40233.2
1773.26
39316.2
1977.86
37625.8
1269.41
40230.7
1195.7
40310.7
806.274
42880.6
967.049
38842.4
999.5
43441.3
773.752
40552.8
458.303
39158.6
39826.3
495.898
46351.7
488.08
40699.5
760.796
39291.6
507.478
38462.3
696.205
47011.3
942.83
40868.7
704.97
45608.4
964.761
40686.6
1209.52
47899.7
1758.23
41064.5
1239.65
48626.9
1516.45
41386.9
1660.25
49102.9
1951.77
41059.1
2181.87
48640.1
3173.52
40544.5
2472.04
46276.2
2205.38
42237.1
2682.15
57214
2830.68
43418.8
2187.64
57247.4
2524.06
42893
4719.75
58661.9
6353.77
43945.1
5814.96
59996
4563.35
43098.6
4326.78
59443.6
4549.81
43746.5
5727.89
61138.7
5662.28
43059.3
3973.9
61767.1
6631.12
43288.4
6955.64
61180.5
6906.07
43288.9
5935.26
63980.6
6428.09
43559.5
7016.21
62743.3
4766.38
43569.5
3930.09
63908.3
3412.21
43224.1
5006.63
61300
5422.04
43682.6
5534.44
64705.7
6850.21
42618
6589.55
61499.3
8739.69
43765.1
8711.33
64602
12038.7
43080.2
11878.5
62882
9551.22
43972.2
13401.7
65105
14149.3
43296.6
10147.8
64188.2
13910.7
43904
16665.1
63911.8
18077.5
43578.9
16732.7
63879.9
16491.6
44462.1
14816.1
63455.6
13320.6
43169.9
16317.7
64183.7
18506.3
44523.6
18662
64093.3
19249.5
43035.3
14303.1
64004.9
19740.1
44461.5
22037.1
61699.4
21316.2
43946.5
23822.1
61389.9
22199.5
44638.9
21427.3
65519.8
24573.5
44478.7
22864.4
65995.6
22649
44388.6
24179.7
66355.7
24494.1
45566.7
23749.2
64495.3
25116.6
44719.3
24106.8
64933.2
26137.1
45342.2
25886.7
65505.3
28633.2
45148.6
28530.5
65778.9
30905.9
46054.5
29970
64032.1
30977.5
45487.8
28709.3
65654
33609.1
46123.6
31401.5
64568
35865.8
45796.1
35090.2
66885.4
33779.7
46919.8
33277.4
65448.9
33677.5
46150.6
32384.2
62327.6
35556.9
46597.3
36688.7
62396.6
40174.6
46617.7
41800.7
64066.7
44101.8
47056.6
44054.5
64684.2
46069.1
46365
44649.6
65838.8
46929.5
47610.9
46502.6
65188.4
48680
47149.7
49793.1
64070.9
53378.3
48517.9
51308.2
63487.9
51466.6
47142.8
46248.7
63743.3
47229.2
49658.6
55159
64718.8
55707.7
47472.7
56032.3
65124
55103.1
49156.4
51782.2
64143.5
53355.8
47091.6
54158.3
65565.4
53223.5
49276.9
54471.5
64867.4
53284.1
47694.8
51730.3
65103.5
52207.3
50667.4
51694.5
65770.4
51796.4
48268.1
50196.4
65304.7
51407.5
50798.4
51521.4
65264
51724.9
48273.3
52350.4
65280.2
52218.8
50710.3
51732.7
63419.6
50535
48396.9
51853.2
65591.4
51656.8
52187.8
52304
63814.1
50761.2
49253.1
51782.2
65024.4
51402.3
51784.4
50379.7
63602.2
50874
49413.9
53263.8
64005.9
50064.5
51896.1
52868
282.566
64504.9
51622.1
852.933
49514.9
1085.46
53747.8
1957.11
64677.6
2911.46
52671.8
4823.01
52272.3
5194.25
52500.4
3880.12
64034.9
3483.14
51325.5
4756.87
50034.1
4889.47
53284
3924.6
64385.3
3948.77
53293.6
2991.68
52850.3
1591.35
50982.4
392.224
61476.7
273.318
52151.7
833.957
50211.5
1056.13
55530.6
1370.73
64343.3
1700.74
52487.8
2739.86
53953.1
1956.78
52575.4
1920.56
63066.1
1138
53160.1
536.856
50672.1
1233.98
52829.9
841.74
63600.3
844.594
53461.4
550.822
54234.9
1387.75
53911.4
2831.92
62553.4
2952.65
53579.2
2165.97
50661
743.318
52873.9
768.545
62263.7
837.223
53434.9
1105.14
54502.9
803.715
54806.7
1420.2
63559.1
1971.5
50206.7
617.552
51137.3
1058.63
52856
557.284
62671.4
842.204
51535.5
856.367
54378.4
1671.48
52794.6
1917.16
61911.4
1022.1
51360.7
1399.29
51311.9
1020.98
54023.3
862.027
63164.6
563.303
52653.2
563.799
55208.2
573.753
52888.6
849.043
62810.1
849.753
51608.9
1390.72
50009
1337.15
52224.4
1376.93
63062.5
1399.06
50470.6
1380.89
54396.6
1640.77
52391.3
1081.36
62265.1
263.391
49574.6
557.596
49255.7
471.447
51380.8
869.157
61475.7
1105.45
49811.8
1038.65
54775.3
2149.32
51168.4
2322.78
63200.4
2944.76
52114
3404.11
50624.5
3917.11
49459
4962.38
61835.5
4426.57
50172.8
5330.32
54144.7
7210.57
50955.7
8141.99
58756.5
10192.9
51042.6
10889.4
49422.9
11415.7
51157.7
13212.9
59260.9
12760.9
51168.8
12909.4
53979.6
11113.3
49885.4
8370.07
62017.5
7219.77
51105.5
5244.58
50321.2
4995.1
49290.4
3961.86
60477.1
2627.54
51040
2849.76
54109.3
3725.99
52037.3
3790.38
60742.9
2942.44
50641.5
4979.38
51881.3
5228.9
50922.8
7736.89
60642.3
9036.22
51676.8
12078
54784.1
13484.3
50740.4
13546.9
60388.5
12760.6
51454.8
11329.1
51798.2
13248.4
50926.4
13841.6
61901.9
13180.8
51048.6
13476.8
54457.6
13890.4
49162.9
11175.9
62172.1
10766.1
50171.3
7839.48
50937
8035.77
48651.2
6831.76
61311.7
6854.73
48676.7
7180.77
55226.8
6754.85
50890.7
8261.82
60701.3
8272.79
49107.6
9593.01
52573
6551.69
50071.5
7005.98
60721.1
4913.91
49641.4
5650.83
55222.2
8352.84
48113.3
9479.64
59577.8
9759.47
49522.8
11263.4
52733.6
11331.8
51233.3
10137.5
60688
12726
49504.4
14171.7
54885.9
14667.4
47990.3
15935.4
60200.7
17292.1
50499.1
16127.1
51953.8
15518.5
48216.6
16653.4
60569.3
15673.1
48801.2
15882.5
54212.9
15795.5
47993.3
15979.2
62104.9
16627.8
50575.9
15687.1
52178.1
16733.8
50386.8
17156.1
62710.8
17808
50342.4
17832.3
55053.3
19151
49957.5
17418.1
60889.4
19448.8
49432.9
18427.4
52735
19469.9
50311
21414.3
61520.8
21905.4
48488.7
21808.4
56268.5
23001.3
48190.8
22236.5
60787.6
23163.8
49356.9
21365.7
53509.2
22129.7
49410.8
22429.9
61691.9
21470.5
49446.8
20630.9
55181.5
20712.3
49302
19213.4
61463.2
19189.6
49017.5
19011.7
53167.4
18966.4
49286.7
18192.5
61444.9
18102.6
48174.1
15988.6
55411.5
18459
47906.8
17616.8
61278.7
16561.2
47901.3
16711.6
53983.4
20011.6
47696
18533.8
60966.1
18824.6
47650.9
18737.2
54607.7
18444.8
47077.7
18601.3
62160.4
20320.5
47519.4
15936.1
52550
17764.1
47285.1
18941
60362.8
18822.9
46464.8
17101.9
54100.2
19921.8
47033.3
18414.6
60915.1
19260.5
45868.4
19233.2
52747.4
20411.2
46212.5
20475
60634.8
21089.6
46300
20532.7
53989.2
22116.6
46155
21257
61719.7
21912.3
46569.6
19094.7
52745.8
21679.8
46559.3
22484
60367.6
22013.7
45092.9
21559.5
54072
22202.1
45978.5
22295.3
59656.5
22904.3
46233.3
22000.6
53628.7
22779
42795.2
22045.3
62835.3
24326.9
47603.9
23145.3
55741.2
23125.1
43534
20657.1
56670.9
23085.5
41054.6
19479.5
52506.4
25255.2
45752.6
24655.4
59776
24758.5
45091.3
23681.4
53768.9
25102.6
44980.7
22505.3
59500.8
22333.6
44280.4
20971.7
53531.8
22254.4
45859.4
21708.7
59622.2
21864.7
45284.2
20087.5
53864.9
21587.3
45344.5
19770.8
59743
20372
45229.2
19483.9
53890.2
21299.9
45609.5
21336.2
59588
23531.2
45149.2
23004.2
54356.8
25551.3
45147.5
25109.3
59643.4
26794.2
45140.5
24920.4
53687
27111.8
45166.7
25867
59545.5
28346.2
45444.5
27146.1
54355.2
28226.8
44921.3
28089.6
59530.7
29796.1
45141.9
27445.5
53830.9
30354.2
45593.3
28361.1
59059.3
29611.6
45363.3
27824.9
53686.5
29667.4
46299.2
27167
60077.8
28817.2
46407
26602.9
53803.8
27229.5
46509.4
25820.7
59679.1
27164.7
46395.6
25289.5
53367.5
26848.3
46117.7
25190.3
59700.4
26595.8
46489.8
24820.3
53884.8
27077.6
47269.3
24943.2
59581.2
26247.4
46396.3
24020.8
53534.4
25815.4
46354
23682.5
59476.8
25688.3
46147.1
21690.4
54047.8
26243.8
47223.5
25333.1
59933.5
25916.4
46367.9
24803.1
54173.1
26602.9
46359.9
24809.6
59817.7
27058.3
46129.1
24976.6
55010.1
27767
47006.7
26575.8
59426.4
27231.8
45804
25085.9
54353.6
27637.1
45433.7
26036.3
59382.4
28770.8
45538.6
26881.2
55237.2
30848.8
45845.4
29267.7
59285.5
30389.8
44471.8
27032.9
54534.5
27305.3
44927.8
27292.2
59075.1
29037.9
44937.8
27089.8
55139.5
30005.2
44819.4
28418.3
57978.7
29343.1
44021.7
27066
53786
29663.3
43885.7
27564
58188.1
30797.4
44367.7
28197.5
55610.8
30523.8
45188.4
28550.7
58861
29949.7
44261.8
27190.1
54627.8
29176
44274.9
26037.8
57388.7
28312.3
44159.3
24755.9
55523.9
27162.5
45019.6
25294
58762.3
26200.1
44215.9
23572.7
54698.8
24917.2
43994.9
22567.5
58804.9
24623.3
44105.3
21299.6
54773.6
24624.1
44906.9
22458.5
57117
26858.4
45924.7
24022.3
53364.9
26553.7
46029.9
24007.4
56519.1
26542.8
45900.8
24449.1
55061.2
24647.3
44958.3
22506.9
56718.1
26163.4
46162.1
23308.6
53683.7
25733.7
45274.9
23148.6
56473.7
25794.8
45996.2
23298.1
55502.2
26952.4
46553.7
24554.3
56754.4
25739.1
45953.8
22566.3
53968.3
25317.6
46025.1
22539.8
55793.1
25102.3
46207.3
22004
55199.8
25912.7
47221.6
23062.8
56208.1
24427.6
45967.2
21480.8
52483.7
24816
46202.5
21430.4
55485.3
24677.4
46378.4
21536.6
54727.4
25484.4
47241.7
22542.1
55486.9
24305.6
45804.8
25625.7
53584.3
24211.4
44718.8
25090.4
55200.4
23678.6
44322.2
25211.8
55536.4
25016.2
46631.7
22601.6
55224.3
24006.6
45287.5
25026.7
53560.1
23929.6
45026.9
24391.8
54729.4
23455.4
44321.2
24132.9
55173
24602.8
46147.4
22534.1
55135.5
24035.6
44992.9
24989.3
53498.5
24289.3
44755.1
25333.6
55472.5
24493.9
44697.6
25810.3
55035
25451.6
45037.8
23298.8
54184
25522.4
45270.9
27045.2
54402.7
25729.8
44282.8
26605.9
55781.3
25366.1
44040.6
26583.2
56103.7
26670.9
45788.1
23946.6
54136.6
25429.5
43683.5
25892.5
52703.7
24239.1
43519.5
26357.5
54293.9
25598.6
46303.7
25560.9
55427
26476.3
45223.9
25685.1
53689.6
24958.6
46343.7
24783.4
53062.1
24516.2
45781.3
24661.3
54030.2
24517.8
46090.1
24370
55145.5
25333.4
44944.6
25256.5
53972.5
23623.3
46223.8
23708.4
52468.3
23487.6
45592.1
23249.9
53217.1
23267.2
45933
23246.4
54758.2
24541.9
45017.8
24561.5
53579.2
23238.3
45780.1
23127.3
51474
22726
45123.6
22713.2
52126.5
22863.8
45203.6
23248.5
54596.5
24646.5
44753
24880
52951.5
23906.1
45643.6
24187.2
51923.4
24138.3
46302
24457.6
53230.3
24765.7
45892.9
24840.3
55606.6
25930.4
45772.1
24514.8
53341.2
24779.4
46122.6
25114.6
53166.6
25091
45973.6
24839.1
53370
25308.2
45802.9
25365
54648.9
26327.6
45414.9
25318.4
52892.7
25579.8
44836
25390.4
52689.3
25518.1
44783.8
25246.5
52366.4
25315.8
45128.5
25301.3
55044.4
26576.9
44773.4
25623.2
52462.7
25371.7
44528.1
25522.2
52190.2
25782.5
45155.3
26042.7
52923.7
26111.5
44708.2
25724.6
56485.1
27410.5
45853.1
26546.1
53582.6
26370
45627.6
26281.3
53543.1
26107.3
45210.7
26060.2
53176.8
26102.4
45185.3
25668.4
56294.9
26344.3
44401.2
25546.1
51808.5
25499.5
44241.3
25683.8
53111
26265.8
44689.8
26160.6
52738.4
26301.2
44695.8
26071.5
56064.3
27128.2
44528.5
26094.5
52422.3
25507
44387.9
25985.4
52946.8
25888.9
44653.9
25964
52259
26102.9
44783.4
25857.2
55780.9
26966.9
44358.5
25917
52170.1
25998.2
44731.1
25863.7
52603.2
25893.8
44521.3
25872.4
51755.7
25900.4
44509.6
26064.4
55919
27679
44844.6
26643.5
52279.6
26721.8
44848.9
26738.3
52727.1
26913.6
44660.1
26787
52189.7
27220.5
45063.3
27244.8
55769.3
28282.2
45046.4
26712.5
52198.1
26610.1
44924.1
26595.2
52467.5
26441.6
45164.6
25709.7
52013
25877.9
44661
25170.1
55866.3
26763.8
45274.5
25241.5
51403.9
24726.1
44813.1
24642.3
51615.7
24723.1
44779.9
24596.3
51042.1
24472.9
44520.2
24513
54712
25384.3
44097.4
23183.2
49613.1
23688.1
44044.8
23745.4
50730.2
23595.4
43780.4
23581.2
50003.2
23427.8
44363.3
23433.2
53006.1
24727.8
44210.8
23373.8
49449.4
23371.7
44218
23380.6
50047
23424.4
44435.3
23104.8
49494.1
23237.4
44306.1
23175.5
52919.6
24635.7
44057.8
23213.9
49357.4
22698.7
44352.8
23438
49803.4
23309.3
43922
23430.6
49139
23663.7
44017.7
23792.9
52579.5
25295.2
43605.3
24054.5
49091.7
23917.4
43496.1
24124.3
50227.3
24146.5
43510.4
24171.3
49198
24100.5
43526.9
24174.8
53234.7
25446.9
43052.5
24090.2
48609.1
23893.7
42942.2
24010
49906.9
24002.1
43147.2
23813.7
49033.7
23506.9
42386
23533.6
52972.4
25347
42884.2
23724.1
48890.6
23651.7
43333.4
23609.8
49594.7
23321.5
43024.3
23200.5
48552.2
23089.1
42769.6
23159.3
52220.7
24683.3
42165.4
23223.4
48091.1
23664.9
43253
23672.7
49553.3
23426.4
43012.8
23642.6
48535.7
23492.7
42851.5
23316
52837.7
24972.4
42888.6
23449
48354.6
23388.4
42548.1
23320.8
49501.2
23466.8
42201.1
23112.6
47753.8
23445.9
41889.8
23506.8
52114.2
25384.6
42293.5
24144.2
48176.8
24231.1
42095.7
24327
49123.1
24011.4
41779
24030.6
47971.1
24168.4
42001
24332.3
52678
25847.4
42129.9
24276.8
48030.6
24284.2
41688.2
24387.8
49456.5
24497.2
41728.8
24334.8
48198.6
24516
41672
24663.8
53344.8
26632.8
41951.9
24794.1
49259
25145
42465
25213.7
50536.9
25355
42448.4
25432.7
49222.9
25566.8
42127.6
25460.2
52821.3
26391.4
41096.4
25234.2
48657.4
25205.4
41344.4
24949.2
49637.9
25119
41761.4
24991.7
48406.7
24731.4
41554
24235.2
53179.1
26042.7
41040
24392.7
48277.3
24728.7
41266.8
24767.4
49504.6
24424.5
40848.4
24620.4
47532.8
24795.7
40755.2
24977.3
53283.3
26753.3
40856.6
25176.7
48363.3
25156.1
40866.6
24892.5
49651.7
25087.4
40801.2
24578.6
47823
24649.1
40416.4
24869.4
53741.7
26167.8
40639.7
24740.5
48197.5
24845.1
40117.4
24923.1
49588.6
25348.9
40900.8
25503.1
48483.4
25421.6
40862.9
25013.1
54213.5
26877.4
40685.4
25035.2
47863.1
24828.6
40405.7
24203.4
49190.3
24606.5
40284.8
24652.9
47780.2
24546.4
40596.4
24498.7
53354.8
25946.9
40331.9
24292.9
47537.5
24350.7
40411.8
24394.2
49374.6
24296.1
40033.3
23917.8
46980.7
23904.8
39767.3
23808.7
52358.5
25049.9
39568.2
23564.3
46724.6
23419.8
39584
23176.8
48592.3
22658.3
39633.5
23008.6
46593.8
22900.9
39659.4
22773.5
52442.8
24555.1
39544.2
22756.8
46552.6
22664.7
39900.6
22936.5
48862.5
22770.4
39710.1
22371.3
46706
22600.1
39898.4
22401.1
52971.6
23719.1
39459.8
21955.6
46238.9
22012.6
39848.7
22175.1
48795.9
21926.4
39622.4
21765.5
46231.2
21648.4
39643.8
21448.7
52931.3
22951.1
39690.6
21249.7
46002.6
20946.2
39877.2
21138.7
48651.9
21023.2
39681.8
20756.2
46217
20648.8
39357.6
20431.3
51868.3
22104.7
39447.3
20525.9
44603.6
20995.1
39391.2
20165.1
46740.8
20949.8
39530.8
20208.5
44400.7
254.482
20893.6
1533.31
39005.7
4775.69
20967.7
7691.64
51612.2
11428.1
21874.8
10489.8
39465.2
12070.1
21004
10128.9
44107.2
12337.1
21177.4
9923.19
39555.9
11622
21115.7
9275.32
46327.5
10090.7
21088.4
7608.63
39168.3
7639.27
20807.4
6140.16
43799.6
7250.57
21005.4
6683.6
39423.5
5658.39
20780.8
3902.35
50858.7
3034.69
21451.2
1053.11
39090
262.595
19953
44101.5
535.354
20430.7
38906.8
20415
46918.1
20559.7
39230.8
20508.6
44120.1
20458.9
39029.1
20437.2
51808.7
21876.5
38910.4
19871.7
44004.3
20495.6
39150.3
20738.1
46862.9
20722.4
38748.2
20836.6
44059.3
21040.3
38991.3
21237.7
51696.3
22371.5
38584.4
20687.9
44213.8
21331.9
38175.5
20717.6
46735.7
21486.8
38246
20920.9
45180
21018.7
38169.4
21063.2
52504.9
22851.5
37768.2
21024.5
45246.5
21200.6
37682.3
21174.3
47812.9
21434.1
37731.5
21309.9
45607.3
21579.6
37701.1
21639.4
52428.7
23085.1
37226
21468.9
44657.9
21470
37166.5
21236.4
47566.1
21591
37163.3
21595.8
44770.1
21510.7
36975.3
21468.4
52391.8
23183.5
36916.5
21124.2
45310.7
21055.2
36790.6
20891.9
47438
20773.6
36640.9
20467
43569.1
20919.9
36613.8
20599
51306.4
21959.2
36658
20073.4
43278.6
20360.3
37902.5
20145.2
45990.5
20446.2
38575.8
20063.3
43119.5
20247.1
38341.9
20096.8
52726.1
