1.00438
1.00416
1.00433
1.00471
1.00443
1.02005
1.01979
1.0197
1.01973
1.01908
1.01888
1.01906
1.01898
1.01937
1.0184
1.02158
1.0178
1.01828
1.01757
1.01749
1.01741
1.01733
1.01723
1.0168
1.01653
1.01684
1.01694
1.01652
1.0164
1.0164
1.01691
1.0162
1.01596
1.01575
1.01555
1.01542
1.01527
1.01534
1.01516
1.01483
1.01512
1.01493
1.01499
1.0143
1.01445
1.01422
1.01463
1.01419
1.01454
1.0142
1.01472
1.0142
1.01457
1.01476
1.01437
1.01402
1.01411
1.01449
1.01415
1.01452
1.01395
1.01433
1.01391
1.01375
1.01375
1.01381
1.0141
1.01306
1.01401
1.01365
1.01343
1.0134
1.01345
1.01358
1.01307
1.01324
1.01311
1.01316
1.01292
1.0127
1.01322
1.01281
1.01249
1.01257
1.01245
1.01227
1.01257
1.01221
1.01211
1.01222
1.01265
1.01227
1.02481
1.01225
1.02781
1.01269
1.00409
1.01183
1.02601
1.0138
1.02799
1.01162
1.00549
1.01266
1.00011
1.01147
1.00883
1.04659
1.00594
1.01176
1.08255
1.01169
1.05682
1.00615
1.01148
1.02836
1.06187
1.04643
1.01173
1.05501
1.05633
1.03583
1.0114
1.03183
1.06626
1.04893
1.01117
1.02144
1.08757
1.01994
1.01085
1.04247
1.12893
1.05007
1.01091
1.00363
1.103
1.01695
1.01126
1.03173
1.11591
1.04691
1.01075
1.05796
1.16567
1.05427
1.01077
1.06815
1.16558
1.03396
1.01032
1.03489
1.13656
1.06113
1.00991
1.07328
1.19341
1.04002
1.00987
1.05728
1.2082
1.06869
1.00976
1.09298
1.22321
1.09627
1.00957
1.11815
1.20929
1.13791
1.00881
1.1202
1.24358
1.13324
1.00899
1.131
1.21523
1.10777
1.009
1.05852
1.23362
1.04535
1.00863
1.08072
1.26191
1.06958
1.0081
1.06332
1.23532
1.04964
1.03643
1.00769
1.02745
1.07808
1.21693
1.09519
1.00749
1.10213
1.21068
1.13653
1.00759
1.10798
1.2212
1.17273
1.00744
1.15681
1.19381
1.17128
1.0065
1.13159
1.18034
1.10913
1.00653
1.06979
1.00705
1.17382
1.02193
1.08225
1.00754
1.00596
1.00908
1.06082
1.01593
1.18727
1.04933
1.04423
1.02214
1.00624
1.0025
1.03943
1.01098
1.19662
1.01217
1.01912
1.01661
1.00648
1.00204
1.05356
1.0062
1.19355
1.00433
1.09334
1.00233
1.00582
1.01524
1.10054
1.16895
1.0211
1.12656
1.00474
1.00553
1.00473
1.09789
1.02052
1.15009
1.00203
1.1434
1.0108
1.00522
1.00024
1.15729
1.01195
1.15607
1.01088
1.12184
1.02785
1.00491
1.01848
1.12817
1.02455
1.14504
1.02723
1.12122
1.02393
1.00708
1.0068
1.13195
1.0214
1.1583
1.01735
1.10892
1.01439
1.00446
1.05979
1.09301
1.03576
1.15377
1.05803
1.08838
1.01052
1.00427
1.00005
1.07816
1.06151
1.14895
1.0723
1.07784
1.05451
1.00413
1.04509
1.07171
1.0553
1.14554
1.06179
1.05838
1.012
1.00425
1.03906
1.04385
1.01513
1.14475
1.0182
1.03931
1.01976
1.00426
1.04468
1.03358
1.01612
1.15121
1.006
1.03453
1.01941
1.00371
1.02025
1.03603
1.00765
1.15364
1.01299
1.03554
1.0123
1.00357
1.03
1.03037
1.01164
1.16077
1.02494
1.00678
1.01794
1.0033
1.01912
1.04839
1.03706
1.1656
1.02634
1.06126
1.04086
1.00285
1.03647
1.0437
1.05528
1.16789
1.02193
1.05373
1.02063
1.00301
1.00003
1.04985
1.01059
1.16792
1.01535
1.07131
1.03942
1.00259
1.00536
1.07886
1.02342
1.16346
1.0054
1.06474
1.01866
1.00198
1.02709
1.06788
1.00324
1.15642
1.00739
1.07557
1.00756
1.02047
1.05294
1.07789
1.07216
1.14778
1.07284
1.06854
1.07244
1.02083
1.08485
1.05519
1.07695
1.14282
1.03277
1.0442
1.0539
1.02108
1.06319
1.0398
1.07154
1.13804
1.11112
1.03874
1.09251
1.02208
1.0992
1.0558
1.0852
1.13863
1.06878
1.04333
1.08127
1.02169
1.05033
1.04245
1.06069
1.13444
1.0684
1.04233
1.04606
1.02191
1.02544
1.0346
1.0611
1.12864
1.01556
1.03369
1.01424
1.02155
1.05452
1.04091
1.02486
1.12226
1.00693
1.05226
1.01383
1.02233
1.0145
1.06384
1.01433
1.11579
1.01996
1.06364
1.0025
1.02134
1.00421
1.06064
1.0293
1.10506
1.02024
1.06218
1.02369
1.0224
1.01317
1.06476
1.02476
1.10286
1.04023
1.06813
1.02845
1.02247
1.03451
1.0676
1.0011
1.09414
1.00177
1.07171
1.01383
1.02237
1.00518
1.06836
1.00624
1.08299
1.0355
1.07038
1.01184
1.0226
1.02125
1.06061
1.05213
1.07708
1.05031
1.05605
1.08167
1.0227
1.0795
1.04914
1.07418
1.07086
1.07308
1.05749
1.09442
1.02259
1.1089
1.05819
1.11083
1.06333
1.13615
1.05374
1.11972
1.02217
1.14813
1.05546
1.13287
1.05622
1.15242
1.05683
1.15715
1.02236
1.15852
1.05243
1.1676
1.05137
1.17474
1.05273
1.18326
1.02216
1.17143
1.04994
1.1686
1.04818
1.16442
1.05307
1.16289
1.02208
1.15333
1.05246
1.15068
1.04399
1.151
1.05469
1.17109
1.02288
1.14999
1.04866
1.16565
1.03942
1.13681
1.01927
1.05196
1.14888
1.02412
1.02235
1.00264
1.12921
1.01226
1.05596
1.03928
1.14296
1.06034
1.03414
1.09465
1.14002
1.06128
1.05824
1.09592
1.14855
1.08781
1.02242
1.05427
1.13535
1.07124
1.06211
1.05169
1.14375
1.03686
1.03165
1.0124
1.12934
1.01871
1.06131
1.02041
1.13514
1.00897
1.02277
1.03665
1.13748
1.02196
1.06126
1.0121
1.15674
1.04404
1.0277
1.00592
1.12713
1.01963
1.06215
1.00261
1.14497
1.01594
1.02318
1.01495
1.13545
1.01038
1.05993
1.00644
1.14371
1.00863
1.0223
1.01527
1.15404
1.01961
1.05853
1.001
1.1451
1.0393
1.02318
1.00687
1.13955
1.04296
1.05991
1.02915
1.14832
1.03648
1.01705
1.03893
1.14761
1.00468
1.06041
1.0011
1.16598
1.00242
1.02246
1.00328
1.16426
1.01724
1.06035
1.0163
1.17024
1.01596
1.01324
1.03849
1.17087
1.01445
1.05817
1.00338
1.16774
1.00063
1.023
1.00449
1.16284
1.00097
1.05989
1.01255
1.18181
1.00295
1.0004
1.0148
1.18463
1.00779
1.05389
1.01494
1.1819
1.01464
1.04741
1.02163
1.19063
1.00081
1.05737
1.00034
1.20517
1.0021
1.00568
1.03993
1.19567
1.05376
1.06136
1.04929
1.21676
1.04996
1.04674
1.06568
1.20969
1.00705
1.05975
1.02733
1.19572
1.0177
1.00917
1.03289
1.22144
1.0399
1.06081
1.0464
1.21025
1.01891
1.04609
1.00856
1.21451
1.0341
1.061
1.04329
1.21641
1.04539
1.01413
1.05145
1.22184
1.03672
1.06151
1.04573
1.23174
1.00886
1.04719
1.04004
1.22087
1.03277
1.0615
1.02499
1.21948
1.03382
1.01693
1.01595
1.23038
1.03678
1.05793
1.05749
1.21482
1.09492
1.04735
1.02956
1.2129
1.04675
1.0553
1.02783
1.2135
1.02829
1.01943
1.02467
1.19656
1.00301
1.05887
1.00823
1.20634
1.00641
1.04564
1.06938
1.19542
1.08458
1.06569
1.08995
1.19412
1.09885
1.02439
1.15066
1.19444
1.14708
1.05835
1.16692
1.19685
1.19779
1.04546
1.16469
1.19627
1.14811
1.05956
1.15003
1.20616
1.18985
1.02516
1.12614
1.22726
1.06935
1.05317
1.08511
1.22933
1.01779
1.04796
1.02769
1.22099
1.00113
1.05517
1.01235
1.19271
1.00262
1.02854
1.01198
1.21275
1.03184
1.05068
1.05995
1.2204
1.04364
1.04484
1.02318
1.21547
1.04037
1.05328
1.04986
1.21785
1.03865
1.03136
1.03453
1.22432
1.08454
1.05803
1.07554
1.22622
1.07452
1.04579
1.11349
1.21221
1.05796
1.05812
1.1311
1.22878
1.12812
1.035
1.16788
1.23927
1.18186
1.05719
1.17001
1.22801
1.17955
1.07096
1.17442
1.21985
1.16462
1.05964
1.13743
1.22728
1.14879
1.03893
1.23352
1.23338
1.27585
1.04885
1.27078
1.20771
1.25361
1.0686
1.26045
1.21504
1.29795
1.04935
1.30781
1.2141
1.32057
1.05004
1.31737
1.2216
1.34555
1.04739
1.33868
1.2251
1.34011
1.0671
1.32471
1.21697
1.31752
1.04795
1.24965
1.22467
1.27082
1.05068
1.27968
1.2275
1.25455
1.04417
1.2401
1.23188
1.25535
1.06769
1.20774
1.23057
1.24394
1.04177
1.23498
1.22647
1.24193
1.05277
1.25483
1.22454
1.25651
1.04376
1.2528
1.22415
1.28746
1.06815
1.31365
1.22514
1.37092
1.04457
1.35642
1.23526
1.40264
1.05535
1.39251
1.22686
1.40482
1.03978
1.32265
1.23101
1.375
1.06778
1.4033
1.24059
1.47774
1.0404
1.48389
1.24455
1.528
1.08698
1.50484
1.24389
1.55421
1.02467
1.56259
1.24519
1.46794
1.09654
1.50799
1.24327
1.57361
1.0269
1.56991
1.24325
1.50937
1.08642
1.58148
1.23901
1.54152
1.02512
1.52443
1.2527
1.5472
1.09419
1.54166
1.24444
1.56854
1.02568
1.53516
1.23626
1.54502
1.09029
1.55311
1.25067
1.57982
1.02517
1.60863
1.24109
1.53272
1.09426
1.5046
1.23801
1.58509
1.02242
1.60421
1.23744
1.5974
1.09165
1.59241
1.23398
1.57176
1.02932
1.55566
1.22797
1.53589
1.0929
1.50244
1.23871
1.47615
1.02388
1.44285
1.22705
1.46396
1.09062
1.32181
1.24994
1.40864
1.04027
1.32446
1.23646
1.41919
1.0923
1.32358
1.21888
1.37947
1.02603
1.37783
1.21876
1.34583
1.09263
1.34377
1.21955
1.3461
1.02581
1.35091
1.22078
1.38067
1.09291
1.35927
1.21052
1.42259
1.02474
1.39294
1.20709
1.43295
1.09209
1.4387
1.2089
1.47256
1.02518
1.50924
1.2074
1.52148
1.0923
1.49977
1.20495
1.50852
1.02558
1.45903
1.20411
1.43434
1.0947
1.40853
1.20501
1.40662
1.02623
1.39071
1.20463
1.41082
1.09167
1.3152
1.19782
1.35893
1.02709
1.32948
1.19669
1.29981
1.09549
1.28209
1.19821
1.27566
1.02758
1.2799
1.19721
1.29939
1.1019
1.26767
1.18991
1.30004
1.03053
1.32368
1.18938
1.34044
1.11655
1.30416
1.15043
1.35511
1.00308
1.36895
1.14746
1.42277
1.1028
1.47386
1.16972
1.50572
1.00357
1.44464
1.14062
1.48839
1.11848
1.48978
1.1357
1.50316
1.00262
1.51583
1.1335
1.5388
1.10343
1.52345
1.12716
1.56553
1.00564
1.56078
1.1332
1.56554
1.11841
1.57451
1.13387
1.57251
1.00258
1.5795
1.13454
1.61352
1.10248
1.53416
1.12901
1.52834
1.00476
1.53757
1.13494
1.52986
1.11669
1.50291
1.13145
1.51077
1.00512
1.47369
1.12761
1.49162
1.10145
1.45122
1.12853
1.4486
1.00885
1.45352
1.13401
1.45574
1.11574
1.4038
1.13829
1.3883
1.00875
1.31965
1.13524
1.31361
1.10028
1.25159
1.13352
1.25569
1.00827
1.23596
1.14526
1.27798
1.11431
1.31212
1.14556
1.27932
1.01048
1.29094
1.14403
1.30121
1.10068
1.26741
1.14443
1.27752
1.00953
1.25922
1.14606
1.27994
1.1145
1.26602
1.1443
1.27501
1.00893
1.26016
1.14557
1.27476
1.09856
1.26097
1.1404
1.29057
1.00671
1.29823
1.14474
1.33409
1.11452
1.32166
1.14386
1.35175
1.00942
1.36251
1.13992
1.41791
1.09983
1.40558
1.13652
1.45639
1.00624
1.47022
1.14114
1.5109
1.11687
1.54106
1.14269
1.57136
1.0041
1.55267
1.1406
1.58921
1.11526
1.5983
1.13763
1.6364
1.03946
1.34399
1.05909
1.36589
1.14246
1.37346
1.0613
1.38618
1.04243
1.38862
1.06131
1.40664
1.1152
1.64745
1.12857
1.67032
1.03974
1.42318
1.05729
1.44978
1.14156
1.44847
1.06441
1.47109
1.0417
1.47203
1.05696
1.46968
1.11602
1.46693
1.05915
1.49722
1.04095
1.50271
1.05952
1.53272
1.1402
1.52557
1.05653
1.55223
1.05131
1.54369
1.05024
1.57846
1.12772
1.55699
1.05303
1.59423
1.05135
1.58707
1.05189
1.61117
1.17716
1.58492
1.04547
1.61631
1.0702
1.59929
1.04691
1.61843
1.14484
1.59693
1.0459
1.63344
1.06863
1.61396
1.05371
1.5944
1.15095
1.60652
1.06093
1.59906
1.05167
1.61422
1.0649
1.57858
1.12673
1.60753
1.05518
1.63003
1.06881
1.61982
1.05673
1.60772
1.15599
1.62215
1.06123
1.60971
1.05194
1.61945
1.06118
1.60483
1.12624
1.60446
1.05245
1.61129
1.06123
1.59133
1.05862
1.56624
1.15632
1.5684
1.06214
1.55367
1.05212
1.56289
1.06221
1.53411
1.12729
1.52386
1.05966
1.54129
1.06098
1.51423
1.06448
1.49382
1.15552
1.51039
1.0713
1.49051
1.05101
1.50659
1.06997
1.48939
1.12498
1.47756
1.06278
1.50537
1.05987
1.48631
1.06541
1.49248
1.15503
1.51397
1.06492
1.48458
1.05979
1.49052
1.05165
1.48614
1.1345
1.479
1.05714
1.49428
1.06063
1.50602
1.04895
1.51653
1.16566
1.51108
1.05266
1.50924
1.0666
1.51126
1.04427
1.52814
1.14395
1.52511
1.05474
1.52935
1.0676
1.57048
1.03934
1.56584
1.17673
1.57522
1.03696
1.58352
1.06945
1.58105
1.03662
1.58223
1.14472
1.56591
1.0432
1.56835
1.06435
1.58007
1.03401
1.58519
1.17301
1.59561
1.03523
1.59239
1.07267
1.58278
1.03312
1.5624
1.14129
1.5407
1.04018
1.53532
1.06436
1.53585
1.03408
1.5257
1.1641
1.51663
1.03002
1.51615
1.06498
1.49002
1.03125
1.49056
1.1258
1.48737
1.03393
1.50077
1.05523
1.48335
1.03504
1.48049
1.15144
1.47949
1.03573
1.47467
1.05486
1.46172
1.03422
1.4622
1.12479
1.44886
1.0387
1.43715
1.05543
1.41975
1.03727
1.41608
1.14892
1.41176
1.03376
1.40948
1.05389
1.40688
1.03271
1.40856
1.12429
1.4007
1.0363
1.4075
1.05315
1.39442
1.03573
1.39345
1.14794
1.37436
1.03609
1.38234
1.05193
1.38204
1.03605
1.37554
1.11721
1.36457
1.03622
1.37937
1.04706
1.37648
1.03586
1.37649
1.14021
1.37599
1.03451
1.37655
1.04991
1.38477
1.0335
1.37687
1.11093
1.37819
1.03997
1.38502
1.04869
1.38019
1.03623
1.36928
1.13966
1.36131
1.03539
1.35713
1.05034
1.35778
1.03483
1.36615
1.11834
1.35281
1.03727
1.37012
1.05095
1.36527
1.03424
1.36866
1.13894
1.36412
1.03417
1.36839
1.0573
1.36395
1.03217
1.37192
1.1184
1.35973
1.03383
1.36034
1.05727
1.36211
1.02742
1.3656
1.14721
1.36718
1.02745
1.36081
1.05756
1.33808
1.02583
1.35728
1.12517
1.34652
1.03088
1.35409
1.05726
1.34673
1.03002
1.34944
1.14714
1.33557
1.02761
1.33791
1.05869
1.32356
1.02698
1.32454
1.12485
1.32226
1.02737
1.34567
1.0585
1.34762
1.022
1.34722
1.15856
1.35588
1.02021
1.37243
1.06742
1.38071
1.02122
1.4007
1.13357
1.39293
1.02438
1.42179
1.0739
1.42234
1.01994
1.42723
1.17639
1.43502
1.01806
1.43704
1.0801
1.44271
1.01847
1.45322
1.14907
1.44931
1.02427
1.47541
1.09136
1.48762
1.01855
1.4973
1.19273
1.49469
1.01717
1.49701
1.09186
1.50327
1.0129
1.51686
1.19056
1.50956
1.01823
1.52796
1.10377
1.52775
1.01326
1.53178
1.20601
1.54163
1.01472
1.54951
1.10313
1.557
1.01607
1.55982
1.20297
1.54221
1.02288
1.55832
1.11118
1.56153
1.0166
1.54116
1.2159
1.53005
1.01618
1.51846
1.10166
1.51155
1.02495
1.50787
1.20281
1.48413
1.02977
1.4782
1.10385
1.48604
1.02709
1.47197
1.20527
1.46531
1.03003
1.46697
1.10269
1.46344
1.03006
1.4678
1.18818
1.44828
1.03487
1.45443
1.10523
1.4535
1.02984
1.45941
1.20515
1.45506
1.0341
1.46428
1.10465
1.46295
1.03616
1.46623
1.18788
1.45249
1.04285
1.47197
1.11047
1.47581
1.02912
1.48201
1.21748
1.49078
1.03374
1.48838
1.11562
1.48888
1.0312
1.47039
1.20913
1.44827
1.0437
1.46425
1.11402
1.472
1.0341
1.46405
1.21637
1.46569
1.03399
1.47045
1.1167
1.47455
1.03705
1.48005
1.20689
1.45791
1.03871
1.4708
1.11376
1.47334
1.0371
1.47097
1.21419
1.46716
1.03893
1.45925
1.11474
1.44155
1.03777
1.44696
1.20687
1.42067
1.03958
1.42492
1.1135
1.41737
1.03751
1.41865
1.21153
1.41499
1.03968
1.41274
1.11115
1.4093
1.03961
1.41143
1.20469
1.39748
1.04459
1.40376
1.11005
1.40365
1.04167
1.40309
1.21037
1.40151
1.04147
1.40244
1.1088
1.40205
1.04306
1.39972
1.20406
1.38293
1.04369
1.40127
1.10856
1.39417
1.04154
1.38235
1.20798
1.37966
1.04174
1.37578
1.10825
1.37379
1.04162
1.37607
1.20362
1.35646
1.05084
1.37149
1.10872
1.36739
1.04109
1.36852
1.20565
1.36862
1.04028
1.36914
1.10568
1.38736
1.03853
1.38763
1.20332
1.36892
1.05109
1.38163
1.10507
1.37429
1.04124
1.36756
1.20227
1.356
1.04206
1.34726
1.1048
1.33276
1.04275
1.32671
1.19645
1.31001
1.05579
1.31647
1.0944
1.3235
1.05288
1.31875
1.19135
1.31567
1.05305
1.32308
1.09499
1.31729
1.05324
1.31977
1.18362
1.31511
1.05272
1.32136
1.09424
1.31035
1.05342
1.3037
1.19069
1.29424
1.05414
1.29404
1.09415
1.29318
1.054
1.29037
1.18415
1.28481
1.0563
1.30294
1.09273
1.31201
1.04853
1.31725
1.19657
1.32372
1.04584
1.33359
1.10108
1.34025
1.04547
1.34084
1.20146
1.32708
1.05437
1.33881
1.1034
1.3352
1.04612
1.33294
1.19873
1.33815
1.0467
1.34512
1.10307
1.34959
1.04642
1.35137
1.20127
1.3431
1.0498
1.36238
1.10194
1.37201
1.04804
1.3818
1.1989
1.38261
1.04601
1.381
1.1006
1.39681
1.04578
1.40505
1.20242
1.39799
1.04648
1.40654
1.10445
1.41239
1.04487
1.41725
1.19899
1.4279
1.04199
1.43022
1.10235
1.43489
1.04011
1.43981
1.20279
1.43755
1.04308
1.45065
1.1045
1.45261
1.03864
1.4587
1.19907
1.46539
1.03724
1.47504
1.10514
1.48745
1.03532
1.49608
1.2034
1.49136
1.03748
1.51158
1.10405
1.52462
1.03538
1.53127
1.19891
1.53637
1.03439
1.53874
1.10645
1.55421
1.03117
1.5605
1.2036
1.54823
1.0334
1.56905
1.15076
1.48192
1.0344
1.57399
1.23205
1.49099
1.03087
1.57529
1.15245
1.16895
1.49338
1.09423
1.05137
1.0457
1.48733
1.37204
1.22974
1.52795
1.54455
1.67526
1.03384
1.71178
1.48321
1.76713
1.1757
1.71224
1.48048
1.70896
1.03621
1.58669
1.4891
1.58014
1.25626
1.37757
1.48208
1.36939
1.03417
1.26126
1.49197
1.26379
1.17406
1.21623
1.4921
1.24111
1.0317
1.12056
1.50287
1.07871
1.25254
1.04785
1.55717
1.11325
1.03054
1.1646
1.57725
1.15007
1.12363
1.51979
1.04365
1.51261
1.22962
1.51702
1.04362
1.51283
1.14993
1.52284
1.04023
1.51809
1.22779
1.5648
1.03721
1.58436
1.14677
1.50618
1.03518
1.49298
1.2279
1.48772
1.03307
1.46861
1.14708
1.46583
1.03227
1.44914
1.22601
1.50313
1.04328
1.51869
1.14654
1.42833
1.05099
1.49908
1.22562
1.41219
1.05183
1.48384
1.09796
1.47201
1.05087
1.45788
1.20367
1.44218
1.05532
1.45907
1.09749
1.45248
1.05867
1.44532
1.1903
1.4343
1.06074
1.42377
1.09616
1.42013
1.06381
1.42048
1.20212
1.39814
1.06512
1.414
1.09553
1.40697
1.06589
1.39993
1.19019
1.40804
1.06908
1.41022
1.0946
1.41464
1.07171
1.41919
1.20155
1.41308
1.07442
1.43829
1.09303
1.43969
1.07741
1.44759
1.18805
1.45791
1.07845
1.46932
1.13819
1.4041
1.0814
1.46226
1.22741
1.45949
1.08062
1.48555
1.13913
1.42503
1.01059
1.42324
1.22027
1.42893
1.01012
1.42611
1.13988
1.43862
1.00863
1.44483
1.22817
