0.02 0 0 1.78454e+09 0 0 0 0 0 1.78454e+09 0 0 0 0 0 0 0 0 0 0 0 0 0 1.04081e+06 0 0 0 0
0.0700215 0 0 6.10927e+09 0 0 0 0 0 6.10927e+09 0 0 0 0 0 0 0 0 0 0 0 0 0 1.04081e+06 0 0 0 0
0.120457 0 0 1.05979e+10 0 0 0 0 0 1.05979e+10 0 0 0 0 0 0 0 0 0 0 0 0 0 1.04081e+06 0 0 0 0
0.170535 0 0 1.54696e+10 0 0 0 0 0 1.54696e+10 0 0 0 0 0 0 0 0 0 0 0 0 0 1.04081e+06 0 0 0 0
0.220281 0 0 2.12035e+10 0 0 0 0 0 2.12035e+10 0 0 0 0 0 0 0 0 0 0 0 0 0 1.04081e+06 0 0 0 0
0.270235 0 0 2.7861e+10 0 0 0 0 0 2.7861e+10 0 0 0 0 0 0 0 0 0 0 0 0 0 1.04081e+06 0 0 0 0
0.320312 0 0 3.49503e+10 0 0 0 0 0 3.49503e+10 0 0 0 0 0 0 0 0 0 0 0 0 0 1.04081e+06 0 0 0 0
0.370357 0 0 4.23174e+10 0 0 0 0 0 4.23174e+10 0 0 0 0 0 0 0 0 0 0 0 0 0 1.04081e+06 0 0 0 0
0.42012 0 0 4.96848e+10 0 0 0 0 0 4.96848e+10 0 0 0 0 0 0 0 0 0 0 0 0 0 1.04081e+06 0 0 0 0
0.470238 0 0 5.8405e+10 0 0 0 0 0 5.8405e+10 0 0 0 0 0 0 0 0 0 0 0 0 0 1.04081e+06 0 0 0 0
0.520338 0 0 6.51446e+10 0 0 0 0 0 6.51446e+10 0 0 0 0 0 0 0 0 0 0 0 0 0 1.04081e+06 0 0 0 0
0.570302 0 0 6.85394e+10 0 0 0 0 0 6.85394e+10 0 0 0 0 0 0 0 0 0 0 0 0 0 1.04081e+06 0 0 0 0
0.620306 0 0 7.39128e+10 0 0 0 0 0 7.39128e+10 0 0 0 0 0 0 0 0 0 0 0 0 0 1.04081e+06 0 0 0 0
0.670199 0 0 8.02798e+10 0 0 0 0 0 8.02798e+10 0 0 0 0 0 0 0 0 0 0 0 0 0 1.04081e+06 0 0 0 0
0.720656 0 0 8.36275e+10 0 0 0 0 0 8.36275e+10 0 0 0 0 0 0 0 0 0 0 0 0 0 1.04081e+06 0 0 0 0
0.770483 0 0 8.49206e+10 0 0 0 0 0 8.49206e+10 0 0 0 0 0 0 0 0 0 0 0 0 0 1.04081e+06 0 0 0 0
0.820614 0 0 8.72787e+10 0 0 0 0 0 8.72787e+10 0 0 0 0 0 0 0 0 0 0 0 0 0 1.04081e+06 0 0 0 0
0.870674 0 0 9.29447e+10 0 0 0 0 0 9.29447e+10 0 0 0 0 0 0 0 0 0 0 0 0 0 1.04081e+06 0 0 0 0
0.920266 0 0 9.83276e+10 0 0 0 0 0 9.83276e+10 0 0 0 0 0 0 0 0 0 0 0 0 0 1.04081e+06 0 0 0 0
0.970826 0 0 1.02259e+11 0 0 0 0 0 1.02259e+11 0 0 0 0 0 0 0 0 0 0 0 0 0 1.04081e+06 0 0 0 0
