2.78
130.34
219.64
308.45
396.81
484.77
572.25
659.30
745.87
832.03
917.65
1002.86
1087.63
1171.94
1255.84
1339.33
1422.38
1504.98
1587.24
1669.08
1750.50
1831.59
1912.14
1992.53
2072.32
2151.70
2230.68
2309.27
2387.49
2465.28
2542.79
2619.98
2696.76
2773.15
2849.21
2924.83
3000.18
3075.10
3149.71
3223.87
3297.65
3371.17
3444.22
3516.87
3589.34
3661.58
3733.44
3804.94
3876.00
3946.59
4016.83
4086.71
4156.39
4225.61
4294.46
4362.94
4431.15
4498.98
4566.47
4633.61
4700.45
4766.94
4833.26
4899.18
4964.79
5030.24
5095.26
5160.11
5224.78
5289.04
5353.05
5416.76
5479.94
5543.05
5605.67
5668.22
5730.57
5732.89
5794.78
5797.17
5858.77
5861.09
5922.49
5924.81
5924.98
5986.05
5988.32
5988.51
5988.68
6049.54
6051.88
6052.05
6052.22
6112.71
6115.02
6115.19
6115.35
6175.94
6178.27
6178.44
6178.60
6238.53
6240.83
6241.00
6241.16
6300.80
6303.09
6303.26
6303.43
6362.90
6365.21
6365.39
6365.56
6424.78
6427.10
6427.28
6427.44
6427.62
6486.69
6489.00
6489.20
6489.37
6489.55
6489.72
6489.89
6490.05
6548.80
6551.10
6551.27
6551.46
6551.63
6609.79
6612.10
6612.30
6612.47
6670.46
6672.82
6673.04
6673.21
6730.94
6733.32
6733.57
6733.76
6791.23
6793.58
6793.87
6794.06
6851.24
6853.60
6853.91
6854.09
6911.42
6913.88
6914.23
6914.41
6971.10
6973.47
6973.81
6974.02
7030.56
7032.93
7033.10
7033.27
7033.67
7033.85
7034.06
7034.28
7090.41
7092.78
7092.95
7093.37
7093.55
7149.78
7152.13
7152.33
7152.53
7153.05
7153.22
7153.41
7153.58
7209.42
7211.70
7211.87
7212.05
7212.63
7212.84
7213.05
7213.26
7268.82
7271.13
7271.33
7271.52
7272.18
7272.36
7272.55
7272.76
7327.98
7330.34
7330.53
7330.70
7331.47
7331.63
7331.81
7331.98
7386.62
7388.82
7388.99
7389.15
7390.02
7390.18
7390.34
7390.50
7443.34
7445.51
7445.68
7445.83
7446.79
7446.95
7447.11
7447.27
7499.80
7501.98
7502.14
7502.30
7503.39
7503.54
7503.71
7503.87
7556.03
7558.22
7558.41
7558.60
7559.88
7560.03
7560.21
7560.36
7612.25
7614.46
7614.63
7614.79
7616.22
7616.41
7616.59
7616.74
7668.44
7670.60
7670.78
7670.93
7672.55
7672.70
7672.88
7673.03
7724.44
7726.64
7726.83
7727.02
7728.85
7729.01
7729.19
7729.35
7780.45
7782.70
7782.89
7783.05
7785.06
7785.21
7785.40
7785.56
7836.52
7838.70
7838.89
7839.05
7841.29
7841.44
7841.64
7841.79
7892.42
7894.64
7894.83
7894.99
7897.47
7897.63
7897.83
7898.03
7948.27
7950.48
7950.68
7950.83
7953.58
7953.75
7953.96
7954.12
8004.15
8006.33
8006.55
8006.70
8009.71
8009.87
8010.09
8010.24
8060.07
8062.27
8062.49
8062.67
8066.00
8066.16
8066.38
8066.54
8117.05
8119.33
8119.57
8119.74
8123.47
8123.63
8123.87
8124.03
8174.38
8176.62
8176.87
8177.03
8181.03
8183.39
8183.65
8183.82
8233.58
8235.85
8236.11
8236.60
8242.98
8243.15
8243.44
8243.61
8293.05
8295.33
8295.61
8295.77
8302.56
8302.72
8303.01
8303.18
8352.31
8354.68
8354.96
8355.13
8362.36
8362.52
8362.81
8362.97
8411.72
8413.97
8414.26
8414.43
8421.97
8422.15
8422.46
8422.62
8471.27
8473.56
8473.87
8474.04
8481.92
8482.08
8482.40
8482.56
8530.78
8533.05
8533.38
8533.55
8541.90
8542.07
8542.43
8542.60
8590.57
8592.85
8593.20
8593.37
8602.07
8602.24
8602.60
8602.76
8650.28
8652.52
8652.88
8653.04
8662.02
8662.19
8662.57
8662.75
8710.42
8712.68
8713.07
8713.25
8722.68
8722.85
8723.25
8723.42
8770.33
8772.57
8772.98
8773.15
8783.00
8783.17
8783.61
8783.80
8830.83
8833.10
8833.54
8833.71
8843.96
8844.14
8844.62
8844.80
8891.97
8894.28
8894.76
8894.94
8905.93
8906.10
8906.59
8906.77
8952.85
8955.12
8955.63
8955.83
8967.04
8967.22
8967.73
8967.91
9013.85
9016.14
9016.69
9016.88
9028.60
9028.78
9029.33
9029.51
9074.92
9077.27
9077.84
9078.03
9090.31
9090.49
9091.09
9091.27
9136.47
9138.76
9139.37
9139.55
9152.29
9152.47
9153.11
9153.29
9198.35
9200.63
9201.29
9201.48
9214.79
9214.98
9215.66
9215.86
9260.80
9263.09
9263.78
9263.97
9277.56
9277.72
9277.92
9278.72
9278.92
9323.40
9325.63
9325.81
9325.97
9326.72
9326.90
9327.10
9327.29
9341.47
9341.64
9341.85
9342.02
9342.83
9343.00
9343.20
9343.38
9387.50
9389.74
9389.93
9390.09
9390.90
9391.06
9391.27
9391.44
9406.20
9406.37
9406.58
9407.42
9407.64
9451.41
9453.72
9454.57
9454.77
9454.94
9470.12
9470.29
9470.50
9470.66
9471.57
9471.74
9471.96
9472.13
9515.72
9518.02
9518.24
9518.40
9519.32
9519.49
9519.71
9519.87
9535.64
9535.81
9536.03
9536.19
9537.15
9537.31
9537.53
9537.70
9580.82
9583.09
9583.32
9584.33
9584.50
9584.74
9584.91
9601.34
9601.50
9601.73
9601.90
9602.90
9603.06
9603.29
9603.45
9646.53
9649.10
9649.33
9649.49
9650.55
9650.72
9650.95
9651.12
9667.91
9668.14
9668.30
9669.39
9669.55
9669.80
9669.96
9712.58
9714.84
9715.07
9715.26
9716.39
9716.55
9716.81
9716.97
9734.16
9734.33
9734.57
9734.74
9735.87
9736.04
9736.30
9736.47
9779.17
9781.50
9781.77
9781.94
9783.16
9783.34
9783.60
9783.79
9801.48
9801.65
9801.90
9802.07
9803.34
9803.53
9803.81
9845.75
9848.16
9848.32
9849.55
9849.72
9849.98
9850.15
9868.22
9868.39
9868.66
9868.83
9870.17
9870.34
9870.63
9870.80
9912.39
9914.64
9914.91
9915.08
9916.41
9916.60
9916.89
9917.06
9935.53
9935.70
9935.99
9936.15
9937.57
9937.74
9938.04
9938.22
9979.65
9981.97
9982.26
9982.43
9983.81
9983.98
9984.27
9984.44
10003.24
10003.41
10003.70
10003.87
10005.31
10005.48
10005.80
10005.98
10046.68
10049.04
10049.36
10049.54
10051.12
10051.30
10051.62
10051.81
10071.43
10071.60
10071.91
10072.08
10073.60
10073.77
10074.09
10074.26
10115.20
10117.47
10117.79
10117.96
10119.52
10119.69
10120.02
10120.19
10139.99
10140.15
10140.50
10140.67
10142.29
10142.48
10142.82
10142.99
10183.17
10185.43
10185.77
10185.94
10187.64
10187.81
10188.16
10188.33
10208.63
10208.80
10209.15
10209.32
10211.03
10211.20
10211.56
10211.73
10251.74
10254.11
10254.47
10254.66
10256.45
10256.61
10256.98
10257.15
10277.87
10278.04
10278.41
10278.59
10280.45
10280.62
10281.01
10281.18
10321.03
10323.32
10323.71
10323.89
10325.80
10325.97
10326.36
10326.53
10347.34
10347.53
10347.91
10349.04
10350.95
10351.12
10351.53
10351.70
10390.85
10393.18
10393.59
10393.77
10395.82
10395.99
10396.42
10396.59
10417.95
10418.12
10418.53
10418.69
10420.80
10420.97
10421.41
10421.59
10460.47
10462.70
10463.12
10463.29
10465.35
10465.51
10465.95
10466.12
10487.78
10487.95
10488.38
10488.55
10490.69
10490.86
10493.50
10493.66
10532.25
10534.52
10534.97
10535.14
10537.32
10537.49
10540.12
10540.28
10562.48
10562.64
10563.11
10563.27
10565.53
10565.69
10568.33
10568.51
10606.90
10609.17
10609.65
10609.82
10612.16
10612.33
10614.99
10615.16
10637.52
10637.69
10638.19
10638.37
10640.74
10640.91
10643.62
10643.79
10682.05
10684.35
10684.88
10685.04
10689.63
10689.80
10690.34
10690.51
10713.45
10713.62
10714.15
10714.32
10719.00
10719.17
10719.71
10719.88
10757.59
10759.88
10760.47
10760.65
10765.42
10765.59
10766.14
10766.32
10789.43
10789.60
10790.17
10790.35
10795.08
10795.26
10795.85
10796.36
10833.86
10836.15
10836.73
10836.90
10841.72
10841.90
10842.52
10842.72
10866.22
10866.41
10867.02
10867.20
10872.06
10872.24
10872.85
10873.04
10910.38
10912.70
10913.33
10913.52
10918.48
10918.67
10919.31
10919.50
10943.17
10943.37
10944.02
10944.22
10949.28
10949.48
10950.14
10950.34
10987.68
10989.97
10990.62
10990.82
10995.86
10996.05
10996.74
10996.95
11020.46
11020.65
11021.33
11021.53
11026.66
11026.85
11027.54
11027.75
11064.86
11067.18
11067.89
11068.09
11073.34
11073.53
11074.24
11074.44
11098.58
11098.78
11099.54
11099.74
11105.13
11105.33
11106.08
11106.28
11142.80
11145.07
11145.80
11146.00
11151.29
11151.49
11152.25
11152.45
11176.40
11176.60
11177.37
11177.57
11183.13
11183.34
11184.13
11184.35
11220.87
11223.28
11224.07
11224.28
11229.79
11230.00
11230.84
11231.07
11255.75
11255.96
11256.82
11257.04
11262.81
11263.04
11263.93
11264.15
11300.37
11302.70
11303.56
11303.79
11309.66
11309.88
11310.76
11310.99
11335.81
11336.05
11336.95
11337.19
11342.97
11343.20
11344.10
11344.34
11379.81
11382.14
11383.05
11383.29
11389.17
11389.40
11390.35
11390.60
11415.43
11415.69
11416.64
11416.88
11422.82
11423.05
11424.00
11424.24
11460.14
11462.49
11463.44
11463.69
11469.83
11470.08
11471.07
11471.32
11496.10
11496.34
11497.35
11497.59
11503.64
11503.87
11504.90
11505.18
11540.51
11542.94
11543.98
11544.24
11550.48
11550.73
11551.82
11552.08
11577.53
11577.78
11578.84
11579.10
11585.34
11585.60
11586.74
11587.02
11622.36
11624.77
11625.85
11626.11
11632.40
11632.65
11633.75
11634.02
11659.31
11659.56
11660.68
11660.94
11667.47
11667.73
11668.86
11669.13
11703.88
11706.27
11707.41
11707.67
11714.15
11714.41
11715.61
11715.88
11741.41
11741.66
11742.85
11743.11
11749.81
11750.08
11751.34
11751.61
11786.29
11788.64
11789.84
11790.10
11796.69
11796.94
11798.20
11798.47
11823.61
11823.88
11825.17
11825.44
11832.15
11832.40
11833.65
11833.92
11868.16
11870.51
11871.78
11872.04
11878.85
11879.12
11880.79
11881.06
11906.68
11906.94
11908.31
11908.58
11915.42
11915.68
11917.00
11917.28
11951.27
11953.63
11954.97
11955.25
11962.33
11962.59
11964.04
11964.33
11990.09
11990.37
11991.79
11992.08
11999.21
11999.50
12000.94
12001.24
12034.91
12037.29
12038.69
12038.98
12046.13
12046.42
12047.89
12048.20
12073.77
12074.05
12075.50
12075.81
12083.06
12083.35
12084.84
12085.15
12118.99
12121.42
12123.02
12123.34
12130.77
12131.07
12132.62
12132.94
12159.08
12159.38
12160.94
12161.27
12168.88
12169.20
12170.88
12171.22
12205.28
12207.80
12209.40
12209.73
12217.59
12217.91
12219.55
12219.89
12246.19
12246.52
12248.24
12248.58
12256.28
12256.59
12258.23
12258.58
12292.29
12294.77
12296.50
12296.83
12304.71
12305.04
12306.81
12307.16
12333.39
12333.71
12335.44
12335.79
12343.94
12344.27
12346.04
12346.38
12379.61
12382.08
12383.87
12384.21
12392.35
12392.68
12394.50
12394.86
12421.62
12421.97
12423.91
12424.26
12432.34
12432.66
12434.51
12434.85
12467.81
12470.27
12472.11
12472.45
12480.69
12481.02
12482.96
12483.32
12509.86
12510.20
12512.12
12512.47
12520.98
12521.34
12523.32
12523.69
12556.72
12559.33
12561.38
12561.76
12570.30
12570.66
12572.67
12573.04
12600.27
12600.63
12602.77
12603.16
12611.69
12612.05
12614.09
12614.47
12648.16
12650.66
12652.71
12653.08
12661.69
12662.07
12664.20
12664.61
12691.60
12691.99
12694.19
12694.60
12703.25
12703.64
12705.83
12706.25
12739.10
12741.62
12743.74
12744.16
12753.00
12753.42
12755.72
12756.17
12783.38
12783.55
12783.97
12784.14
12786.42
12786.59
12787.03
12787.20
12796.12
12796.29
12796.70
12796.87
12799.22
12799.39
12799.86
12800.03
12833.59
12836.16
12836.32
12838.64
12838.81
12839.26
12848.24
12848.66
12851.00
12851.19
12852.02
12852.19
12879.76
12879.93
12880.38
12882.73
12882.92
12883.43
12883.61
12892.78
12892.95
12893.40
12893.57
12896.09
12896.28
12896.78
12896.97
12929.94
12932.28
12932.72
12932.90
12935.33
12935.51
12936.01
12936.20
12945.47
12945.65
12946.11
12946.31
12948.87
12949.06
12949.60
12949.80
12976.78
12976.98
12977.47
12977.66
12980.18
12980.38
12980.91
12981.11
12990.34
12990.53
12991.02
12991.20
12993.67
12993.85
12994.39
12994.57
13027.34
13029.64
13030.12
13030.30
13032.75
13032.93
13033.46
13033.64
13042.88
13043.05
13043.55
13043.73
13046.27
13046.44
13047.01
13047.18
13074.14
13074.31
13074.83
13075.00
13077.56
13077.73
13078.32
13078.49
13087.78
13087.95
13088.48
13088.65
13091.21
13091.38
13091.98
13092.15
13124.51
13126.79
13127.30
13127.47
13130.04
13130.21
13130.82
13131.00
13140.31
13140.48
13141.05
13141.22
13143.87
13144.07
13146.86
13147.02
13173.70
13173.87
13174.45
13174.62
13177.35
13177.52
13180.40
13180.57
13190.26
13190.44
13191.03
13191.20
13193.98
13194.15
13197.02
13197.20
13229.56
13231.91
13232.49
13232.66
13235.45
13235.62
13238.46
13238.63
13248.41
13248.58
13249.19
13249.36
13252.20
13252.37
13255.26
13255.43
13282.49
13282.66
13283.27
13283.44
13286.28
13286.45
13289.35
13289.52
13299.31
13299.48
13300.09
13300.26
13303.18
13303.35
13306.26
13306.43
13338.62
13340.96
13341.58
13341.75
13344.62
13344.79
13347.63
13347.79
13357.66
13357.83
13358.46
13358.63
13363.69
13363.86
13364.49
13391.58
13392.22
13397.31
13397.96
13398.14
13408.17
13408.34
13408.98
13414.10
13414.74
13414.91
13446.92
13449.28
13449.92
13450.09
13455.23
13455.40
13456.06
13456.23
13466.41
13466.57
13467.23
13467.40
13472.58
13472.75
13473.42
13473.59
13500.76
13500.93
13501.60
13501.77
13507.00
13507.17
13507.83
13508.00
13518.12
13518.29
13518.95
13519.12
13524.34
13524.52
13525.19
13525.37
13557.28
13559.66
13560.31
13560.49
13565.80
13565.98
13566.66
13566.83
13577.26
13577.44
13578.10
13578.28
13583.54
13583.71
13584.37
13584.55
13611.51
13611.68
13612.36
13612.53
13617.90
13618.07
13618.74
13618.92
13629.38
13629.55
13630.22
13630.40
13635.82
13636.00
13636.68
13636.85
13668.71
13671.04
13671.70
13671.87
13677.22
13677.38
13678.05
13678.22
13688.72
13688.89
13689.57
13689.74
13695.20
13695.37
13696.06
13696.23
13723.41
13723.58
13724.27
13724.45
13729.94
13730.11
13730.79
13730.96
13741.53
13741.70
13742.41
13742.58
13748.08
13748.25
13748.95
13749.12
13780.64
13782.99
13783.68
13783.85
13789.38
13789.55
13790.27
13790.44
13801.18
13801.35
13802.07
13802.24
13807.82
13807.99
13808.71
13808.89
13836.02
13836.19
13836.92
13837.09
13842.70
13842.87
13843.60
13843.78
13854.63
13854.80
13855.54
13855.72
13861.37
13861.54
13862.63
13862.80
13894.38
13896.74
13897.48
13897.65
13903.31
13903.48
13904.25
13904.43
13915.45
13915.62
13916.38
13916.55
13922.25
13922.42
13923.20
13923.37
13950.44
13950.61
13951.39
13951.56
13957.32
13957.49
13958.27
13958.45
13969.47
13969.64
13970.43
13970.60
13976.37
13976.54
13977.33
13977.50
14008.61
14010.99
14011.78
14011.96
14017.73
14017.90
14018.72
14018.90
14030.03
14030.20
14031.02
14031.19
14037.02
14037.19
14038.02
14038.19
14064.81
14064.98
14065.81
14065.98
14071.81
14071.98
14072.82
14072.99
14084.13
14084.30
14085.15
14085.32
14091.13
14091.30
14092.16
14092.33
14123.54
14125.89
14126.73
14126.90
14132.73
14132.90
14133.77
14133.94
14145.26
14145.44
14146.33
14146.51
14152.46
14152.64
14153.54
14153.71
14180.84
14181.02
14181.92
14182.10
14188.03
14188.20
14189.12
14189.31
14201.45
14201.62
14202.53
14202.71
14208.63
14208.81
14209.73
14209.91
14241.03
14243.37
14244.30
14244.48
14250.54
14250.72
14251.67
14251.85
14263.44
14263.62
14264.59
14264.78
14270.91
14271.09
14272.08
14272.26
14299.79
14299.97
14300.97
14301.14
14307.28
14307.46
14308.47
14308.65
14320.39
14320.56
14321.58
14321.76
14327.98
14328.15
14329.18
14329.36
14360.90
14363.31
14364.31
14364.49
14370.67
14370.84
14371.90
14372.08
14383.94
14384.12
14385.18
14385.37
14391.63
14391.81
14392.89
14393.08
14420.60
14420.78
14421.87
14422.05
14428.31
14428.49
14429.59
14429.78
14441.73
14441.92
14443.03
14443.22
14449.54
14449.73
14450.83
14451.02
14482.21
14484.62
14486.67
14486.85
14493.05
14493.23
14494.35
14494.54
14506.50
14506.68
14507.82
14508.01
14514.38
14514.56
14515.70
14515.89
14543.27
14543.45
14544.61
14544.80
14551.18
14551.36
14552.53
14552.71
14564.82
14565.00
14566.18
14566.36
14572.76
14572.94
14574.12
14574.31
14605.50
14607.90
14609.05
14609.23
14615.62
14615.80
14617.02
14617.21
14629.49
14629.67
14630.89
14631.07
14637.58
14637.76
14638.99
14639.17
14666.55
14666.73
14667.94
14668.13
14674.65
14674.83
14676.06
14676.24
14688.55
14688.73
14689.98
14690.16
14696.71
14696.89
14698.13
14698.32
14729.07
14731.47
14732.67
14732.87
14739.43
14739.63
14740.89
14741.10
14753.60
14753.80
14755.08
14755.29
14761.95
14762.16
14763.43
14763.65
14791.19
14791.40
14792.67
14792.88
14799.59
14799.79
14801.09
14801.30
14813.90
14814.10
14815.40
14815.61
14822.36
14822.56
14823.86
14824.08
14855.33
14857.78
14859.05
14859.26
14866.02
14866.22
14867.54
14867.76
14880.69
14880.89
14882.21
14882.43
14889.27
14889.48
14890.82
14891.04
14918.72
14918.93
14920.26
14920.49
14927.32
14927.53
14928.86
14929.08
14941.86
14942.07
14943.42
14943.64
14950.53
14950.74
14952.08
14952.30
14983.19
14985.61
14986.91
14987.12
14994.06
14994.26
14995.63
14995.84
15008.78
15008.99
15010.35
15010.57
15017.52
15017.73
15019.09
15019.31
15046.73
15046.93
15048.29
15048.50
15055.43
15055.63
15057.01
15057.22
15070.25
15070.45
15071.84
15072.05
15079.08
15079.28
15080.67
15080.87
15112.07
15114.46
15115.79
15115.98
15122.99
15123.18
15124.58
15124.77
15137.93
15138.12
15139.53
15139.72
15146.83
15147.02
15148.45
15148.64
15176.28
15176.47
15177.90
15178.10
15185.24
15185.43
15186.87
15187.07
15200.30
15200.49
15201.93
15202.13
15209.28
15209.47
15210.91
15211.11
15242.01
15244.47
15245.87
15246.06
15253.23
15253.42
15254.90
15255.10
15268.44
15268.64
15270.11
15270.30
15277.56
15277.75
15279.24
15279.43
15306.97
15307.16
15308.66
15308.85
15316.10
15316.29
15317.79
15317.99
15331.37
15331.56
15333.07
15333.27
15340.55
15340.74
15342.26
15342.47
15373.12
15375.53
15376.98
15377.17
15384.41
15384.60
15386.13
15386.33
15399.74
15399.93
15401.48
15401.68
15408.98
15409.18
15410.74
15410.95
15438.52
15438.72
15440.29
15440.50
15447.89
15448.10
15449.70
15449.92
15463.52
15463.73
15465.35
15465.56
15473.04
15473.25
15474.89
15475.11
15505.96
15508.40
15509.98
15510.19
15517.62
15517.83
15519.50
15519.72
15533.63
15533.84
15535.54
15535.76
15543.29
15543.50
15545.20
15545.42
15573.52
15573.73
15575.41
15575.63
15583.13
15583.33
15585.04
15585.25
15599.17
15599.36
15601.09
15601.29
15608.83
15609.03
15610.76
15610.96
15642.06
15644.49
15646.18
15646.38
15653.92
15654.11
15655.85
15656.05
15669.95
15670.15
15671.93
15672.14
15679.75
15679.95
15681.73
15681.94
15709.89
15710.09
15711.87
15712.08
15719.66
15719.86
15721.66
15721.88
15735.85
15736.06
15737.89
15738.11
15745.72
15745.93
15747.77
15748.00
15779.11
15781.62
15783.40
15783.63
15791.36
15791.61
15793.49
15793.77
15808.13
15808.39
15810.29
15810.59
15818.38
15818.65
15820.56
15820.88
15849.37
15849.66
15851.57
15852.27
15860.15
15860.46
15862.40
15862.76
15877.45
15877.78
15879.72
15880.10
15888.01
15888.35
15890.30
15890.69
15922.24
15924.84
15926.70
15927.07
15934.97
15935.33
15937.30
15937.71
15952.46
15952.82
15954.81
15955.24
15963.20
15963.56
15965.57
15965.99
15994.36
15994.73
15996.73
15997.16
16005.09
16005.46
16007.47
16007.91
16022.63
16023.02
16025.05
16025.51
16033.48
16033.88
16035.92
16036.40
16067.97
16070.67
16072.61
16073.08
16081.06
16081.50
16083.57
16084.10
16099.18
16099.63
16101.68
16102.24
16110.41
16110.87
16112.94
16113.50
16141.98
16142.43
16144.50
16145.06
16153.27
16153.74
16155.87
16156.42
16171.57
16172.04
16174.16
16174.70
16182.96
16183.41
16185.55
16186.09
16217.53
16220.26
16222.33
16222.82
16230.96
16231.40
16233.60
16234.12
16249.35
16249.79
16251.97
16252.49
16260.83
16261.25
16263.45
16263.96
16292.41
16292.83
16295.04
16295.53
16303.90
16304.31
16306.54
16307.01
16322.33
16322.72
16324.97
16325.41
16333.82
16334.19
16336.45
16336.86
16367.90
16370.53
16372.71
16373.08
16381.33
16381.66
16383.99
16384.36
16399.49
16399.81
16402.16
16402.52
16410.85
16411.16
16413.53
16413.87
16441.98
16442.27
16444.66
16444.98
16453.32
16453.60
16456.00
16456.30
16471.58
16471.85
16474.26
16474.55
16482.95
16483.21
16485.65
16485.92
16516.84
16519.35
16521.65
16521.90
16530.18
16530.42
16532.87
16533.13
16548.44
16548.68
16551.12
16551.38
16559.86
16560.10
16562.55
16562.81
16590.80
16591.03
16593.50
16593.75
16602.23
16602.46
16604.93
16605.18
16620.54
16620.77
16623.24
16623.49
16632.00
16632.24
16634.72
16634.97
16665.80
16668.29
16670.64
16670.89
16679.33
16679.57
16682.07
16682.34
16697.87
16698.12
16700.64
16700.91
16709.51
16709.76
16712.27
16712.54
16740.73
16740.98
16743.48
16743.75
16752.42
16752.66
16755.18
16755.45
16771.05
16771.29
16773.81
16774.07
16782.77
16783.01
16785.53
16785.78
16816.72
16819.22
16821.59
16821.83
16830.67
16830.90
16833.41
16834.01
16849.81
16850.04
16852.56
16852.82
16861.59
16861.83
16864.36
16864.62
16892.87
16893.10
16895.63
16895.89
16904.79
16905.03
16907.58
16907.85
16923.71
16923.96
16926.49
16926.76
16935.65
16935.90
16938.40
16938.68
16969.44
16971.97
16974.37
16974.66
16983.36
16983.63
16986.16
16986.47
17002.38
17002.66
17005.18
17005.50
17014.45
17014.75
17017.27
17017.60
17046.00
17046.30
17048.83
17049.17
17058.20
17058.50
17061.03
17061.37
17077.40
17077.71
17080.24
17080.58
17089.67
17089.97
17092.52
17092.85
17123.89
17126.44
17128.82
17129.14
17138.01
17138.31
17140.84
17141.19
17157.37
17157.68
17160.22
17160.57
17169.71
17170.02
17172.56
17172.91
17201.18
17201.49
17204.03
17204.38
17213.58
17213.89
17216.45
17216.80
17233.02
17233.33
17235.91
17236.26
17245.50
17245.82
17248.39
17248.75
17279.73
17282.36
17284.82
17285.17
17294.26
17294.59
17297.18
17297.55
17313.85
17314.18
17316.76
17317.15
17326.43
17326.77
17329.37
17329.77
17358.06
17358.40
17360.99
17361.39
17370.60
17370.95
17373.53
17373.93
17390.24
17390.59
17393.15
17393.56
17402.94
17403.30
17405.90
17406.32
17437.28
17439.85
17442.27
17442.66
17451.79
17452.16
17454.78
17455.22
17471.67
17472.06
17474.65
17475.11
17484.50
17484.90
17487.51
17487.98
17516.25
17516.65
17519.21
17519.68
17529.00
17529.41
17531.99
17532.48
17548.94
17549.35
17551.94
17552.43
17561.93
17562.34
17564.93
17565.43
17596.20
17598.92
17601.39
17601.86
17611.20
17611.64
17614.26
17614.77
17631.31
17631.75
17634.36
17634.87
17644.42
17644.85
17647.46
17647.96
17676.02
17676.43
17679.04
17679.52
17688.93
17689.33
17691.92
17692.39
17708.99
17709.39
17712.04
17712.51
17722.14
17722.54
17725.18
17725.63
17755.81
17758.46
17760.98
17761.40
17770.85
17771.23
17773.92
17774.72
17791.07
17791.45
17794.13
17794.57
17804.07
17804.45
17807.16
17807.60
17835.27
17835.64
17838.35
17838.78
17848.32
17848.69
17851.40
17851.84
17868.22
17868.59
17871.31
17871.75
17881.34
17881.71
17884.45
17884.89
17915.32
17917.95
17920.54
17920.95
17930.57
17930.95
17933.72
17934.16
17950.71
17951.09
17953.87
17954.32
17964.02
17964.40
17967.19
17967.65
17995.47
17995.86
17998.65
17999.12
18008.78
18009.17
18011.99
18012.46
18028.91
18029.32
18032.14
18032.62
18042.26
18042.67
18045.47
18045.96
18076.11
18078.74
18081.38
18081.84
18091.50
18091.91
18094.72
18095.22
18111.68
18112.10
18114.98
18115.47
18125.20
18125.61
18128.45
18128.93
18156.46
18156.86
18159.71
18160.18
18169.90
18170.30
18173.16
18173.63
18190.16
18190.55
18193.40
18193.86
18203.65
18204.03
18206.91
18207.37
18237.45
18240.09
18242.80
18243.21
18252.92
18253.30
18256.21
18256.66
18273.29
18273.68
18276.59
18277.06
18286.89
18287.29
18290.21
18290.68
18318.17
18318.58
18321.51
18322.93
18332.71
18333.12
18336.02
18336.51
18353.11
18353.54
18356.49
18357.00
18366.96
18367.40
18370.36
18370.87
18401.08
18403.75
18406.53
18406.99
18416.85
18417.27
18420.24
18420.75
18437.93
18438.36
18441.32
18441.83
18451.95
18452.38
18455.34
18455.83
18483.64
18484.06
18487.07
18487.58
18497.72
18498.15
18501.15
18501.67
18518.80
18519.22
18522.24
18522.75
18532.89
18533.33
18536.37
18536.90
18567.46
18570.17
18573.05
18573.54
18583.51
18583.96
18587.02
18587.56
18604.83
18605.29
18608.37
18608.92
18619.23
18619.69
18622.81
18623.37
18651.34
18651.81
18654.90
18655.47
18665.78
18666.26
18669.38
18670.31
18687.63
18688.11
18691.23
18691.81
18702.15
18702.63
18705.75
18706.33
18736.86
18739.60
18742.56
18743.09
18753.38
18753.86
18757.00
18757.58
18775.00
18775.48
18778.64
18779.21
18789.66
18790.13
18793.32
18793.90
18821.75
18822.22
18825.37
18825.94
18836.30
18836.76
18839.93
18840.49
18857.75
18858.21
18861.40
18861.97
18872.50
18872.97
18876.19
18876.76
18907.41
18910.19
18913.27
18913.80
18924.31
18924.79
18928.03
18928.61
18946.01
18946.49
18949.72
18950.29
18960.72
18961.20
18964.44
18965.02
18993.07
18993.54
18996.82
18997.40
19008.00
19008.47
19011.78
19012.36
19029.95
19030.43
19033.75
19034.34
19044.97
19045.47
19048.79
19049.40
19080.05
19082.82
19085.96
19086.54
19097.18
19097.70
19101.06
19101.71
19119.39
19119.91
19123.25
19123.90
19134.61
19135.15
19138.54
19139.21
19167.14
19167.68
19171.06
19171.72
19182.39
19182.92
19186.33
19186.97
19204.59
19205.11
19208.51
19209.13
19219.81
19220.31
19223.73
19224.33
19254.89
19257.65
19260.89
19261.43
19272.16
19272.65
19276.11
19276.70
19294.46
19294.94
19298.42
19299.00
19309.79
19310.27
19313.75
19314.33
19342.27
19342.75
19346.22
19346.79
19357.49
19357.95
19361.41
19361.98
19379.51
19379.99
19383.46
19384.04
19394.70
19395.16
19398.64
19399.21
19429.32
19432.07
19435.42
19435.95
19446.74
19447.22
19450.80
19451.42
19469.54
19470.04
19473.60
19474.21
19485.24
19485.74
19489.31
19489.93
19517.89
19518.38
19521.93
19522.55
19533.56
19534.06
19537.66
19538.28
19556.36
19556.86
19560.82
19561.44
19572.48
19572.98
19576.60
19577.21
19607.82
19610.61
19614.08
19614.64
19625.60
19626.10
19629.76
19630.39
19648.64
19649.16
19652.84
19653.48
19664.62
19665.14
19668.84
19669.49
19697.73
19698.25
19701.89
19702.55
19713.62
19714.16
19717.85
19718.53
19736.73
19737.28
19740.97
19741.69
19752.86
19753.44
19757.17
19757.91
19788.54
19791.41
19794.94
19795.62
19806.78
19807.40
19811.16
19811.95
19830.34
19830.96
19834.69
19835.51
19846.67
19847.32
19851.07
19851.90
19880.36
19881.02
19884.78
19885.62
19896.89
19897.56
19901.32
19902.17
19920.70
19921.38
19925.15
19926.01
19937.34
19938.01
19941.80
19942.67
19973.78
19976.73
19980.27
19981.05
19992.31
19993.01
19996.84
19997.74
20016.15
20016.84
20020.62
20021.51
20032.88
20033.58
20037.41
20038.31
20066.62
20067.32
20071.15
20072.05
20083.43
20084.12
20087.96
20088.85
20107.39
20108.06
20111.92
20112.81
20124.23
20124.90
20128.74
20129.60
20160.59
20163.54
20167.15
20167.89
20179.17
20179.82
20183.70
20184.54
20203.17
20203.81
20207.67
20208.48
20220.01
20220.64
20224.54
20225.32
20253.54
20254.14
20258.02
20258.78
20270.27
20270.87
20274.78
20275.54
20294.26
20294.85
20298.75
20299.49
20311.07
20311.65
20315.58
20316.33
20347.49
20350.39
20354.05
20354.72
20366.17
20366.77
20370.73
20371.50
20390.31
20390.91
20394.84
20395.62
20407.21
20407.81
20411.79
20412.56
20440.89
20441.86
20445.83
20446.60
20458.23
20458.83
20462.77
20463.53
20482.04
20482.64
20486.58
20487.34
20498.98
20499.59
20503.57
20504.33
20535.34
20538.21
20541.90
20542.57
20553.99
20554.59
20558.56
20559.32
20578.02
20578.63
20582.64
20583.41
20595.05
20595.65
20599.63
20600.39
20628.49
20629.10
20633.10
20633.86
20645.51
20646.11
20650.14
20650.90
20669.64
20670.22
20674.22
20674.97
20686.63
20687.23
20691.23
20691.97
20722.46
20725.31
20729.04
20729.70
20741.07
20741.66
20745.67
20746.42
20765.09
20765.70
20769.76
20770.53
20782.22
20782.83
20786.89
20787.66
20815.78
20816.39
20820.47
20821.24
20832.96
20833.57
20837.65
20838.41
20857.21
20857.81
20861.89
20862.65
20874.39
20874.98
20879.08
20879.85
20910.57
20913.46
20917.29
20917.97
20929.60
20930.20
20934.33
20935.11
20954.00
20954.60
20958.65
20959.42
20971.14
20971.74
20975.82
20976.61
21004.56
21005.18
21009.26
21010.07
21021.85
21022.48
21026.52
21027.35
21045.98
21046.62
21050.69
21051.55
21063.39
21064.06
21068.15
21069.02
21100.00
21102.93
21106.72
21107.49
21119.22
21119.90
21124.01
21124.90
21143.87
21144.56
21148.65
21149.53
21161.38
21162.05
21166.09
21166.96
21194.81
21195.49
21199.52
21200.37
21212.03
21212.69
21216.72
21217.58
21236.18
21236.84
21240.92
21241.77
21253.63
21254.65
21258.73
21259.56
21290.26
21293.19
21297.03
21297.76
21309.36
21310.00
21314.10
21314.92
21333.72
21334.35
21338.45
21339.25
21351.12
21351.75
21355.87
21356.67
21384.42
21385.04
21389.14
21389.93
21401.82
21402.44
21406.55
21407.34
21426.14
21426.76
21430.86
21431.66
21443.54
21444.16
21448.26
21449.05
21479.76
21482.69
21486.52
21487.23
21498.89
21499.52
21503.65
21504.46
21523.14
21523.78
21527.88
21528.71
21540.62
21541.27
21545.40
21546.24
21573.90
21574.56
21578.68
21579.51
21591.43
21592.09
21596.24
21597.08
21615.90
21616.55
21620.68
21621.52
21633.39
21634.05
21638.18
21639.02
21669.57
21672.46
21676.25
21676.99
21688.63
21689.29
21693.47
21694.32
21713.09
21713.75
21717.91
21718.75
21730.70
21733.35
21737.42
21738.24
21765.69
21766.34
21770.53
21771.37
21783.41
21784.06
21788.25
21789.09
21807.99
21808.64
21812.85
21813.70
21825.71
21826.37
21830.60
21831.46
21861.74
21864.71
21868.63
21869.39
21881.16
21881.83
21886.01
21886.88
21905.56
21906.24
21910.39
21911.26
21923.14
21923.81
21927.96
21928.84
21956.24
21956.93
21961.16
21962.04
21974.11
21974.79
21979.02
21979.90
21998.70
21999.38
22003.64
22004.51
22016.76
22017.44
22021.70
22022.59
22053.66
22057.00
22060.99
22061.76
22073.81
22074.51
22078.82
22079.69
22098.79
22099.47
22103.74
22104.61
22116.82
22117.49
22121.79
22122.65
22150.25
22150.93
22155.26
22156.14
22168.42
22169.10
22173.43
22174.30
22193.46
22194.12
22198.30
22199.15
22211.15
22211.81
22216.13
22217.00
22248.06
22251.04
22255.11
22255.86
22267.92
22268.58
22272.97
22273.82
22292.99
22293.65
22298.04
22298.90
22311.18
22311.84
22316.24
22317.08
22344.79
22345.44
22349.86
22350.70
22362.93
22363.57
22367.96
22368.80
22387.95
22388.60
22393.01
22393.84
22406.03
22406.67
22411.11
22411.96
22442.99
22445.92
22450.02
22450.77
22462.93
22463.59
22468.07
22468.94
22488.24
22488.90
22493.37
22494.25
22506.69
22507.37
22511.85
22512.74
22540.62
22541.30
22545.79
22546.67
22559.13
22559.81
22564.26
22565.14
22584.48
22585.16
22589.62
22590.53
22603.11
22603.80
22608.34
22609.26
22640.65
22643.69
22647.87
22648.69
22661.02
22661.74
22666.28
22667.24
22686.79
22687.53
22692.06
22693.05
22705.66
22706.42
22710.95
22711.95
22740.12
22740.89
22745.44
22748.63
22760.92
22761.72
22766.28
22769.43
22788.34
22789.16
22793.70
22796.88
22809.06
22810.31
22814.85
22818.11
22848.64
22851.84
22856.03
22857.19
22869.87
22870.88
22875.47
22878.91
22897.97
22899.01
22903.65
22907.08
22919.43
22920.50
22925.15
22928.60
22955.83
22956.93
22961.57
22965.06
22977.40
22978.50
22983.16
22986.57
23005.51
23006.61
23011.22
23014.67
23026.99
23028.10
23032.73
23036.19
23066.69
23069.99
23074.18
23075.51
23088.31
23089.43
23094.04
23097.59
23116.74
23117.84
23122.49
23125.97
23138.41
23139.52
23144.18
23147.64
23174.92
23176.02
23180.69
23184.13
23196.62
23197.67
23202.38
23205.75
23224.75
23225.76
23230.44
23233.80
23246.19
23247.18
23251.84
23255.16
23285.72
23288.92
23293.18
23294.35
23307.03
23308.02
23312.68
23316.03
23335.09
23336.07
23340.81
23344.13
23356.55
23357.50
23362.22
23365.53
23392.51
23393.46
23398.21
23401.48
23413.87
23414.78
23419.52
23422.77
23441.80
23442.70
23447.43
23450.66
23463.06
23463.93
23468.68
23471.89
23502.55
23505.63
23509.94
23510.93
23523.47
23524.30
23529.04
23532.20
23550.95
23551.75
23556.54
23559.66
23571.93
23572.69
23577.42
23580.49
23606.74
23607.49
23612.59
23615.64
23627.80
23628.54
23633.27
23636.31
23654.96
23655.68
23660.46
23663.50
23675.73
23676.43
23681.20
23684.23
23714.35
23717.29
23721.66
23722.46
23734.86
23735.54
23740.32
23743.36
23761.93
23762.61
23767.39
23770.39
23782.53
23783.20
23787.96
23790.94
23817.08
23817.75
23822.54
23825.56
23837.74
23838.40
23843.24
23846.22
23864.77
23865.43
23870.25
23873.23
23885.45
23886.11
23890.98
23894.00
23924.22
23927.12
23931.54
23932.32
23944.73
23945.40
23950.16
23953.17
23971.96
23972.64
23977.53
23980.58
23992.91
23993.59
23998.47
24001.51
24027.92
24028.59
24033.49
24036.52
24048.85
24049.52
24054.43
24057.42
24076.17
24076.82
24081.75
24084.78
24097.11
24097.78
24102.73
24105.76
24136.04
24138.93
24143.47
24144.26
24156.85
24157.53
24162.45
24165.51
24184.26
24184.94
24189.90
24192.94
24205.20
24205.88
24210.79
24213.81
24240.09
24240.79
24245.76
24248.81
24261.18
24261.89
24266.87
24269.92
24288.69
24289.41
24294.39
24297.45
24309.81
24310.53
24315.52
24318.60
24348.96
24352.27
24356.80
24357.67
24370.33
24371.09
24376.09
24379.24
24398.46
24399.23
24404.26
24407.41
24419.93
24420.72
24425.77
24428.94
24455.66
24456.46
24461.51
24464.68
24477.23
24478.03
24483.11
24486.22
24505.39
24506.20
24511.28
24514.44
24526.98
24527.80
24532.91
24536.08
24566.96
24570.04
24574.72
24575.75
24588.55
24589.41
24594.51
24597.76
24616.93
24617.80
24622.97
24626.19
24638.73
24639.59
24644.77
24648.02
24674.64
24675.54
24680.74
24684.00
24696.59
24697.48
24702.68
24705.94
24725.12
24726.03
24731.23
24734.50
24747.10
24748.02
24753.27
24756.59
24756.59
