0
0
0.000307974
0.000312716
0.000317532
0.000322421
0.000327386
0.000332428
0.000337546
0.000342744
0.000348022
0.000353381
0.000358823
0.000364348
0.000369959
0.000375656
0.00038144
0.000387314
0.000393278
0.000399334
0.000405483
0.000411727
0.000418067
0.000424505
0.000431042
0.000437679
0.000444419
0.000451262
0.000458211
0.000465267
0.000472431
0.000479706
0.000487093
0.000494594
0.00050221
0.000509943
0.000517796
0.000525769
0.000533865
0.000542086
0.000550433
0.000558909
0.000567516
0.000576255
0.000585128
0.000594139
0.000603288
0.000612577
0.00062201
0.000631589
0.000641314
0.00065119
0.000661217
0.000671399
0.000681738
0.000692235
0.000702895
0.000713719
0.000724709
0.000735869
0.0007472
0.000758706
0.000770389
0.000782252
0.000794298
0.000806529
0.000818948
0.000831559
0.000844364
0.000857366
0.000870568
0.000883974
0.000897586
0.000911408
0.000925442
0.000939693
0.000954163
0.000482577
0.000486278
0.000490008
0.000493767
0.000497554
0.00050137
0.000505215
0.000254059
0.000255031
0.000256008
0.000256987
0.000257971
0.000258959
0.00025995
0.000260945
0.000261944
0.000262946
0.000263953
0.000264963
0.000265977
0.000266995
0.000268017
0.000269043
0.000270073
0.000271107
0.000272144
0.000273186
0.000274232
0.000275281
0.000276335
0.000277393
0.000278454
0.00027952
0.00028059
0.000281664
0.000282742
0.000283824
0.000284911
0.000286001
0.000287096
0.00014396
0.000144235
0.000144511
0.000144787
0.000145064
0.000145341
0.000145619
0.000145898
0.000146177
0.000146456
0.000146736
0.000147017
0.000294877
0.000296006
0.000297139
0.000298276
0.000299418
0.000300564
0.000301715
0.000302869
0.000304029
0.000305192
0.000306361
0.000307533
0.00030871
0.000309892
0.000311078
0.000312269
0.000313464
0.000314664
0.000315868
0.000317077
0.000318291
0.000319509
0.000320732
0.00032196
0.000323192
0.000324429
0.000325671
0.000326918
0.000328169
0.000329425
0.000330686
0.000165817
0.000166134
0.000166452
0.00016677
0.000167089
0.000167409
0.000167729
0.000168049
0.000168371
0.000168693
0.000338354
0.000339649
0.000340949
0.000170963
0.00017129
0.000171618
0.000171946
0.000172275
0.000172604
0.000172934
0.000173265
0.000173596
0.000173928
0.000174261
0.000174594
0.000174928
0.000175262
0.000175597
0.000175933
0.000176269
0.000176606
0.000176944
0.000177282
0.000177621
0.000177961
0.000178301
0.000178642
0.000178984
0.000179326
0.000179669
0.000180012
0.000180356
0.000180701
0.000181047
0.000181393
0.00018174
0.000182087
0.000182435
0.000182784
0.000183134
0.000183484
0.000183835
0.000184186
0.000184538
0.000184891
0.000185245
0.000185599
0.000185954
0.000186309
0.000186665
0.000187022
0.00018738
0.000187738
0.000188097
0.000188457
0.000188817
0.000189178
0.00018954
0.000189902
0.000190265
0.000190629
0.000190994
0.000191359
0.000191725
0.000192091
0.000192458
0.000192826
0.000193195
0.000193564
0.000193935
0.000194305
0.000194677
0.000195049
0.000195422
0.000195796
0.00019617
0.000196545
0.000196921
0.000197297
0.000197675
0.000198053
0.000198431
0.000198811
0.000199191
0.000199572
0.000199953
0.000200336
0.000200719
0.000201102
0.000201487
0.000201872
0.000202258
0.000202645
0.000203032
0.00020342
0.000203809
0.000204199
0.000204589
0.000204981
0.000205373
0.000205765
0.000206159
0.000206553
0.000206948
0.000207343
0.00020774
0.000208137
0.000208535
0.000208934
0.000209333
0.000209733
0.000210135
0.000210536
0.000210939
0.000211342
0.000211746
0.000212151
0.000212557
0.000212963
0.00021337
0.000213778
0.000214187
0.000214597
0.000215007
0.000215418
0.00021583
0.000216242
0.000216656
0.00021707
0.000217485
0.000217901
0.000218318
0.000218735
0.000219153
0.000219572
0.000219992
0.000220413
0.000220834
0.000221256
0.000221679
0.000222103
0.000222528
0.000222953
0.00022338
0.000223807
0.000224235
0.000224663
0.000225093
0.000225523
0.000225955
0.000226387
0.000226819
0.000227253
0.000227688
0.000228123
0.000228559
0.000228996
0.000229434
0.000229873
0.000230312
0.000230753
0.000231194
0.000231636
0.000232079
0.000232522
0.000232967
0.000233412
0.000233859
0.000234306
0.000234754
0.000235203
0.000235652
0.000236103
0.000236554
0.000237007
0.00023746
0.000237914
0.000238369
0.000238825
0.000239281
0.000239739
0.000240197
0.000240656
0.000241116
0.000241577
0.000242039
0.000242502
0.000242966
0.00024343
0.000243896
0.000244362
0.000244829
0.000245297
0.000245766
0.000246236
0.000246707
0.000247179
0.000247651
0.000248125
0.000248599
0.000249075
0.000249551
0.000250028
0.000250506
0.000250985
0.000251465
0.000251946
0.000252427
0.00025291
0.000253394
0.000253878
0.000254364
0.00025485
0.000255337
0.000255825
0.000256315
0.000256805
0.000257296
0.000257788
0.00025828
0.000258774
0.000259269
0.000259765
0.000260261
0.000260759
0.000261258
0.000261757
0.000262258
0.000262759
0.000263261
0.000263765
0.000264269
0.000264774
0.000265281
0.000265788
0.000266296
0.000266805
0.000267315
0.000267826
0.000268339
0.000268852
0.000269366
0.000269881
0.000270397
0.000270914
0.000271432
0.000271951
0.000272471
0.000272992
0.000273513
0.000274036
0.00027456
0.000275085
0.000275611
0.000276138
0.000276666
0.000277195
0.000277725
0.000278256
0.000278788
0.000279321
0.000279855
0.00028039
0.000280927
0.000281464
0.000282002
0.000282541
0.000283081
0.000283622
0.000284165
0.000284708
0.000285252
0.000285798
0.000286344
0.000286892
0.00028744
0.00028799
0.000288541
0.000289092
0.000289645
0.000290199
0.000290754
0.00029131
0.000291867
0.000292425
0.000292984
0.000293544
0.000294105
0.000294667
0.000295231
0.000295795
0.000296361
0.000296928
0.000297495
0.000298064
0.000149246
0.000149388
0.000299205
0.000299777
0.00030035
0.00015039
0.000150534
0.000150678
0.000150822
0.000150966
0.00015111
0.000151255
0.000151399
0.000151544
0.000151689
0.000151834
0.000151979
0.000152124
0.000152269
0.000152415
0.00015256
0.000152706
0.000152852
0.000152998
0.000153144
0.000153291
0.000153437
0.000153584
0.000153731
0.000153877
0.000154024
0.000308491
0.00030908
0.000309671
0.000310264
0.000310857
0.000311451
0.000155949
0.000156098
0.000156247
0.000156396
0.000156546
0.000156695
0.000156845
0.000156995
0.000157145
0.000157295
0.000157445
0.000157596
0.000157746
0.000157897
0.000158048
0.000158199
0.00015835
0.000158502
0.000158653
0.000158805
0.000158956
0.000159108
0.00015926
0.000159412
0.000159565
0.000159717
0.00015987
0.000160023
0.000320504
0.000160482
0.000160635
0.000160789
0.000160942
0.000161096
0.00016125
0.000161404
0.000161558
0.000161713
0.000161867
0.000162022
0.000162177
0.000162332
0.000162487
0.000162642
0.000162797
0.000162953
0.000163109
0.000163265
0.000163421
0.00032731
0.000163889
0.000164046
0.000164203
0.00016436
0.000164517
0.000164674
0.000164831
0.000164989
0.000165146
0.000165304
0.000165462
0.00016562
0.000165779
0.000165937
0.000166096
0.000166254
0.000166413
0.000166572
0.000166731
0.000166891
0.00016705
0.00016721
0.000167369
0.000167529
0.000167689
0.00016785
0.00016801
0.000168171
0.000168331
0.000168492
0.000168653
0.000168814
0.000168976
0.000169137
0.000169299
0.000169461
0.000339407
0.000340056
0.000170272
0.000170434
0.000170597
0.00017076
0.000170923
0.000171087
0.00017125
0.000171414
0.000171578
0.000171742
0.000171906
0.00017207
0.000172234
0.000172399
0.000172564
0.000172729
0.000172894
0.000173059
0.000173224
0.00017339
0.000173555
0.000173721
0.000173887
0.000174053
0.00017422
0.000174386
0.000174553
0.00017472
0.000174887
0.000175054
0.000175221
0.000175388
0.000175556
0.000175724
0.000175892
0.00017606
0.000176228
0.000176396
0.000176565
0.000176734
0.000176902
0.000177072
0.000177241
0.00017741
0.00017758
0.000177749
0.000177919
0.000178089
0.000178259
0.00017843
0.0001786
0.000178771
0.000178942
0.000179113
0.000179284
0.000179455
0.000179627
0.000179798
0.00017997
0.000180142
0.000180314
0.000180486
0.000180659
0.000180831
0.000181004
0.000181177
0.00018135
0.000181524
0.000181697
0.000181871
0.000182045
0.000182218
0.000182393
0.000182567
0.000182741
0.000182916
0.000183091
0.000183266
0.000183441
0.000183616
0.000183792
0.000183967
0.000184143
0.000184319
0.000184495
0.000184671
0.000184848
0.000185024
0.000185201
0.000185378
0.000185555
0.000185733
0.00018591
0.000186088
0.000186266
0.000186444
0.000186622
0.0001868
0.000186978
0.000187157
0.000187336
0.000187515
0.000187694
0.000187874
0.000188053
0.000188233
0.000188413
0.000188593
0.000188773
0.000188953
0.000189134
0.000189315
0.000189495
0.000189676
0.000189858
0.000190039
0.000190221
0.000190402
0.000190584
0.000190767
0.000190949
0.000191131
0.000191314
0.000191497
0.00019168
0.000191863
0.000192046
0.00019223
0.000192413
0.000192597
0.000192781
0.000192965
0.00019315
0.000193334
0.000193519
0.000193704
0.000193889
0.000194074
0.00019426
0.000194446
0.000194631
0.000194817
0.000195003
0.00019519
0.000195376
0.000195563
0.00019575
0.000195937
0.000196124
0.000196312
0.000196499
0.000196687
0.000196875
0.000197063
0.000197251
0.00019744
0.000197628
0.000197817
0.000198006
0.000198195
0.000198385
0.000198574
0.000198764
0.000198954
0.000199144
0.000199334
0.000199525
0.000199716
0.000199906
0.000200097
0.000200289
0.00020048
0.000200672
0.000200863
0.000201055
0.000201247
0.00020144
0.000201632
0.000201825
0.000202018
0.000202211
0.000202404
0.000202597
0.000202791
0.000202985
0.000203179
0.000203373
0.000203567
0.000203762
0.000203956
0.000204151
0.000204346
0.000204542
0.000204737
0.000204933
0.000205129
0.000205325
0.000205521
0.000205717
0.000205914
0.00020611
0.000206307
0.000206505
0.000206702
0.000206899
0.000207097
0.000207295
0.000207493
0.000207691
0.00020789
0.000208088
0.000208287
0.000208486
0.000208685
0.000208885
0.000209084
0.000209284
0.000209484
0.000209684
0.000209885
0.000210085
0.000210286
0.000210487
0.000210688
0.000210889
0.000211091
0.000211293
0.000211495
0.000211697
0.000211899
0.000212101
0.000212304
0.000212507
0.00021271
0.000212913
0.000213117
0.00021332
0.000213524
0.000213728
0.000213932
0.000214137
0.000214342
0.000214546
0.000214751
0.000214957
0.000215162
0.000215368
0.000215573
0.000215779
0.000215985
0.000216192
0.000216398
0.000216605
0.000216812
0.000217019
0.000217227
0.000217434
0.000217642
0.00021785
0.000218058
0.000218267
0.000218475
0.000218684
0.000218893
0.000219102
0.000219311
0.000219521
0.000219731
0.000219941
0.000220151
0.000220361
0.000220572
0.000220783
0.000220993
0.000221205
0.000221416
0.000221628
0.000221839
0.000222051
0.000222264
0.000222476
0.000222688
0.000222901
0.000223114
0.000223327
0.000223541
0.000223754
0.000223968
0.000224182
0.000224396
0.000224611
0.000224826
0.00022504
0.000225255
0.000225471
0.000225686
0.000225902
0.000226118
0.000226334
0.00022655
0.000226766
0.000226983
0.0002272
0.000227417
0.000227634
0.000227852
0.00022807
0.000228288
0.000228506
0.000228724
0.000228943
0.000229161
0.00022938
0.0002296
0.000229819
0.000230039
0.000230258
0.000230478
0.000230699
0.000230919
0.00023114
0.000231361
0.000231582
0.000231803
0.000232024
0.000232246
0.000232468
0.00023269
0.000232912
0.000233135
0.000233358
0.000233581
0.000233804
0.000234027
0.000234251
0.000234475
0.000234699
0.000234923
0.000235148
0.000235372
0.000235597
0.000235822
0.000236048
0.000236273
0.000236499
0.000236725
0.000236951
0.000237178
0.000237404
0.000237631
0.000237858
0.000238085
0.000238313
0.000238541
0.000238769
0.000238997
0.000239225
0.000239454
0.000239683
0.000239912
0.000240141
0.00024037
0.0002406
0.00024083
0.00024106
0.00024129
0.000241521
0.000241752
0.000241983
0.000242214
0.000242445
0.000242677
0.000242909
0.000243141
0.000243373
0.000243606
0.000243839
0.000244072
0.000244305
0.000244538
0.000244772
0.000245006
0.00024524
0.000245474
0.000245709
0.000245944
0.000246179
0.000246414
0.000246649
0.000246885
0.000247121
0.000247357
0.000247593
0.00024783
0.000248067
0.000248304
0.000248541
0.000248779
0.000249016
0.000249254
0.000249493
0.000249731
0.00024997
0.000250208
0.000250447
0.000250687
0.000250926
0.000251166
0.000251406
0.000251646
0.000251887
0.000252127
0.000252368
0.00025261
0.000252851
0.000253093
0.000253334
0.000253576
0.000253819
0.000254061
0.000254304
0.000254547
0.00025479
0.000255034
0.000255277
0.000255521
0.000255766
0.00025601
0.000256255
0.000256499
0.000256744
0.00025699
0.000257235
0.000257481
0.000257727
0.000257973
0.00025822
0.000258467
0.000258714
0.000258961
0.000259208
0.000259456
0.000259704
0.000259952
0.000260201
0.000260449
0.000260698
0.000260947
0.000261196
0.000261446
0.000261696
0.000261946
0.000262196
0.000262447
0.000262698
0.000262949
0.0002632
0.000263451
0.000263703
0.000263955
0.000264207
0.00026446
0.000264712
0.000264965
0.000265219
0.000265472
0.000265726
0.00026598
0.000266234
0.000266488
0.000266743
0.000266998
0.000267253
0.000267508
0.000267764
0.00026802
0.000268276
0.000268532
0.000268789
0.000269045
0.000269303
0.00026956
0.000269817
0.000270075
0.000270333
0.000270592
0.00027085
0.000271109
0.000271368
0.000271627
0.000271887
0.000272147
0.000272407
0.000272667
0.000272928
0.000273188
0.000273449
0.000273711
0.000273972
0.000274234
0.000274496
0.000274758
0.000275021
0.000275284
0.000275547
0.00027581
0.000276074
0.000276337
0.000276602
0.000276866
0.00027713
0.000277395
0.00027766
0.000277926
0.000278191
0.000278457
0.000278723
0.000278989
0.000279256
0.000279523
0.00027979
0.000280057
0.000280325
0.000280593
0.000280861
0.000281129
0.000281398
0.000281667
0.000281936
0.000282205
0.000282475
0.000282745
0.000283015
0.000283285
0.000283556
0.000283827
0.000284098
0.00028437
0.000284641
0.000284913
0.000285186
0.000285458
0.000285731
0.000286004
0.000286277
0.000286551
0.000286825
0.000287099
0.000287373
0.000287648
0.000287923
0.000288198
0.000288473
0.000288749
0.000289025
0.000289301
0.000289577
0.000289854
0.000290131
0.000290408
0.000290686
0.000290963
0.000291241
0.00029152
0.000291798
0.000292077
0.000292356
0.000292636
0.000292915
0.000293195
0.000293475
0.000293756
0.000294036
0.000294317
0.000294599
0.00029488
0.000295162
0.000295444
0.000295726
0.000296009
0.000296292
0.000296575
0.000296858
0.000297142
0.000297426
0.00029771
0.000297994
0.000298279
0.000298564
0.000298849
0.000299135
0.000299421
0.000299707
0.000299993
0.00030028
0.000300567
0.000300854
0.000301142
0.000150679
0.000150751
0.000150823
0.000150895
0.000150967
0.000151039
0.000151111
0.000151183
0.000151255
0.000151328
0.0001514
0.000151472
0.000151545
0.000151617
0.000151689
0.000151762
0.000303741
0.000151979
0.000152052
0.000152125
0.000152197
0.000304613
0.000304904
0.000305195
0.000152707
0.00015278
0.000152853
0.000152926
0.000152999
0.000153072
0.000306363
0.000153291
0.000153365
0.000153438
0.000153511
0.000153585
0.000153658
0.000153731
0.000153805
0.000153878
0.000153952
0.000154025
0.000154099
0.000154172
0.000154246
0.00015432
0.000154393
0.000154467
0.000154541
0.000154615
0.000154689
0.000154763
0.000154836
0.00015491
0.000154984
0.000155058
0.000155132
0.000155207
0.000155281
0.000155355
0.000155429
0.000155503
0.000155578
0.000155652
0.000155726
0.000155801
0.000155875
0.00015595
0.000156024
0.000156099
0.000156173
0.000156248
0.000156322
0.000156397
0.000156472
0.000156546
0.000156621
0.000156696
0.000156771
0.000156846
0.000156921
0.000156996
0.000157071
0.000157146
0.000157221
0.000157296
0.000157371
0.000157446
0.000157521
0.000157597
0.000157672
0.000157747
0.000157823
0.000157898
0.000157973
0.000158049
0.000158124
0.0001582
0.000158275
0.000158351
0.000158427
0.000158502
0.000158578
0.000158654
0.00015873
0.000158805
0.000158881
0.000158957
0.000159033
0.000159109
0.000159185
0.000159261
0.000159337
0.000159413
0.000159489
0.000159565
0.000159642
0.000159718
0.000159794
0.000159871
0.000159947
0.000160023
0.0001601
0.000160176
0.000160253
0.000160329
0.000160406
0.000160483
0.000160559
0.000160636
0.000160713
0.000160789
0.000160866
0.000160943
0.00016102
0.000161097
0.000161174
0.000161251
0.000161328
0.000161405
0.000161482
0.000161559
0.000161636
0.000161713
0.000161791
0.000161868
0.000161945
0.000162023
0.0001621
0.000162177
0.000162255
0.000162332
0.00016241
0.000162488
0.000162565
0.000162643
0.00016272
0.000162798
0.000162876
0.000162954
0.000163032
0.000163109
0.000163187
0.000163265
0.000163343
0.000163421
0.000163499
0.000163577
0.000163656
0.000163734
0.000163812
0.00016389
0.000163969
0.000164047
0.000164125
0.000164204
0.000164282
0.00016436
0.000164439
0.000164518
0.000164596
0.000164675
0.000164753
0.000164832
0.000164911
0.000330058
0.000330373
0.000330689
0.000331005
0.000165621
0.0001657
0.000165779
0.000165859
0.000331955
0.000332272
0.000166255
0.000166334
0.000166414
0.000166493
0.000166573
0.000166652
0.000166732
0.000166812
0.000166891
0.000166971
0.000167051
0.000167131
0.000167211
0.00016729
0.00016737
0.00016745
0.00016753
0.00016761
0.00016769
0.00016777
0.000167851
0.000167931
0.000168011
0.000168091
0.000168171
0.000168252
0.000168332
0.000168413
0.000168493
0.000168573
0.000168654
0.000168735
0.000168815
0.000168896
0.000168976
0.000169057
0.000169138
0.000169219
0.0001693
0.00016938
0.000169461
0.000169542
0.000169623
0.000169704
0.000169785
0.000169866
0.000169948
0.000170029
0.00017011
0.000170191
0.000170273
0.000170354
0.000170435
0.000170517
0.000170598
0.00017068
0.000170761
0.000170843
0.000170924
0.000171006
0.000171088
0.000171169
0.000171251
0.000171333
0.000171415
0.000171497
0.000171578
0.00017166
0.000171742
0.000171824
0.000171907
0.000171989
0.000172071
0.000172153
0.000172235
0.000172318
0.0001724
0.000172482
0.000172565
0.000172647
0.000172729
0.000172812
0.000172894
0.000172977
0.00017306
0.000173142
0.000173225
0.000173308
0.000173391
0.000173473
0.000173556
0.000173639
0.000173722
0.000173805
0.000173888
0.000173971
0.000174054
0.000174137
0.000174221
0.000174304
0.000174387
0.00017447
0.000174554
0.000174637
0.00017472
0.000174804
0.000174887
0.000174971
0.000175055
0.000175138
0.000175222
0.000175306
0.000175389
0.000175473
0.000175557
0.000175641
0.000175725
0.000175809
0.000175893
0.000175977
0.000176061
0.000176145
0.000176229
0.000176313
0.000176397
0.000176481
0.000176566
0.00017665
0.000176734
0.000176819
0.000176903
0.000176988
0.000177072
0.000177157
0.000177242
0.000177326
0.000177411
0.000177496
0.00017758
0.000177665
0.00017775
0.000177835
0.00017792
0.000178005
0.00017809
0.000178175
0.00017826
0.000178345
0.000178431
0.000178516
0.000178601
0.000178686
0.000178772
0.000178857
0.000178943
0.000179028
0.000179113
0.000179199
0.000179285
0.00017937
0.000179456
0.000179542
0.000179627
0.000179713
0.000179799
0.000179885
0.000179971
0.000180057
0.000180143
0.000180229
0.000180315
0.000180401
0.000180487
0.000180573
0.00018066
0.000180746
0.000180832
0.000180919
0.000181005
0.000181092
0.000181178
0.000181265
0.000181351
0.000181438
0.000181525
0.000181611
0.000181698
0.000181785
0.000181872
0.000181958
0.000182045
0.000182132
0.000182219
0.000182306
0.000182393
0.000182481
0.000182568
0.000182655
0.000182742
0.000182829
0.000182917
0.000183004
0.000183092
0.000183179
0.000183267
0.000183354
0.000183442
0.000183529
0.000183617
0.000183705
0.000183792
0.00018388
0.000183968
0.000184056
0.000184144
0.000184232
0.00018432
0.000184408
0.000184496
0.000184584
0.000184672
0.00018476
0.000184849
0.000184937
0.000185025
0.000185114
0.000185202
0.000185291
0.000185379
0.000185468
0.000185556
0.000185645
0.000185733
0.000185822
0.000185911
0.000186
0.000186089
0.000186177
0.000186266
0.000186355
0.000186444
0.000186533
0.000186623
0.000186712
0.000186801
0.00018689
0.000186979
0.000187069
0.000187158
0.000187247
0.000187337
0.000187426
0.000187516
0.000187605
0.000187695
0.000187785
0.000187874
0.000187964
0.000188054
0.000188144
0.000188234
0.000188324
0.000188414
0.000188504
0.000188594
0.000188684
0.000188774
0.000188864
0.000188954
0.000189044
0.000189135
0.000189225
0.000189315
0.000189406
0.000189496
0.000189587
0.000189677
0.000189768
0.000189859
0.000189949
0.00019004
0.000190131
0.000190222
0.000190312
0.000190403
0.000190494
0.000190585
0.000190676
0.000190767
0.000190859
0.00019095
0.000191041
0.000191132
0.000191223
0.000191315
0.000191406
0.000191498
0.000191589
0.000191681
0.000191772
0.000191864
0.000191955
0.000192047
0.000192139
0.000192231
0.000192322
0.000192414
0.000192506
0.000192598
0.00019269
0.000192782
0.000192874
0.000192966
0.000193059
0.000193151
0.000193243
0.000193335
0.000193428
0.00019352
0.000193613
0.000193705
0.000193798
0.00019389
0.000193983
0.000194075
0.000194168
0.000194261
0.000194354
0.000194446
0.000194539
0.000194632
0.000194725
0.000194818
0.000194911
0.000195004
0.000195098
0.000195191
0.000195284
0.000195377
0.000195471
0.000195564
0.000195657
0.000195751
0.000195844
0.000195938
0.000196031
0.000196125
0.000196219
0.000196312
0.000196406
0.0001965
0.000196594
0.000196688
0.000196782
0.000196876
0.00019697
0.000197064
0.000197158
0.000197252
0.000197346
0.000197441
0.000197535
0.000197629
0.000197724
0.000197818
0.000197913
0.000198007
0.000198102
0.000198196
0.000198291
0.000198386
0.000198481
0.000198575
0.00019867
0.000198765
0.00019886
0.000198955
0.00019905
0.000199145
0.00019924
0.000199335
0.000199431
0.000199526
0.000199621
0.000199717
0.000199812
0.000199907
0.000200003
0.000200098
0.000200194
0.00020029
0.000200385
0.000200481
0.000200577
0.000200673
0.000200768
0.000200864
0.00020096
0.000201056
0.000201152
0.000201248
0.000201345
0.000201441
0.000201537
0.000201633
0.000201729
0.000201826
0.000201922
0.000202019
0.000202115
0.000202212
0.000202308
0.000202405
0.000202502
0.000202598
0.000202695
0.000202792
0.000202889
0.000202986
0.000203083
0.00020318
0.000203277
0.000203374
0.000203471
0.000203568
0.000203665
0.000203763
0.00020386
0.000203957
0.000204055
0.000204152
0.00020425
0.000204347
0.000204445
0.000204543
0.00020464
0.000204738
0.000204836
0.000204934
0.000205032
0.00020513
0.000205227
0.000205326
0.000205424
0.000205522
0.00020562
0.000205718
0.000205816
0.000205915
0.000206013
0.000206111
0.00020621
0.000206308
0.000206407
0.000206506
0.000206604
0.000206703
0.000206802
0.0002069
0.000206999
0.000207098
0.000207197
0.000207296
0.000207395
0.000207494
0.000207593
0.000207692
0.000207791
0.000207891
0.00020799
0.000208089
0.000208189
0.000208288
0.000208388
0.000208487
0.000208587
0.000208686
0.000208786
0.000208886
0.000208986
0.000209085
0.000209185
0.000209285
0.000209385
0.000209485
0.000209585
0.000209685
0.000209786
0.000209886
0.000209986
0.000210086
0.000210187
0.000210287
0.000210388
0.000210488
0.000210589
0.000210689
0.00021079
0.00021089
0.000210991
0.000211092
0.000211193
0.000211294
0.000211395
0.000211496
0.000211597
0.000211698
0.000211799
0.0002119
0.000212001
0.000212102
0.000212204
0.000212305
0.000212407
0.000212508
0.00021261
0.000212711
0.000212813
0.000212914
0.000213016
0.000213118
0.00021322
0.000213321
0.000213423
0.000213525
0.000213627
0.000213729
0.000213831
0.000213933
0.000214036
0.000214138
0.00021424
0.000214343
0.000214445
0.000214547
0.00021465
0.000214752
0.000214855
0.000214958
0.00021506
0.000215163
0.000215266
0.000215369
0.000215471
0.000215574
0.000215677
0.00021578
0.000215883
0.000215987
0.00021609
0.000216193
0.000216296
0.000216399
0.000216503
0.000216606
0.00021671
0.000216813
0.000216917
0.00021702
0.000217124
0.000217228
0.000217332
0.000217435
0.000217539
0.000217643
0.000217747
0.000217851
0.000217955
0.000218059
0.000218163
0.000218268
0.000218372
0.000218476
0.000218581
0.000218685
0.000218789
0.000218894
0.000218998
0.000219103
0.000219208
0.000219312
0.000219417
0.000219522
0.000219627
0.000219732
0.000219837
0.000219942
0.000220047
0.000220152
0.000220257
0.000220362
0.000220468
0.000220573
0.000220678
0.000220784
0.000220889
0.000220995
0.0002211
0.000221206
0.000221311
0.000221417
0.000221523
0.000221629
0.000221735
0.00022184
0.000221946
0.000222052
0.000222158
0.000222265
0.000222371
0.000222477
0.000222583
0.00022269
0.000222796
0.000222902
0.000223009
0.000223115
0.000223222
0.000223329
0.000223435
0.000223542
0.000223649
0.000223756
0.000223862
0.000223969
0.000224076
0.000224183
0.00022429
0.000224398
0.000224505
0.000224612
0.000224719
0.000224827
0.000224934
0.000225041
0.000225149
0.000225256
0.000225364
0.000225472
0.000225579
0.000225687
0.000225795
0.000225903
0.000226011
0.000226119
0.000226227
0.000226335
0.000226443
0.000226551
0.000226659
0.000226768
0.000226876
0.000226984
0.000227093
0.000227201
0.00022731
0.000227418
0.000227527
0.000227635
0.000227744
0.000227853
0.000227962
0.000228071
0.00022818
0.000228289
0.000228398
0.000228507
0.000228616
0.000228725
0.000228834
0.000228944
0.000229053
0.000229162
0.000229272
0.000229381
0.000229491
0.000229601
0.00022971
0.00022982
0.00022993
0.00023004
0.00023015
0.000230259
0.000230369
0.000230479
0.00023059
0.0002307
0.00023081
0.00023092
0.00023103
0.000231141
0.000231251
0.000231362
0.000231472
0.000231583
0.000231693
0.000231804
0.000231915
0.000232026
0.000232136
0.000232247
0.000232358
0.000232469
0.00023258
0.000232691
0.000232802
0.000232914
0.000233025
0.000233136
0.000233248
0.000233359
0.00023347
0.000233582
0.000233694
0.000233805
0.000233917
0.000234029
0.00023414
0.000234252
0.000234364
0.000234476
0.000234588
0.0002347
0.000234812
0.000234924
0.000235037
0.000235149
0.000235261
0.000235373
0.000235486
0.000235598
0.000235711
0.000235824
0.000235936
0.000236049
0.000236162
0.000236274
0.000236387
0.0002365
0.000236613
0.000236726
0.000236839
0.000236952
0.000237066
0.000237179
0.000237292
0.000237405
0.000237519
0.000237632
0.000237746
0.000237859
0.000237973
0.000238087
0.0002382
0.000238314
0.000238428
0.000238542
0.000238656
0.00023877
0.000238884
0.000238998
0.000239112
0.000239226
0.000239341
0.000239455
0.000239569
0.000239684
0.000239798
0.000239913
0.000240027
0.000240142
0.000240257
0.000240371
0.000240486
0.000240601
0.000240716
0.000240831
0.000240946
0.000241061
0.000241176
0.000241292
0.000241407
0.000241522
0.000241637
0.000241753
0.000241868
0.000241984
0.000242099
0.000242215
0.000242331
0.000242447
0.000242562
0.000242678
0.000242794
0.00024291
0.000243026
0.000243142
0.000243258
0.000243375
0.000243491
0.000243607
0.000243723
0.00024384
0.000243956
0.000244073
0.000244189
0.000244306
0.000244423
0.00024454
0.000244656
0.000244773
0.00024489
0.000245007
0.000245124
0.000245241
0.000245358
0.000245476
0.000245593
0.00024571
0.000245827
0.000245945
0.000246062
0.00024618
0.000246297
0.000246415
0.000246533
0.000246651
0.000246768
0.000246886
0.000247004
0.000247122
0.00024724
0.000247358
0.000247476
0.000247595
0.000247713
0.000247831
0.00024795
0.000248068
0.000248187
0.000248305
0.000248424
0.000248542
0.000248661
0.00024878
0.000248899
0.000249018
0.000249137
0.000249256
0.000249375
0.000249494
0.000249613
0.000249732
0.000249851
0.000249971
0.00025009
0.00025021
0.000250329
0.000250449
0.000250568
0.000250688
0.000250808
0.000250928
0.000251047
0.000251167
0.000251287
0.000251407
0.000251527
0.000251648
0.000251768
0.000251888
0.000252008
0.000252129
0.000252249
0.00025237
0.00025249
0.000252611
0.000252731
0.000252852
0.000252973
0.000253094
0.000253215
0.000253336
0.000253457
0.000253578
0.000253699
0.00025382
0.000253941
0.000254062
0.000254184
0.000254305
0.000254427
0.000254548
0.00025467
0.000254791
0.000254913
0.000255035
0.000255157
0.000255279
0.000255401
0.000255523
0.000255645
0.000255767
0.000255889
0.000256011
0.000256133
0.000256256
0.000256378
0.000256501
0.000256623
0.000256746
0.000256868
0.000256991
0.000257114
0.000257237
0.000257359
0.000257482
0.000257605
0.000257728
0.000257852
0.000257975
0.000258098
0.000258221
0.000258345
0.000258468
0.000258591
0.000258715
0.000258839
0.000258962
0.000259086
0.00025921
0.000259333
0.000259457
0.000259581
0.000259705
0.000259829
0.000259953
0.000260078
0.000260202
0.000260326
0.00026045
0.000260575
0.000260699
0.000260824
0.000260948
0.000261073
0.000261198
0.000261322
0.000261447
0.000261572
0.000261697
0.000261822
0.000261947
0.000262072
0.000262197
0.000262323
0.000262448
0.000262573
0.000262699
0.000262824
0.00026295
0.000263075
0.000263201
0.000263327
0.000263453
0.000263578
0.000263704
0.00026383
0.000263956
0.000264082
0.000264209
0.000264335
0.000264461
0.000264587
0.000264714
0.00026484
0.000264967
0.000265093
0.00026522
0.000265347
0.000265473
0.0002656
0.000265727
0.000265854
0.000265981
0.000266108
0.000266235
0.000266362
0.000266489
0.000266617
0.000266744
0.000266871
0.000266999
0.000267126
0.000267254
0.000267382
0.000267509
0.000267637
0.000267765
0.000267893
0.000268021
0.000268149
0.000268277
0.000268405
0.000268533
0.000268662
0.00026879
0.000268918
0.000269047
0.000269175
0.000269304
0.000269433
0.000269561
0.00026969
0.000269819
0.000269948
0.000270077
0.000270206
0.000270335
0.000270464
0.000270593
0.000270722
0.000270852
0.000270981
0.00027111
0.00027124
0.000271369
0.000271499
0.000271629
0.000271758
0.000271888
0.000272018
0.000272148
0.000272278
0.000272408
0.000272538
0.000272668
0.000272799
0.000272929
0.000273059
0.00027319
0.00027332
0.000273451
0.000273581
0.000273712
0.000273843
0.000273974
0.000274105
0.000274235
0.000274366
0.000274497
0.000274629
0.00027476
0.000274891
0.000275022
0.000275154
0.000275285
0.000275417
0.000275548
0.00027568
0.000275811
0.000275943
0.000276075
0.000276207
0.000276339
0.000276471
0.000276603
0.000276735
0.000276867
0.000276999
0.000277132
0.000277264
0.000277397
0.000277529
0.000277662
0.000277794
0.000277927
0.00027806
0.000278192
0.000278325
0.000278458
0.000278591
0.000278724
0.000278858
0.000278991
0.000279124
0.000279257
0.000279391
0.000279524
0.000279658
0.000279791
0.000279925
0.000280059
0.000280192
0.000280326
0.00028046
0.000280594
0.000280728
0.000280862
0.000280996
0.000281131
0.000281265
0.000281399
0.000281534
0.000281668
0.000281803
0.000281937
0.000282072
0.000282207
0.000282341
0.000282476
0.000282611
0.000282746
0.000282881
0.000283016
0.000283152
0.000283287
0.000283422
0.000283557
0.000283693
0.000283828
0.000283964
0.0002841
0.000284235
0.000284371
0.000284507
0.000284643
0.000284779
0.000284915
0.000285051
0.000285187
0.000285323
0.00028546
0.000285596
0.000285732
0.000285869
0.000286005
0.000286142
0.000286279
0.000286415
0.000286552
0.000286689
0.000286826
0.000286963
0.0002871
0.000287237
0.000287374
0.000287512
0.000287649
0.000287786
0.000287924
0.000288061
0.000288199
0.000288337
0.000288474
0.000288612
0.00028875
0.000288888
0.000289026
0.000289164
0.000289302
0.00028944
0.000289579
0.000289717
0.000289855
0.000289994
0.000290132
0.000290271
0.000290409
0.000290548
0.000290687
0.000290826
0.000290965
0.000291104
0.000291243
0.000291382
0.000291521
0.00029166
0.0002918
0.000291939
0.000292078
0.000292218
0.000292358
0.000292497
0.000292637
0.000292777
0.000292917
0.000293056
0.000293196
0.000293336
0.000293477
0.000293617
0.000293757
0.000293897
0.000294038
0.000294178
0.000294319
0.000294459
0.0002946
0.000294741
0.000294881
0.000295022
0.000295163
0.000295304
0.000295445
0.000295586
0.000295728
0.000295869
0.00029601
0.000296152
0.000296293
0.000296435
0.000296576
0.000296718
0.000296859
0.000297001
0.000297143
0.000297285
0.000297427
0.000297569
0.000297711
0.000297853
0.000297996
0.000298138
0.000298281
0.000298423
0.000298566
0.000298708
0.000298851
0.000298994
0.000299136
0.000299279
0.000299422
0.000299565
0.000299708
0.000299851
0.000299995
0.000300138
0.000300281
0.000300425
0.000300568
0.000300712
0.000300856
0.000300999
0.000301143
0.000301287
0.000301431
0.000301575
0.000301719
0.000301863
0.000302007
0.000302151
0.000302296
0.00030244
0.000302585
0.000302729
0.000302874
0.000303018
0.000303163
0.000303308
0.000303453
0.000303598
0.000303743
0.000303888
0.000304033
0.000304178
0.000304323
0.000304469
0.000304614
0.00030476
0.000304905
0.000305051
0.000305197
0.000305342
0.000305488
0.000305634
0.00030578
0.000305926
0.000306072
0.000306219
0.000306365
0.000306511
0.000306658
0.000306804
0.000306951
0.000307097
0.000307244
0.000307391
0.000307537
0.000307684
0.000307831
0.000307978
0.000308126
0.000308273
0.00030842
0.000308567
0.000308715
0.000308862
0.00030901
0.000309157
0.000309305
0.000309453
0.0003096
0.000309748
0.000309896
0.000310044
0.000310192
0.000310341
0.000310489
0.000310637
0.000310785
0.000310934
0.000311082
0.000311231
0.00031138
0.000311528
0.000311677
0.000311826
0.000311975
0.000312124
0.000312273
0.000312422
0.000312572
0.000312721
0.00031287
0.00031302
0.000313169
0.000313319
0.000313468
0.000313618
0.000313768
0.000313918
0.000314068
0.000314218
0.000314368
0.000314518
0.000314668
0.000314819
0.000314969
0.000315119
0.00031527
0.000315421
0.000315571
0.000315722
0.000315873
0.000316024
0.000316175
0.000316326
0.000316477
0.000316628
0.000316779
0.00031693
0.000317082
0.000317233
0.000317385
0.000317536
0.000317688
0.00031784
0.000317992
0.000318143
0.000318295
0.000318447
0.0003186
0.000318752
0.000318904
0.000319056
0.000319209
0.000319361
0.000319514
0.000319666
0.000319819
0.000319972
0.000320125
0.000320278
0.000320431
0.000320584
0.000320737
0.00032089
0.000321043
0.000321197
0.00032135
0.000321503
0.000321657
0.000321811
0.000321964
0.000322118
0.000322272
0.000322426
0.00032258
0.000322734
0.000322888
0.000323042
0.000323197
0.000323351
0.000323506
0.00032366
0.000323815
0.000323969
0.000324124
0.000324279
0.000324434
0.000324589
0.000324744
0.000324899
0.000325054
0.000325209
0.000325365
0.00032552
0.000325676
0.000325831
0.000325987
0.000326143
0.000326298
0.000326454
0.00032661
0.000326766
0.000326922
0.000327078
0.000327235
0.000327391
0.000327547
0.000327704
0.00032786
0.000328017
0.000328174
0.00032833
0.000328487
0.000328644
0.000328801
0.000328958
0.000329115
0.000329272
0.00032943
0.000329587
0.000329745
0.000329902
0.00033006
0.000330217
0.000330375
0.000330533
0.000330691
0.000330849
0.000331007
0.000331165
0.000331323
0.000331481
0.00033164
0.000331798
0.000331956
0.000332115
0.000332274
0.000332432
0.000332591
0.00033275
0.000332909
0.000333068
0.000333227
0.000333386
0.000333545
0.000333705
0.000333864
0.000334024
0.000334183
0.000334343
0.000334503
0.000334662
0.000334822
0.000334982
0.000335142
0.000335302
0.000335462
0.000335623
0.000335783
0.000335943
0.000336104
0.000336264
0.000336425
0.000336586
0.000336746
0.000336907
0.000337068
0.000337229
0.00033739
0.000337551
0.000337713
0.000337874
0.000338035
0.000338197
0.000338358
0.00033852
0.000338682
0.000338843
0.000339005
0.000339167
0.000339329
0.000339491
0.000339653
0.000339816
0.000339978
0.00034014
0.000340303
0.000340465
0.000340628
0.000340791
0.000340953
0.000341116
0.000341279
0.000341442
0.000341605
0.000341769
0.000341932
0.000342095
0.000342259
0.000342422
0.000342586
0.000342749
0.000342913
0.000343077
0.000343241
0.000343405
0.000343569
0.000343733
0.000343897
0.000344061
0.000344225
0.00034439
0.000344554
0.000344719
0.000344884
0.000345048
0.000345213
0.000345378
0.000345543
0.000345708
0.000345873
0.000346038
0.000346204
0.000346369
0.000346535
0.0003467
0.000346866
0.000347031
0.000347197
0.000347363
0.000347529
0.000347695
0.000347861
0.000348027
0.000348193
0.00034836
0.000348526
0.000348693
0.000348859
0.000349026
0.000349192
0.000349359
0.000349526
0.000349693
0.00034986
0.000350027
0.000350194
0.000350362
0.000350529
0.000350696
0.000350864
0.000351032
0.000351199
0.000351367
0.000351535
0.000351703
0.000351871
0.000352039
0.000352207
0.000352375
0.000352543
0.000352712
0.00035288
0.000353049
0.000353218
0.000353386
0.000353555
0.000353724
0.000353893
0.000354062
0.000354231
0.0003544
0.00035457
0.000354739
0.000354908
0.000355078
0.000355247
0.000355417
0.000355587
0.000355757
0.000355927
0.000356097
0.000356267
0.000356437
0.000356607
0.000356778
0.000356948
0.000357118
0.000357289
0.00035746
0.00035763
0.000357801
0.000357972
0.000358143
0.000358314
0.000358485
0.000358657
0.000358828
0.000358999
0.000359171
0.000359342
0.000359514
0.000359686
0.000359858
0.000360029
0.000360201
0.000360373
0.000360546
0.000360718
0.00036089
0.000361063
0.000361235
0.000361408
0.00036158
0.000361753
0.000361926
0.000362099
0.000362271
0.000362445
0.000362618
0.000362791
0.000362964
0.000363138
0.000363311
0.000363485
0.000363658
0.000363832
0.000364006
0.000364179
0.000364353
0.000364527
0.000364702
0.000364876
0.00036505
0.000365224
0.000365399
0.000365573
0.000365748
0.000365923
0.000366098
0.000366272
0.000366447
0.000366622
0.000366798
0.000366973
0.000367148
0.000367323
0.000367499
0.000367674
0.00036785
0.000368026
0.000368201
0.000368377
0.000368553
0.000368729
0.000368905
0.000369082
0.000369258
0.000369434
0.000369611
0.000369787
0.000369964
0.000370141
0.000370318
0.000370494
0.000370671
0.000370848
0.000371026
0.000371203
0.00037138
0.000371557
0.000371735
0.000371913
0.00037209
0.000372268
0.000372446
0.000372624
0.000372802
0.00037298
0.000373158
0.000373336
0.000373514
0.000373693
0.000373871
0.00037405
0.000374229
0.000374407
0.000374586
0.000374765
0.000374944
0.000375123
0.000375302
0.000375482
0.000375661
0.00037584
0.00037602
0.0003762
0.000376379
0.000376559
0.000376739
0.000376919
0.000377099
0.000377279
0.000377459
0.000377639
0.00037782
0.000378
0.000378181
0.000378362
0.000378542
0.000378723
0.000378904
0.000379085
0.000379266
0.000379447
0.000379628
0.00037981
0.000379991
0.000380173
0.000380354
0.000380536
0.000380718
0.0003809
0.000381082
0.000381264
0.000381446
0.000381628
0.00038181
0.000381993
0.000382175
0.000382358
0.00038254
0.000382723
0.000382906
0.000383089
0.000383272
0.000383455
0.000383638
0.000383821
0.000384004
0.000384188
0.000384371
0.000384555
0.000384739
0.000384922
0.000385106
0.00038529
0.000385474
0.000385658
0.000385843
0.000386027
0.000386211
0.000386396
0.00038658
0.000386765
0.00038695
0.000387135
0.000387319
0.000387504
0.00038769
0.000387875
0.00038806
0.000388245
0.000388431
0.000388616
0.000388802
0.000388988
0.000389173
0.000389359
0.000389545
0.000389731
0.000389918
0.000390104
0.00039029
0.000390477
0.000390663
0.00039085
0.000391036
0.000391223
0.00039141
0.000391597
0.000391784
0.000391971
0.000392158
0.000392346
0.000392533
0.000392721
0.000392908
0.000393096
0.000393284
0.000393471
0.000393659
0.000393847
0.000394036
0.000394224
0.000394412
0.000394601
0.000394789
0.000394978
0.000395166
0.000395355
0.000395544
0.000395733
0.000395922
0.000396111
0.0003963
0.000396489
0.000396679
0.000396868
0.000397058
0.000397247
0.000397437
0.000397627
0.000397817
0.000398007
0.000398197
0.000398387
0.000398578
0.000398768
0.000398958
0.000399149
0.00039934
0.00039953
0.000399721
0.000399912
0.000400103
0.000400294
0.000400486
0.000400677
0.000400868
0.00040106
0.000401251
0.000401443
0.000401635
0.000401827
0.000402018
0.00040221
0.000402403
0.000402595
0.000402787
0.00040298
0.000403172
0.000403365
0.000403557
0.00040375
0.000403943
0.000404136
0.000404329
0.000404522
0.000404715
0.000404909
0.000405102
0.000405295
0.000405489
0.000405683
0.000405876
0.00040607
0.000406264
0.000406458
0.000406653
0.000406847
0.000407041
0.000407235
0.00040743
0.000407625
0.000407819
0.000408014
0.000408209
0.000408404
0.000408599
0.000408794
0.00040899
0.000409185
0.00040938
0.000409576
0.000409771
0.000409967
0.000410163
0.000410359
0.000410555
0.000410751
0.000410947
0.000411144
0.00041134
0.000411536
0.000411733
0.00041193
0.000412126
0.000412323
0.00041252
0.000412717
0.000412914
0.000413112
0.000413309
0.000413506
0.000413704
0.000413902
0.000414099
0.000414297
0.000414495
0.000414693
0.000414891
0.000415089
0.000415287
0.000415486
0.000415684
0.000415883
0.000416081
0.00041628
0.000416479
0.000416678
0.000416877
0.000417076
0.000417275
0.000417475
0.000417674
0.000417874
0.000418073
0.000418273
0.000418473
0.000418673
0.000418873
0.000419073
0.000419273
0.000419473
0.000419673
0.000419874
0.000420074
0.000420275
0.000420476
0.000420677
0.000420878
0.000421079
0.00042128
0.000421481
0.000421682
0.000421884
0.000422085
0.000422287
0.000422489
0.00042269
0.000422892
0.000423094
0.000423296
0.000423499
0.000423701
0.000423903
0.000424106
0.000424308
0.000424511
0.000424714
0.000424917
0.00042512
0.000425323
0.000425526
0.000425729
0.000425932
0.000426136
0.000426339
0.000426543
0.000426747
0.000426951
0.000427155
0.000427359
0.000427563
0.000427767
0.000427971
0.000428176
0.00042838
0.000428585
0.00042879
0.000428994
0.000429199
0.000429404
0.000429609
0.000429815
0.00043002
0.000430225
0.000430431
0.000430636
0.000430842
0.000431048
0.000431254
0.00043146
0.000431666
0.000431872
0.000432078
0.000432285
0.000432491
0.000432698
0.000432904
0.000433111
0.000433318
0.000433525
0.000433732
0.000433939
0.000434147
0.000434354
0.000434561
0.000434769
0.000434977
0.000435184
0.000435392
0.0004356
0.000435808
0.000436017
0.000436225
0.000436433
0.000436642
0.00043685
0.000437059
0.000437268
0.000437476
0.000437685
0.000437894
0.000438104
0.000438313
0.000438522
0.000438732
0.000438941
0.000439151
0.000439361
0.000439571
0.000439781
0.000439991
0.000440201
0.000440411
0.000440621
0.000440832
0.000441042
0.000441253
0.000441464
0.000441675
0.000441886
0.000442097
0.000442308
0.000442519
0.000442731
0.000442942
0.000443154
0.000443365
0.000443577
0.000443789
0.000444001
0.000444213
0.000444425
0.000444637
0.00044485
0.000445062
0.000445275
0.000445488
0.0004457
0.000445913
0.000446126
0.000446339
0.000446553
0.000446766
0.000446979
0.000447193
0.000447406
0.00044762
0.000447834
0.000448048
0.000448262
0.000448476
0.00044869
0.000448905
0.000449119
0.000449333
0.000449548
0.000449763
0.000449978
0.000450193
0.000450408
0.000450623
0.000450838
0.000451053
0.000451269
0.000451484
0.0004517
0.000451916
0.000452132
0.000452348
0.000452564
0.00045278
0.000452996
0.000453212
0.000453429
0.000453646
0.000453862
0.000454079
0.000454296
0.000454513
0.00045473
0.000454947
0.000455165
0.000455382
0.000455599
0.000455817
0.000456035
0.000456253
0.000456471
0.000456689
0.000456907
0.000457125
0.000457343
0.000457562
0.00045778
0.000457999
0.000458218
0.000458437
0.000458656
0.000458875
0.000459094
0.000459313
0.000459533
0.000459752
0.000459972
0.000460191
0.000460411
0.000460631
0.000460851
0.000461071
0.000461291
0.000461512
0.000461732
0.000461953
0.000462173
0.000462394
0.000462615
0.000462836
0.000463057
0.000463278
0.0004635
0.000463721
0.000463942
0.000464164
0.000464386
0.000464608
0.00046483
0.000465052
0.000465274
0.000465496
0.000465718
0.000465941
0.000466163
0.000466386
0.000466609
0.000466832
0.000467055
0.000467278
0.000467501
0.000467724
0.000467948
0.000468171
0.000468395
0.000468618
0.000468842
0.000469066
0.00046929
0.000469514
0.000469739
0.000469963
0.000470188
0.000470412
0.000470637
0.000470862
0.000471087
0.000471312
0.000471537
0.000471762
0.000471987
0.000472213
0.000472438
0.000472664
0.00047289
0.000473116
0.000473342
0.000473568
0.000473794
0.00047402
0.000474247
0.000474473
0.0004747
0.000474927
0.000475153
0.00047538
0.000475607
0.000475835
0.000476062
0.000476289
0.000476517
0.000476744
0.000476972
0.0004772
0.000477428
