0002097152
0002097152
0002097152
0002097152
0002097152
0002097152
0002097152
0002097152
0002097152
0002097152
0002097152
0002097152
0002097152
0002097152
0002097152
0002097152
0002097152
0002097152
0002097152
0002097152
0002097152
0002097152
0002097152
0002097152
0002097152
0002097152
0002097152
0002097152
0002097152
0002097152
0002097152
0002097152
0002097152
0002097152
0002097152
0002097152
0002097152
0002097152
0002097152
0002097152
0002097152
0002097152
0002097152
0002097152
0002097152
0002097152
0002097152
0002097152
0002097152
0002097152
0002097152
0002097152
0002097152
0002097152
0002097152
0002097152
0002097152
0002097152
0002097152
0002097152
0002097152
0002097152
0002097152
0002097152
0002097152
0002097152
0002097152
0002097152
0002097152
0002097152
0002097152
0002097152
0002097152
0002097152
0002097152
0002097152
0002097152
0000000002
0002097152
0000000005
0002097152
0000000007
0002097152
0000000009
0000000001
0002097152
0000000002
0000000016
0000000002
0002097152
0000000003
0000000026
0000000006
0002097152
0000000009
0000000053
0000000010
0002097152
0000000010
0000000102
0000000012
0002097152
0000000014
0000000164
0000000016
0002097152
0000000016
0000000258
0000000014
0002097152
0000000018
0000000397
0000000021
0002097152
0000000022
0000000618
0000000027
0000000002
0002097152
0000000002
0000000030
0000000002
0000000914
0000000002
0000000037
0000000003
0002097152
0000000002
0000000041
0000001273
0000000043
0002097152
0000000058
0000001707
0000000067
0002097152
0000000077
0000002359
0000000087
0002097152
0000000105
0000003159
0000000117
0002097152
0000000133
0000004090
0000000153
0002097152
0000000180
0000005286
0000000187
0002097152
0000000206
0000006710
0000000250
0002097152
0000000276
0000008313
0000000268
0002097152
0000000003
0000000303
0000000003
0000010283
0000000002
0000000333
0000000002
0002097152
0000000003
0000000378
0000012784
0000000399
0002097152
0000000003
0000000424
0000000003
0000015810
0000000003
0000000490
0000000001
0002097152
0000000007
0000000574
0000000005
0000019480
0000000005
0000000628
0000000006
0002097152
0000000010
0000000668
0000000013
0000023729
0000000010
0000000720
0000000005
0002097152
0000000004
0000000801
0000000004
0000028667
0000000003
0000000900
0000000004
0002097152
0000000004
0000000977
0000000001
0000034354
0000000005
0000001023
0000000009
0002097152
0000000012
0000001138
0000000016
0000040897
0000000015
0000001246
0000000019
0002097152
0000000017
0000001393
0000000016
0000048170
0000000012
0000001485
0000000012
0002097152
0000000011
0000001626
0000000013
0000056448
0000000010
0000001739
0000000018
0002097152
0000000017
0000001905
0000000019
0000065375
0000000022
0000002051
0000000016
0002097152
0000000014
0000002219
0000000021
0000075217
0000000017
0000002416
0000000018
0002097152
0000000020
0000002647
0000000026
0000085687
0000000031
0000002868
0000000028
0002097152
0000000033
0000003141
0000000039
0000097047
0000000047
0000003390
0000000034
0002097152
0000000036
0000003716
0000000044
0000109265
0000000042
0000004025
0000000057
0002097152
0000000053
0000004277
0000000060
0000122282
0000000063
0000004566
0000000076
0002097152
0000000079
0000004872
0000000081
0000136236
0000000080
0000005129
0000000088
0002097152
0000000088
0000005494
0000000099
0000151378
0000000105
0000005828
0000000090
0002097152
0000000087
0000006186
0000000116
0000167188
0000000127
0000006586
0000000123
0002097152
0000000140
0000006957
0000000155
0000183901
0000000171
0000007359
0000000188
0002097152
0000000194
0000007866
0000000195
0000201620
0000000190
0000008397
0000000194
0002097152
0000000213
0000008854
0000000230
0000220184
0000000254
0000009377
0000000243
0002097152
0000000245
0000009977
0000000226
0000239889
0000000240
0000010658
0000000261
0002097152
0000000298
0000011322
0000000316
0000260558
0000000337
0000011859
0000000347
0002097152
0000000349
0000012570
0000000342
0000282482
0000000332
0000013378
0000000334
0002097152
0000000357
0000014174
0000000357
0000304854
0000000353
0000015017
0000000366
0002097152
0000000383
0000015847
0000000407
0000328344
0000000426
0000016694
0000000459
0002097152
0000000478
0000017555
0000000529
0000352518
0000000544
0000018543
0000000597
0002097152
0000000626
0000019471
0000000639
0000377766
0000000673
0000020366
0000000688
0002097152
0000000716
0000021395
0000000771
0000403956
0000000783
0000022451
0000000799
0002097152
0000000813
0000023495
0000000834
0000430983
0000000858
0000024774
0000000903
0002097152
0000000965
0000026020
0000001016
0000458742
0000001038
0000027340
0000001094
0002097152
0000001145
0000028744
0000001205
0000487192
0000001234
0000030056
0000001278
0002097152
0000001349
0000031531
0000001397
0000516256
0000001482
0000033012
0000001554
0002097152
0000001618
0000034582
0000001728
0000546142
0000001776
0000036128
0000001830
0002097152
0000001905
0000037617
0000001949
0000576810
0000002041
0000039292
0000002167
0002097152
0000002247
0000040982
0000002301
0000607987
0000002313
0000042624
0000002376
0002097152
0000002486
0000044568
0000002597
0000639100
0000002692
0000046331
0000002818
0002097152
0000002907
0000048408
0000003041
0000670740
0000000001
0000003094
0000050461
0000003270
0002097152
0000000001
0000003383
0000000001
0000052582
0000000002
0000003520
0000000004
0000702768
0000000003
0000003653
0000000002
0000054725
0000000004
0000003771
0000000002
0002097152
0000000002
0000003901
0000000002
0000056879
0000000002
0000003989
0000000001
0000735139
0000000001
0000004130
0000059089
0000004234
0002097152
0000004391
0000061397
0000004603
0000000001
0000767500
0000000003
0000004760
0000000006
0000063789
0000000010
0000004966
0000000010
0002097152
0000000007
0000005133
0000000007
0000066219
0000000007
0000005298
0000000006
0000800016
0000000007
0000005444
0000000007
0000068634
0000000006
0000005479
0000000006
0002097152
0000000003
0000005701
0000071148
0000000005
0000005814
0000000009
0000832286
0000000009
0000006003
0000000010
0000073829
0000000012
0000006209
0000000011
0002097152
0000000009
0000006382
0000000009
0000076603
0000000009
0000006513
0000000005
0000864827
0000006678
0000000003
0000079400
0000000006
0000006848
0000000006
0002097152
0000000008
0000007128
0000000008
0000082169
0000000005
0000007437
0000000006
0000897073
0000000001
0000007680
0000000001
0000084839
0000000001
0000007997
0000000002
0002097152
0000000006
0000008268
0000000003
0000087694
0000000004
0000008512
0000000009
0000928926
0000000005
0000008742
0000000003
0000090525
0000000002
0000009009
0002097152
0000009276
0000000002
0000093622
0000000005
0000009542
0000000011
0000960240
0000000019
0000009763
0000000023
0000096395
0000000018
0000010152
0000000020
0002097152
0000000030
0000010430
0000000036
0000099514
0000000040
0000010727
0000000049
0000991629
0000000052
0000011055
0000000063
0000102714
0000000061
0000011343
0000000052
0002097152
0000000052
0000011632
0000000046
0000105955
0000000038
0000011852
0000000051
0001022729
0000000046
0000012096
0000000045
0000109258
0000000042
0000012428
0000000036
0002097152
0000000034
0000012822
0000000040
0000112730
0000000035
0000013160
0000000029
0001053293
0000000026
0000013549
0000000023
0000116133
0000000019
0000013862
0000000019
0002097152
0000000021
0000014257
0000000028
0000119870
0000000031
0000014542
0000000042
0001083601
0000000048
0000014930
0000000058
0000123278
0000000062
0000015328
0000000080
0002097152
0000000081
0000015645
0000000091
0000127190
0000000103
0000016028
0000000115
0001113327
0000000123
0000016423
0000000128
0000130692
0000000136
0000016738
0000000138
0002097152
0000000151
0000017197
0000000159
0000134635
0000000164
0000017708
0000000173
0001142613
0000000185
0000018222
0000000197
0000138330
0000000213
0000018620
0000000226
0002097152
0000000254
0000019124
0000000268
0000142375
0000000270
0000019463
0000000265
0001171195
0000000265
0000019885
0000000260
0000146175
0000000260
0000020248
0000000255
0002097152
0000000236
0000020634
0000000233
0000150561
0000000235
0000021065
0000000216
0001198987
0000000226
0000021524
0000000228
0000154655
0000000231
0000022134
0000000227
0002097152
0000000215
0000022615
0000000196
0000159282
0000000186
0000022999
0000000182
0001226238
0000000174
0000023398
0000000168
0000163097
0000000148
0000023845
0000000158
0002097152
0000000152
0000024422
0000000155
0000167583
0000000145
0000024932
0000000145
0001253275
0000000146
0000025538
0000000170
0000171912
0000000174
0000026148
0000000183
0002097152
0000000201
0000026606
0000000200
0000176886
0000000207
0000027097
0000000202
0001279530
0000000217
0000027662
0000000242
0000181203
0000000276
0000028306
0000000298
0002097152
0000000320
0000028919
0000000334
0000186418
0000000380
0000029698
0000000452
0001305047
0000000479
0000030236
0000000538
0000190901
0000000545
0000030851
0000000585
0002097152
0000000612
0000031587
0000000645
0000196051
0000000691
0000032128
0000000740
0001330316
0000000801
0000032950
0000000838
0000200676
0000000880
0000033602
0000000932
0002097152
0000000980
0000034434
0000001028
0000205894
0000001099
0000035178
0000001179
0001354612
0000001224
0000035847
0000001293
0000210732
0000001326
0000036667
0000001343
0002097152
0000001413
0000037498
0000001447
0000216441
0000001508
0000038300
0000001557
0001378159
0000001572
0000039021
0000001585
0000221037
0000001613
0000039633
0000001629
0002097152
0000001655
0000040627
0000001712
0000226910
0000001741
0000041336
0000001767
0001401040
0000001790
0000042206
0000001806
0000231882
0000001797
0000042832
0000001797
0002097152
0000001787
0000043570
0000001833
0000237938
0000001868
0000044242
0000001819
0001423266
0000001811
0000045081
0000001795
0000242912
0000001841
0000045779
0000001828
0002097152
0000001839
0000046573
0000001877
0000249464
0000001926
0000047463
0000001943
0001444882
0000001952
0000048424
0000002002
0000254639
0000001988
0000049268
0000002019
0002097152
0000002097
0000050374
0000002173
0000261070
0000002262
0000051100
0000002371
0001465683
0000002468
0000051968
0000002555
0000266155
0000002657
0000052806
0000002735
0002097152
0000002778
0000053796
0000002828
0000272719
0000002910
0000054700
0000002975
0001485875
0000002997
0000055633
0000003067
0000278023
0000003091
0000056429
0000003096
0002097152
0000003179
0000057550
0000003242
0000284698
0000003299
0000058582
0000003367
0001505438
0000003436
0000059565
0000003435
0000290173
0000003496
0000060317
0000003534
0002097152
0000003576
0000061292
0000003617
0000297182
0000003657
0000062311
0000003691
0001524306
0000003732
0000063330
0000003723
0000302781
0000003818
0000064358
0000003856
0002097152
0000003937
0000065414
0000003962
0000309807
0000003971
0000066325
0000003998
0001542610
0000004018
0000067347
0000004014
0000315113
0000004051
0000068565
0000004041
0002097152
0000004093
0000069612
0000004175
0000322283
0000004207
0000070943
0000004257
0001560403
0000004280
0000072061
0000004303
0000327489
0000004303
0000073057
0000004422
0002097152
0000004451
0000074422
0000004499
0000335013
0000004439
0000075811
0000004488
0001577573
0000004448
0000076922
0000004462
0000340422
0000004480
0000078250
0000004478
0002097152
0000004535
0000079512
0000004522
0000348294
0000004549
0000080504
0000004579
0001594556
0000004521
0000081937
0000004568
0000354049
0000004586
0000083108
0000004703
0002097152
0000004711
0000084467
0000004724
0000361826
0000004774
0000085857
0000004807
0001610669
0000004923
0000087034
0000004974
0000367381
0000005067
0000088324
0000005199
0002097152
0000005335
0000089950
0000005514
0000375159
0000005653
0000091261
0000005876
0001625938
0000006057
0000092309
0000006238
0000381499
0000006404
0000093455
0000006607
0002097152
0000006767
0000094919
0000006931
0000389885
0000006994
0000096245
0000007098
0001640762
0000007196
0000097596
0000007326
0000395442
0000007389
0000099039
0000007417
0002097152
0000007482
0000100434
0000007556
0000403624
0000007594
0000101697
0000007559
0001655122
0000007591
0000103089
0000007642
0000409631
0000007693
0000104318
0000007606
0002097152
0000007703
0000105735
0000007693
0000418197
0000007772
0000107065
0000007744
0001668890
0000007770
0000108247
0000007799
0000424007
0000007830
0000109531
0000007884
0002097152
0000007935
0000111094
0000007972
0000433058
0000008031
0000112546
0000008002
0001682148
0000008000
0000114074
0000008001
0000438681
0000008043
0000115422
0000007974
0002097152
0000007968
0000116951
0000007932
0000447640
0000007946
0000118319
0000007927
0001695021
0000007935
0000119828
0000007921
0000453600
0000007916
0000121345
0000007935
0002097152
0000008008
0000122818
0000008077
0000462339
0000008136
0000124174
0000008232
0001707385
0000008403
0000125587
0000008532
0000468093
0000008676
0000127194
0000008819
0002097152
0000008957
0000128982
0000009100
0000476924
0000009185
0000130573
0000009308
0001719295
0000009590
0000132260
0000009706
0000482882
0000009779
0000133671
0000009967
0002097152
0000010092
0000135370
0000010250
0000491866
0000010474
0000137025
0000010574
0001730597
0000010793
0000138667
0000010937
0000497506
0000011077
0000140308
0000011240
0002097152
0000011485
0000142267
0000011667
0000506444
0000011940
0000144078
0000012189
0001741646
0000000002
0000012252
0000000001
0000145711
0000000004
0000012413
0000000005
0000512091
0000000008
0000012563
0000000007
0000147456
0000000006
0000012695
0000000001
0002097152
0000012941
0000000001
0000149342
0000000001
0000013081
0000521369
0000013219
0000151012
0000000002
0000013301
0000000001
0001751878
0000000004
0000013485
0000152631
0000000002
0000013684
0000000006
0000526633
0000000011
0000013882
0000000034
0000154458
0000000077
0000014119
0000000122
0002097152
0000000183
0000014389
0000000228
0000156366
0000000280
0000014603
0000000304
0000536400
0000000345
0000014859
0000000387
0000158280
0000000413
0000015198
0000000427
0001761809
0000000475
0000015479
0000000481
0000159968
0000000463
0000015753
0000000459
0000541893
0000000460
0000016004
0000000408
0000161760
0000000342
0000016260
0000000288
0002097152
0000000267
0000016541
0000000231
0000163824
0000000217
0000016745
0000000184
0000551488
0000000172
0000017018
0000000169
0000165559
0000000142
0000017284
0000000105
0001771278
0000000094
0000017580
0000000089
0000167282
0000000089
0000017843
0000000078
0000557333
0000000094
0000018142
0000000099
0000169347
0000000104
0000018384
0000000091
0002097152
0000000086
0000018651
0000000087
0000171509
0000000082
0000018926
0000000082
0000566781
0000000076
0000019150
0000000080
0000173540
0000000076
0000019406
0000000070
0001780646
0000000075
0000019618
0000000092
0000175324
0000000096
0000019823
0000000103
0000572175
0000000120
0000020064
0000000124
0000177160
0000000124
0000020298
0000000106
0002097152
0000000084
0000020433
0000000074
0000179505
0000000067
0000020707
0000000049
0000581910
0000000041
0000020902
0000000053
0000181236
0000000052
0000021139
0000000058
0001789288
0000000052
0000021313
0000000040
0000183236
0000000031
0000021505
0000000018
0000587178
0000000011
0000021579
0000000005
0000185318
0000000001
0000021714
0000000002
0002097152
0000000007
0000021885
0000000007
0000187698
0000000012
0000022014
0000000007
0000597166
0000000002
0000022207
0000000003
0000189743
0000000002
0000022354
0001797719
0000022566
0000191428
0000022762
0000000001
0000602556
0000000001
0000022960
0000193515
0000023063
0000000004
0002097152
0000000008
0000023301
0000000026
0000195765
0000000034
0000023496
0000000039
0000612282
0000000048
0000023708
0000000051
0000197870
0000000054
0000023847
0000000061
0001805828
0000000056
0000023915
0000000065
0000199566
0000000075
0000024012
0000000097
0000618086
0000000123
0000024199
0000000161
0000201748
0000000198
0000024308
0000000223
0002097152
0000000223
0000024564
0000000230
0000204088
0000000224
0000024612
0000000189
0000628116
0000000187
0000024757
0000000175
0000205868
0000000152
0000024874
0000000132
0001813437
0000000108
0000024884
0000000100
0000208041
0000000094
0000024930
0000000084
0000633981
0000000076
0000024971
0000000067
0000210194
0000000048
0000025111
0000000040
0002097152
0000000024
0000025220
0000000017
0000212632
0000000014
0000025383
0000000009
0000643728
0000000005
0000025595
0000000007
0000214557
0000000013
0000025812
0000000027
0001820746
0000000041
0000026100
0000000049
0000216486
0000000043
0000026230
0000000030
0000649133
0000000023
0000026490
0000000027
0000218489
0000000039
0000026680
0000000047
0002097152
0000000059
0000026952
0000000073
0000221079
0000000078
0000027120
0000000092
0000659216
0000000090
0000027357
0000000097
0000222859
0000000100
0000027624
0000000100
0001827941
0000000089
0000027830
0000000091
0000224504
0000000085
0000028124
0000000075
0000664724
0000000061
0000028371
0000000058
0000226445
0000000060
0000028725
0000000050
0002097152
0000000064
0000029099
0000000070
0000228882
0000000076
0000029479
0000000076
0000674594
0000000066
0000029876
0000000050
0000230534
0000000057
0000030242
0000000064
0001834718
0000000055
0000030426
0000000059
0000232749
0000000061
0000030664
0000000059
0000679817
0000000051
0000031024
0000000038
0000234756
0000000043
0000031402
0000000060
0002097152
0000000076
0000031941
0000000084
0000237068
0000000060
0000032436
0000000063
0000689726
0000000071
0000032796
0000000078
0000239221
0000000080
0000033264
0000000057
0001840995
0000000065
0000033784
0000000063
0000241085
0000000069
0000034149
0000000072
0000694831
0000000093
0000034486
0000000095
0000243043
0000000119
0000034877
0000000112
0002097152
0000000118
0000035371
0000000137
0000245555
0000000142
0000035751
0000000156
0000704809
0000000175
0000036248
0000000194
0000247568
0000000225
0000036600
0000000237
0001847084
0000000253
0000036963
0000000272
0000249527
0000000316
0000037297
0000000332
0000709834
0000000332
0000037721
0000000324
0000251401
0000000316
0000037952
0000000319
0002097152
0000000317
0000038475
0000000311
0000253920
0000000295
0000038826
0000000282
0000719683
0000000288
0000039271
0000000278
0000255942
0000000257
0000039694
0000000246
0001852903
0000000241
0000040201
0000000227
0000257790
0000000238
0000040578
0000000228
0000724259
0000000233
0000040931
0000000234
0000259717
0000000238
0000041265
0000000232
0002097152
0000000247
0000041742
0000000275
0000261975
0000000302
0000042276
0000000293
0000734448
0000000299
0000042817
0000000315
0000264271
0000000330
0000043207
0000000346
0001858485
0000000374
0000043669
0000000401
0000266166
0000000438
0000044057
0000000435
0000739135
0000000433
0000044427
0000000437
0000268205
0000000433
0000044825
0000000439
0002097152
0000000449
0000045438
0000000444
0000270848
0000000460
0000045750
0000000476
0000749234
0000000476
0000046202
0000000485
0000272921
0000000490
0000046626
0000000493
0001863673
0000000509
0000047005
0000000485
0000274887
0000000465
0000047379
0000000438
0000753744
0000000393
0000047750
0000000350
0000277059
0000000339
0000048167
0000000315
0002097152
0000000303
0000048680
0000000299
0000279885
0000000290
0000049033
0000000277
0000762969
0000000287
0000049388
0000000324
0000281921
0000000345
0000049892
0000000342
0001868767
0000000331
0000050189
0000000344
0000284020
0000000340
0000050574
0000000351
0000767431
0000000353
0000050911
0000000373
0000285760
0000000434
0000051300
0000000501
0002097152
0000000596
0000051692
0000000646
0000288481
0000000713
0000052081
0000000775
0000776991
0000000841
0000052506
0000000882
0000290571
0000000910
0000052738
0000000918
0001873385
0000000913
0000053233
0000000896
0000292580
0000000873
0000053659
0000000863
0000781457
0000000869
0000053920
0000000852
0000294472
0000000871
0000054343
0000000911
0002097152
0000000976
0000054844
0000001045
0000297197
0000001125
0000055258
0000001186
0000791314
0000001244
0000055523
0000001305
0000299306
0000001364
0000055846
0000001374
0001877910
0000001359
0000056114
0000001307
0000301489
0000001303
0000056289
0000001296
0000795483
0000001301
0000056501
0000001266
0000303144
0000001291
0000056613
0000001304
0002097152
0000001285
0000057147
0000001285
0000305924
0000001239
0000057618
0000001213
0000805091
0000001215
0000057923
0000001213
0000308042
0000001211
0000058378
0000001181
0001882119
0000001120
0000058769
0000001056
0000310085
0000000991
0000059056
0000000922
0000809412
0000000830
0000059329
0000000749
0000312275
0000000695
0000059523
0000000643
0002097152
0000000619
0000060014
0000000581
0000315299
0000000559
0000060287
0000000539
0000818990
0000000542
0000060567
0000000537
0000316866
0000000528
0000060901
0000000551
0001886144
0000000561
0000061137
0000000566
0000318984
0000000584
0000061351
0000000588
0000822990
0000000571
0000061485
0000000583
0000320840
0000000561
0000061720
0000000572
0002097152
0000000586
0000062157
0000000595
0000323600
0000000605
0000062551
0000000587
0000832282
0000000572
0000062892
0000000570
0000325754
0000000567
0000063297
0000000557
0001889889
0000000543
0000063650
0000000557
0000327803
0000000540
0000064018
0000000532
0000836093
0000000574
0000064320
0000000608
0000329941
0000000619
0000064589
0000000628
0002097152
0000000660
0000065170
0000000655
0000332731
0000000676
0000065661
0000000677
0000845410
0000000713
0000066209
0000000715
0000334884
0000000732
0000066733
0000000755
0001893327
0000000795
0000067224
0000000823
0000336940
0000000912
0000067916
0000000937
0000849051
0000000951
0000068422
0000000962
0000339012
0000000980
0000068738
0000001021
0002097152
0000001068
0000069438
0000001107
0000342197
0000001149
0000069978
0000001188
0000858296
0000001177
0000070605
0000001130
0000344483
0000001072
0000071057
0000001001
0001896674
0000000965
0000071514
0000000876
0000346548
0000000801
0000071832
0000000759
0000861816
0000000705
0000072056
0000000666
0000348516
0000000677
0000072389
0000000659
0002097152
0000000702
0000072935
0000000694
0000351163
0000000716
0000073376
0000000723
0000870786
0000000743
0000073715
0000000771
0000353034
0000000817
0000074248
0000000896
0001899552
0000000990
0000074649
0000001011
0000354954
0000001073
0000075096
0000001074
0000874258
0000001109
0000075584
0000001137
0000356899
0000001177
0000076154
0000001178
0002097152
0000001317
0000076959
0000001517
0000359882
0000001797
0000077548
0000002013
0000883325
0000002239
0000078081
0000002455
0000361836
0000002676
0000078487
0000002917
0001902308
0000003179
0000079182
0000003406
0000363715
0000003638
0000079690
0000003756
0000886937
0000003861
0000080275
0000004007
0000365667
0000004117
0000080747
0000004231
0002097152
0000004434
0000081650
0000004580
0000368580
0000004713
0000082069
0000004820
0000896233
0000004901
0000082847
0000004930
0000370542
0000004920
0000083410
0000004950
0001904902
0000004994
0000084056
0000005088
0000372289
0000005168
0000084639
0000005412
0000899259
0000005627
0000085057
0000005781
0000374110
0000005932
0000085429
0000006071
0002097152
0000006348
0000086240
0000006543
0000377056
0000006758
0000086806
0000006914
0000907985
0000007207
0000087515
0000007307
0000378696
0000007375
0000088048
0000007376
0001907350
0000007432
0000088645
0000007464
0000380445
0000007453
0000089312
0000007369
0000910921
0000007303
0000089815
0000007186
0000382373
0000007121
0000090314
0000007024
0002097152
0000007044
0000091192
0000006995
0000385259
0000006880
0000091751
0000006744
0000919237
0000006668
0000092464
0000006599
0000387210
0000006505
0000093187
0000006447
0001909536
0000006325
0000093811
0000006189
0000389372
0000006060
0000094441
0000005816
0000921965
0000005644
0000095122
0000005393
0000390961
0000005154
0000095805
0000004815
0002097152
0000004765
0000096758
0000004568
0000393863
0000004366
0000097556
0000004212
0000930671
0000004044
0000098332
0000003859
0000395715
0000003632
0000099160
0000003444
0001911449
0000003311
0000099671
0000003145
0000397827
0000003000
0000100220
0000002887
0000933304
0000002731
0000100631
0000002569
0000399438
0000002424
0000100985
0000002260
0002097152
0000002267
0000101669
0000002196
0000402204
0000002090
0000102107
0000002050
0000941813
0000002042
0000102295
0000002020
0000404063
0000001989
0000102564
0000001916
0001912963
0000001866
0000102804
0000001834
0000406024
0000001831
0000103065
0000001781
0000943621
0000001759
0000103167
0000001811
0000407873
0000001893
0000103487
0000001982
0002097152
0000002064
0000103884
0000002130
0000410827
0000002206
0000103986
0000002282
0000951525
0000002357
0000104214
0000002312
0000412587
0000002297
0000104278
0000002268
0001914417
0000002204
0000104361
0000002163
0000414255
0000002146
0000104413
0000002111
0000953849
0000002054
0000104561
0000001987
0000415909
0000001921
0000104542
0000001823
0002097152
0000001849
0000105028
0000001805
0000418930
0000001773
0000105132
0000001753
0000961442
0000001721
0000105104
0000001733
0000420660
0000001721
0000105420
0000001703
0001915795
0000001730
0000105710
0000001810
0000422314
0000001825
0000105888
0000001876
0000963656
0000001966
0000105936
0000002000
0000423816
0000002109
0000106192
0000002213
0002097152
0000002485
0000106549
0000002720
0000426812
0000002915
0000106745
0000003098
0000971518
0000003281
0000106717
0000003411
0000428624
0000003603
0000106677
0000003684
0001916833
0000003730
0000106667
0000003704
0000430604
0000003735
0000106555
0000003718
0000973657
0000003640
0000106619
0000003585
0000432036
0000003529
0000106799
0000003492
0002097152
0000003491
0000107151
0000003470
0000434982
0000003424
0000107381
0000003406
0000981246
0000003478
0000107394
0000003518
0000436928
0000003545
0000107723
0000003508
0001917487
0000003513
0000108178
0000003481
0000438722
0000003496
0000108627
0000003509
0000983157
0000003547
0000109009
0000003499
0000440235
0000003556
0000109301
0000003576
0002097152
0000003709
0000109925
0000003758
0000443443
0000003742
0000110317
0000003794
0000990244
0000003839
0000110757
0000003840
0000445327
0000003996
0000111027
0000004078
0001918201
0000004163
0000111309
0000004276
0000446956
0000004419
0000111763
0000004473
0000991643
0000004545
0000112044
0000004619
0000448246
0000004726
0000112318
0000004684
0002097152
0000004859
0000113115
0000005045
0000451169
0000005224
0000113488
0000005333
0000998934
0000005482
0000113650
0000005644
0000452840
0000005763
0000113882
0000005824
0001918849
0000005963
0000114173
0000006059
0000454418
0000006164
0000114235
0000006204
0001000210
0000006299
0000114383
0000006302
0000455853
0000006358
0000114305
0000006367
0002097152
0000006489
0000115099
0000006567
0000458744
0000006642
0000115561
0000006681
0001007127
0000006649
0000115935
0000006567
0000460527
0000006456
0000116227
0000006343
0001919150
0000006247
0000116690
0000006164
0000461938
0000006064
0000117153
0000005938
0001008321
0000005845
0000117456
0000005714
0000463553
0000005597
0000117895
0000005515
0002097152
0000005572
0000118758
0000005505
0000466882
0000005476
0000119345
0000005393
0001015155
0000005325
0000119788
0000005266
0000468570
0000005207
0000120411
0000005207
0001919164
0000005182
0000120850
0000005118
0000469840
0000005132
0000121204
0000005147
0001016296
0000005138
0000121683
0000005202
0000471539
0000005200
0000122219
0000005206
0002097152
0000005313
0000122841
0000005349
0000474640
0000005390
0000123185
0000005396
0001023100
0000005487
0000123969
0000005548
0000476273
0000005577
0000124494
0000005668
0001918879
0000005746
0000124938
0000005841
0000477781
0000005903
0000125398
0000005976
0001023986
0000006134
0000125746
0000006296
0000479238
0000006398
0000125949
0000006521
0002097152
0000006771
0000126580
0000006928
0000481932
0000006993
0000126980
0000006981
0001030819
0000006993
0000127706
0000006921
0000483552
0000006979
0000127891
0000006907
0001918286
0000006799
0000128256
0000006650
0000484770
0000006599
0000128616
0000006520
0001031678
0000006398
0000129048
0000006243
0000486045
0000006161
0000129232
0000006070
0002097152
0000006101
0000129762
0000006037
0000488958
0000006004
0000130243
0000006002
0001037923
0000006073
0000130700
0000006091
0000490502
0000006185
0000130844
0000006148
0001917570
0000006261
0000131181
0000006393
0000491663
0000006572
0000131428
0000006702
0001038642
0000006829
0000131587
0000006891
0000493167
0000006880
0000131839
0000006759
0002097152
0000006778
0000132516
0000006640
0000496075
0000006643
0000132958
0000006612
0001044641
0000006597
0000133367
0000006573
0000497481
0000006515
0000133800
0000006478
0001916740
0000006512
0000134335
0000006652
0000498726
0000006771
0000134589
0000006852
0001045265
0000006935
0000135155
0000006913
0000500139
0000006975
0000135435
0000007029
0002097152
0000007132
0000136095
0000007185
0000503166
0000007155
0000136529
0000007221
0001051372
0000007297
0000136677
0000007295
0000504809
0000007339
0000136905
0000007315
0001915652
0000007367
0000137300
0000007405
0000506334
0000007511
0000137570
0000007489
0001052007
0000007518
0000137880
0000007587
0000507888
0000007630
0000137993
0000007635
0002097152
0000007697
0000138690
0000007714
0000510563
0000007704
0000139238
0000007658
0001057620
0000007666
0000139608
0000007602
0000511898
0000007564
0000139849
0000007499
0001914344
0000007562
0000140089
0000007592
0000513139
0000007642
0000140413
0000007672
0001058005
0000007784
0000140729
0000007810
0000514330
0000007853
0000140975
0000007829
0002097152
0000008044
0000141938
0000008055
0000517486
0000008116
0000142500
0000008196
0001063253
0000008239
0000143097
0000008260
0000518891
0000008281
0000143624
0000008235
0001912572
0000008211
0000144166
0000008126
0000519928
0000008127
0000144625
0000008222
0001063633
0000008328
0000145097
0000008463
0000521068
0000008667
0000145502
0000008798
0002097152
0000009034
0000146436
0000009112
0000524058
0000009270
0000146982
0000009411
0001068561
0000009530
0000147485
0000009612
0000525310
0000009831
0000148051
0000009890
0001910723
0000009981
0000148654
0000009884
0000526507
0000009722
0000149214
0000009491
0001068947
0000009188
0000149676
0000008959
0000527459
0000008749
0000150049
0000008562
0002097152
0000008525
0000150974
0000008461
0000530352
0000008400
0000151365
0000008266
0001073800
0000008164
0000151892
0000008067
0000531570
0000008079
0000152308
0000008080
0001908500
0000007987
0000152689
0000007889
0000532389
0000007781
0000153178
0000007746
0001073632
0000007765
0000153602
0000007709
0000533245
0000007631
0000154082
0000007638
0002097152
0000007759
0000155005
0000007856
0000536255
0000007988
0000155675
0000008066
0001078404
0000008172
0000156491
0000008216
0000537209
0000008325
0000156854
0000008386
0001906071
0000008348
0000157103
0000008399
0000538122
0000008375
0000157478
0000008367
0001078576
0000008447
0000157710
0000008439
0000539090
0000008581
0000158250
0000008658
0002097152
0000008776
0000159193
0000008942
0000541802
0000009004
0000159655
0000009052
0001083462
0000009099
0000159927
0000009180
0000542769
0000009331
0000160306
0000009354
0001903327
0000009456
0000160531
0000009561
0000543508
0000009747
0000160765
0000009973
0001083293
0000010208
0000160910
0000010464
0000543971
0000010747
0000160993
0000010915
0002097152
0000011190
0000161832
0000011431
0000546369
0000011672
0000162206
0000011852
0001087682
0000012030
0000162554
0000012240
0000547469
0000012525
0000162813
0000012746
0001900476
0000012912
0000163108
0000012917
0000548273
0000013016
0000163203
0000013150
0001087284
0000013162
0000163259
0000013176
0000549270
0000013217
0000163190
0000013302
0002097152
0000013492
0000163543
0000013627
0000551503
0000013769
0000163566
0000013809
0001091738
0000013810
0000163711
0000013830
0000552559
0000013903
0000163782
0000013935
0001897200
0000013903
0000164031
0000013837
0000553604
0000013733
0000164097
0000013646
0001090936
0000013488
0000163927
0000013294
0000554512
0000013034
0000163672
0000012858
0002097152
0000012843
0000163978
0000012704
0000556870
0000012579
0000164101
0000012376
0001095104
0000012193
0000164280
0000011947
0000557421
0000011697
0000164466
0000011361
0001893720
0000011041
0000164525
0000010869
0000558314
0000010698
0000164703
0000010549
0001094390
0000010392
0000164959
0000010313
0000559225
0000010356
0000165128
0000010389
0002097152
0000010631
0000166039
0000010759
0000561187
0000010889
0000166561
0000010962
0001098251
0000011060
0000166868
0000011132
0000562136
0000011093
0000167409
0000011076
0001889936
0000010995
0000167905
0000010928
0000563132
0000010911
0000168267
0000010889
0001097662
0000010903
0000168609
0000010765
0000563951
0000010700
0000168688
0000010689
0002097152
0000010820
0000169131
0000010813
0000566150
0000010776
0000169485
0000010823
0001101187
0000010928
0000169872
0000010900
0000566905
0000010890
0000170098
0000010927
0001885595
0000010950
0000170281
0000010950
0000567427
0000010849
0000170685
0000010721
0001100362
0000010630
0000170902
0000010559
0000568141
0000010564
0000171144
0000010552
0002097152
0000010618
0000171788
0000010661
0000570035
0000010827
0000172160
0000010976
0001103777
0000011151
0000172577
0000011281
0000570651
0000011284
0000172912
0000011229
0001881236
0000011135
0000173076
0000011003
0000571202
0000010876
0000173180
0000010774
0001102581
0000010714
0000173245
0000010734
0000571759
0000010681
0000173241
0000010664
0002097152
0000010746
0000173600
0000010800
0000573696
0000010829
0000173785
0000010818
0001105813
0000010792
0000174136
0000010789
0000574283
0000010851
0000174228
0000010968
0001876192
0000011116
0000174432
0000011238
0000574738
0000011496
0000174700
0000011834
0001104529
0000012113
0000174862
0000012413
0000575646
0000012572
0000174925
0000012655
0002097152
0000012858
0000175454
0000012892
0000577566
0000012906
0000175771
0000013000
0001107266
0000013074
0000175897
0000013027
0000578248
0000013016
0000176215
0000013014
0001870915
0000013024
0000176117
0000012849
0000578721
0000012861
0000176029
0000012753
0001105970
0000012710
0000175974
0000012556
0000579046
0000012374
0000175810
0000012121
0002097152
0000012190
0000176315
0000012120
0000581124
0000012004
0000176464
0000011833
0001108597
0000011654
0000176598
0000011546
0000581730
0000011562
0000176599
0000011458
0001865033
0000011539
0000176554
0000011591
0000582264
0000011671
0000176512
0000011768
0001107273
0000011934
0000176472
0000012091
0000582433
0000012282
0000176364
0000012326
0002097152
0000012585
0000176827
0000012662
0000584111
0000012821
0000176968
0000012865
0001109989
0000013060
0000177036
0000013156
0000584374
0000013320
0000177404
0000013308
0001859125
0000013256
0000177547
0000013200
0000584854
0000013149
0000177557
0000013034
0001108213
0000013058
0000177466
0000013124
0000584945
0000013117
0000177406
0000013010
0002097152
0000013233
0000178026
0000013167
0000586594
0000013091
0000178165
0000012981
0001110392
0000012957
0000178263
0000012849
0000587151
0000012740
0000178487
0000012626
0001852791
0000012627
0000178411
0000012541
0000587591
0000012572
0000178331
0000012662
0001108734
0000012807
0000178278
0000012880
0000587748
0000013108
0000178198
0000013195
0002097152
0000013368
0000178802
0000013424
0000589127
0000013513
0000178852
0000013566
0001110681
0000013536
0000178748
0000013442
0000589253
0000013348
0000178667
0000013269
0001845862
0000013181
0000178590
0000012943
0000589534
0000012904
0000178559
0000012773
0001108962
0000012736
0000178444
0000012621
0000589802
0000012552
0000178152
0000012590
0002097152
0000012784
0000178690
0000012718
0000591539
0000012698
0000178955
0000012611
0001110925
0000012575
0000179170
0000012575
0000592006
0000012631
0000179495
0000012677
0001838578
0000012818
0000179590
0000012836
0000592255
0000012864
0000179477
0000012916
0001108966
0000012953
0000179334
0000012909
0000592203
0000012862
0000179077
0000012729
0002097152
0000012831
0000179817
0000012818
0000593861
0000012793
0000179886
0000012643
0001110642
0000012585
0000180100
0000012388
0000594285
0000012309
0000180248
0000012155
0001831252
0000012098
0000180298
0000012029
0000594485
0000012031
0000180254
0000011903
0001108546
0000011882
0000180009
0000011806
0000594562
0000011868
0000180019
0000011935
0002097152
0000012111
0000180925
0000012092
0000595963
0000012105
0000181320
0000012089
0001110548
0000012130
0000181433
0000012114
0000596528
0000012017
0000181557
0000011898
0001823372
0000011817
0000181514
0000011779
0000596559
0000011805
0000181499
0000011790
0001108662
0000011848
0000181365
0000011891
0000596589
0000011951
0000181428
0000011999
0002097152
0000012274
0000181906
0000012391
0000597900
0000012542
0000181879
0000012685
0001109735
0000012927
0000181839
0000013140
0000598419
0000013421
0000181977
0000013656
0001815082
0000013768
0000182133
0000014028
0000598675
0000014406
0000182067
0000014850
0001107551
0000015380
0000182001
0000015920
0000598687
0000016553
0000181888
0000017108
0002097152
0000017881
0000182558
0000018551
0000600150
0000019243
0000182879
0000019823
0001108818
0000020269
0000182968
0000020644
0000600420
0000021076
0000182988
0000021300
0001806628
0000021508
0000183258
0000021585
0000600359
0000021589
0000183227
0000021576
0001106667
0000021479
0000182965
0000021401
0000600183
0000021411
0000182823
0000021287
0002097152
0000021451
0000183547
0000021482
0000601220
0000021336
0000183868
0000021242
0001107336
0000021273
0000183884
0000021197
0000601153
0000021170
0000183946
0000021102
0001797495
0000021017
0000183905
0000020621
0000600905
0000020213
0000184086
0000019866
0001104923
0000019543
0000184210
0000019244
0000600632
0000019062
0000184242
0000018821
0002097152
0000019046
0000185025
0000018992
0000601374
0000018949
0000185426
0000018780
0001105710
0000018721
0000185568
0000018528
0000601120
0000018428
0000185901
0000018200
0001787875
0000017967
0000186104
0000017645
0000600910
0000017577
0000186285
0000017492
0001103554
0000017358
0000186383
0000017079
0000600516
0000016827
0000186628
0000016554
0002097152
0000016610
0000187172
0000016454
0000601124
0000016124
0000187695
0000015868
0001103737
0000015624
0000188039
0000015384
0000600725
0000015038
0000188446
0000014769
0001778342
0000014526
0000189028
0000014233
0000600266
0000013884
0000189323
0000013588
0001101002
0000013330
0000189556
0000013069
0000599535
0000012792
0000189477
0000012565
0002097152
0000012629
0000190055
0000012516
0000600400
0000012398
0000190276
0000012286
0001101238
0000012181
0000190381
0000012062
0000600127
0000012049
0000190405
0000011872
0001768367
0000011753
0000190262
0000011534
0000599780
0000011441
0000190252
0000011262
0001098385
0000011355
0000190141
0000011396
0000599316
0000011463
0000189991
0000011432
0002097152
0000011696
0000190710
0000011820
0000599947
0000012010
0000190865
0000012056
0001098708
0000012119
0000191091
0000011933
0000599486
0000011915
0000191227
0000011838
0001758363
0000011789
0000191272
0000011670
0000598853
0000011616
0000191170
0000011440
0001095903
0000011415
0000190830
0000011432
0000598235
0000011542
0000190781
0000011486
0002097152
0000011736
0000191868
0000011884
0000598834
0000011934
0000192008
0000011877
0001095900
0000011982
0000192139
0000012124
0000598348
0000012454
0000192220
0000012705
0001748000
0000012964
0000192013
0000013205
0000597690
0000013499
0000191785
0000013590
0001093084
0000013784
0000191493
0000013824
0000597159
0000013913
0000191291
0000014039
0002097152
0000014333
0000192121
0000014429
0000597735
0000014601
0000192052
0000014613
0001093186
0000014718
0000192047
0000014874
0000597067
0000014925
0000192131
0000014927
0001737430
0000014972
0000192150
0000014870
0000596631
0000014878
0000192057
0000014783
0001090292
0000014672
0000192250
0000014547
0000596142
0000014643
0000192262
0000014615
0002097152
0000014865
0000193185
0000014983
0000596886
0000015130
0000193295
0000015183
0001090191
0000015324
0000193309
0000015379
0000596481
0000015413
0000193340
0000015396
0001726511
0000015413
0000193542
0000015408
0000596171
0000015468
0000193561
0000015406
0001087044
0000015536
0000193510
0000015580
0000595542
0000015763
0000193517
0000015946
0002097152
