27659.4
12156.8
12171.9
12242.4
12306.3
12373.4
12445.3
12500.8
12569.2
12635.6
12713.3
12783.6
12854.7
12916
12989.6
13062
13128.2
13190.4
13259.2
13330.3
13399
13463.7
13541.7
13613.5
13686.3
13760.8
13846.2
13905.4
13978.5
14056
14114.6
14176.1
14252.2
14329.4
14406.9
14480.8
14550.8
14627
14691.6
14783.5
14872.9
14943.1
15028.4
15114
15167
15232.1
15321.5
15374.7
15476.3
15573.9
15651.5
15743
15811.4
15915.8
15998.1
16086.6
16171.2
16252.1
16345.5
16432.3
16516.3
16602
16652.9
16752.5
16846.9
16912.3
17003.7
17059.9
17116.8
17217.1
17318.3
17391.2
17532.9
17595.2
17703.5
17741.8
17803.9
65.4053
17916.5
144.121
18024.1
230.211
18071.3
292.908
32.9418
18160.8
65.8226
304.219
65.2342
18256.7
97.8143
805.013
195.68
18357.4
295.433
1653.83
331.232
18454.3
329.945
3010.57
393.101
18535.9
456.48
4502.48
520.057
18630.9
525.531
6463.71
464.293
18698
589.164
8655.18
686.077
18785.4
716.806
11048.6
883.911
66.5798
18877.2
66.0314
951.889
65.8228
13112.9
65.0613
1194.46
98.3864
18969.9
64.9427
1316.89
14845.7
1380.04
19153.3
1845.64
16555.4
1714.05
19211.7
2421.37
18040
2720.4
19305.3
2179.7
19421
3057.82
19410.3
3327.57
19281.6
4575.72
19501.5
5214.55
19540.7
5315.26
19493.9
4610.19
23005.5
6471.58
19685.5
7141.04
23727.4
5643.76
19763.2
67.8108
8470.25
99.1246
22213
59.3334
7993.42
45.2249
19920
97.6159
10144.2
23709.9
10705.8
19897.1
88.4372
9724.04
98.5299
23380.8
98.6495
12247.7
32.9252
20035.1
229.128
13913.6
163.047
23234.2
109.338
14910.1
125.366
20134.4
273.784
10970.6
396.517
23446.6
324.915
14674.6
133.978
20254.2
119.076
17678.9
129.615
23868.1
98.0412
18738.8
130.476
20443.7
143.018
20668.3
31.9336
24590.6
180.596
22565.8
327.733
21139.9
427.899
24060.2
570.751
25195.8
548.419
24896.9
691.537
21270.4
616.296
26156.1
576.752
25580.8
440.293
26804.7
437.864
21413.3
395.434
24051.1
450.439
25021.3
360.636
28767.6
645.547
21557.9
611.185
29845.6
684.714
25728.4
573.692
30056.6
570.022
21636.5
505.276
31548.8
759.515
25833.9
616.395
32597.3
654.335
21758.8
687.092
32259.8
665.061
25821.4
1117.71
33984.2
1002.23
21901.8
1174.49
34804.9
1399.49
26261.9
1684.93
36098.4
1220.43
21962.4
1280.26
37274
1577.31
26356
1518.09
37913.9
2048.49
22135.1
1873.48
38469.1
2124.04
26460.2
2230.11
39191.3
1984.96
22315.4
2766.44
40648.6
2890.71
26572.4
2792.8
39666.4
2958.31
22413.4
3089.78
41008.9
3461.79
26717.5
3674.36
40894.7
3130.3
22503.2
3039.65
40876
3047.58
26788.8
4407.27
42065.7
4243.44
22203.8
3555.28
41418.9
5036.03
26055.9
5646.34
42436.7
6271.68
22308.2
6458.08
42834.8
5926.06
26664.8
6181.29
39721.4
5958.1
22549.7
6559.97
43350.1
7367.94
27183.4
7930.85
41280.2
7638.56
22724.8
7802.45
42406
7124.02
27073.7
7416.19
43204.1
8156.2
22866.1
9076.24
44578.4
9743.44
26788.8
10358.3
44768.8
10236.4
23046.9
10307.9
44488
10005.6
27783.2
8588.5
44314.7
10421.6
23110.7
10737.8
45205.8
10662.6
27778.8
10814
45613.6
11340.3
23326.9
11570.6
45088.5
12081.8
28029.9
12099.9
41297.1
13154.7
23501.3
13580.9
44696.8
14198.9
28092.5
15025.2
45749.6
15978.3
23696.8
17604.9
46103.5
18040.9
28786.3
17691.8
46461
18627.8
23662.1
18733.8
46550.3
17191.6
28825.9
20498.5
46294
19476.1
24027.6
20225.1
46571.6
20493.2
29180.6
21026.1
45020.3
18434.1
24008.6
21698
45360
22721.4
29351.3
23657.5
43424.7
23197.5
23930.9
24656.2
45168.3
25032.8
28876
25574.8
45776.2
24524.2
24502.4
27283.3
45144.9
24755.2
29658.9
28498.6
46273.6
28943.9
24573.1
29562.8
44650.4
25945.4
29588.3
31944.3
45783.4
32208.3
24913.2
31611.6
45264.5
31075.1
29606.4
33195.6
45262.4
34356.4
25038
34580
45647
33865.3
29748.9
34412.6
45484.8
35595.8
25148.1
32086.5
44806.7
35031.4
29775.4
34103.9
45029
36438.5
25247.4
37822.7
45657.8
38922.7
30258.6
34.0232
37295.1
41523.7
39385.4
25525.6
34.9815
40811.6
36.1216
45372
47.3461
39583.3
134.116
30239.3
102.418
38390.7
68.0177
43529.4
139.087
38590.2
66.4804
25724.8
71.1067
41320
70.2766
44740.6
70.9501
38277.8
33.9049
30176
34.4116
38951.9
44709.5
38238.8
25943.7
42312
45110.6
41408.7
34.8792
30364.6
103.322
41568.6
204.722
43650.5
335.705
40919.5
341.33
26082.1
243.42
38872.2
237.853
44564
241.121
39482.9
212.448
30371.6
238.513
41973.3
237.541
44017.4
205.328
40762.6
208.06
26372.3
100.112
39201.6
43310.5
175.756
40597.4
301.536
30146.6
305.762
41595.7
331.451
44743.9
420.947
40702.8
388.204
26395.8
317.447
41754.7
316.539
43574.4
316.049
40972.2
172.315
30613.4
41686.4
104.94
43739.9
199.047
40780.6
204.201
26755.5
282.658
42676.5
246.192
43384
165.372
39318.3
208.752
30731.4
35.3649
41637
32.8495
44626.5
33.3785
39415.3
70.391
26708.6
192.959
39210.6
100.209
42452
130.802
40756.3
231.432
30903.6
167.043
43437.4
102.416
41545.5
54.2326
41084.4
27199.1
43507.1
69.5063
44786.4
170.417
43107.7
376.282
31117.4
659.862
43220.7
682.455
42265.5
624.796
42597.9
675.39
27463.3
1012.18
43801.9
1186.05
43344.7
1153.76
42152.2
1617.32
31318.9
1759.33
43010.4
2196.68
42130.8
2011.18
41341.4
1712.54
27588.8
1742.32
44076.4
1574.25
44145
1283.84
43179.9
1754.83
31782.4
1577.79
43567.5
1525.88
43738.8
1363.17
41002.9
1190.96
28082.7
1129.57
40059.7
1294.93
40769.9
1122.39
41256
750.883
31165.7
892.942
42946.3
799.24
43629
633.797
42043.6
656.152
27997.6
708.079
43066.9
949.893
43885.6
1048.94
42081.5
1432.58
31805.1
1651.35
42377.7
1976.72
43324.9
2081.38
41040.1
2583.37
28514.1
2697.34
42684.6
3025.79
42628.3
3373.31
41051.8
3854.22
31594.7
4077.43
42960.5
4190.85
43173.8
4458.73
41588.2
4600.63
28627.7
4854.78
42173.9
4721.45
42766
5503.49
42148.6
5675.84
31741.2
5951.52
43747
6052.77
41855.9
6835.3
41572
6959.41
28738.7
6973.08
42211.9
8276.95
41830.4
8123.76
42356.4
8008.46
32386.9
8215.74
42950
7838.63
42917.3
7402.07
40649.2
7207.79
29376.6
6784.37
41485
6588.02
41122.7
6768.94
40765.1
6156.5
32187.7
6714.9
43198
6827.73
41213.7
6737.79
40158.1
6700.92
29570.6
6560.48
42927
6122.7
43077.2
5610.15
41404.9
5529.94
32392.3
5380.97
42501.2
5178.65
42270.6
4688.46
40781.2
4973.9
29800.8
4746.14
42314.3
4657.54
42497.5
4434.73
42794.7
4760.88
32140.9
4675.88
41758.9
5414.78
42157.9
5417.73
42946.4
5460.56
29941.8
6108.66
41224
5958.6
41741.7
6460.06
41845.8
6305.94
32543.1
6440.49
41139.6
7094.74
42013.2
8029.5
38997.1
8710.74
30018.6
8926.62
39982.7
9628.56
42258
10881.8
40349.7
11723.9
32346.8
12532.8
40960.3
13696.1
42566.3
14227.3
40846.2
14736.5
30558.3
15044
37853.6
15441.2
42084.4
17779.5
41030.3
17432.4
32647.6
18068.3
40923.5
18131.5
42892.1
19088.9
39878.7
18211.6
30745.8
20227
41514.2
19854.7
42653.8
20503.8
38687.5
18890.9
32657
21250.6
40854.3
20852.1
42701.8
21510.7
41304.3
20304.8
30891.6
21811.6
41113.9
20395.3
42046.6
20840.8
40895.1
19701.9
32960.1
20293.1
40439.3
19834.6
41776.7
20045.3
40343.6
19903.4
30944.2
21524.5
41953.5
20078.1
42555.6
21301.2
39801.8
17016
33797.3
21179.6
41103
19614.2
42231.7
20894.2
40909.6
18835.6
31086.6
20180.5
40577.4
19679.6
42327.8
20958.7
40974.3
19807.8
33391.6
20797.3
38908.6
18831.3
41073
20762
39895
19598.6
31636.6
22024.6
41318.9
20886.5
42731.5
21780.4
40072
20263.9
34152.1
21692.5
40512.1
20357.6
41395.6
20809.3
39830.7
18506.4
31688.7
21272.9
40376.6
20575.7
41978.8
20291
38765.2
19687.7
33609.6
20959.5
38112.8
19516.1
39998
19937.9
37482.5
20228.2
32011.2
22110.3
39494.1
20168.9
40533.2
21417.9
39202.9
20109.2
33827.9
20204.1
38369.1
18807.1
41650.1
21023.1
39003.9
19725.2
32654.8
23456.4
40102.8
20937.8
41339.6
21612.1
38121.2
19773.3
34219.1
21360.8
38834.2
20491.9
41290.4
22126.1
39415.4
20551.4
32286.7
22655.8
39552.3
21888.3
40590.4
22184.2
38590.3
20432.9
34699.9
22576.1
38663.3
21208.9
41902.6
23418.4
38037.9
20585.7
32821.4
22915.3
38337.4
21050.7
40929.6
21203.9
36781.3
20376.9
34146.5
22446.4
38311.1
20312.1
41657.6
21437.7
36145.8
18465.1
32798.4
22495.1
38800.3
20735.3
41881.6
22335.1
38610.8
20090.3
34705.6
22167.5
38929
19936
40974.7
21511.4
38764
20110.5
33381
22513.4
39078.3
21312.6
41874
21701.8
37718.7
19788.1
34908.5
22457.3
38727.5
20795.1
40923
21694.5
37025.9
20456.5
33483
23475.7
39286.7
21866.6
42175.7
23478.7
37801.7
20752.6
35780.7
23586.5
37366.7
21043.6
41710.9
24113.7
39349.7
22245.4
33911.6
24171.7
39486.9
22829.5
41633.1
22567.3
37889.6
21772.3
35436.6
24400.4
37602.1
22227.4
42026.6
24937.9
39234
22240.7
34184.2
25760.1
39087.3
24151.7
41107.2
25665.2
37322.5
22776
35586
25428.2
37940.2
23289.2
41391.9
25649.4
37948.4
23713.3
34558.8
27048.9
39112.6
25336.4
41722.7
25823.4
38288.6
23717.8
36157.6
26753
38795.9
24022.6
41673.1
26291.2
38314.5
23891.9
34322.4
27527.3
36564.1
23848.3
41160.5
25873.2
37761.6
23194
35563.9
25772.1
37971.6
22867.8
40201.2
24319.6
35836.4
21843.4
34200.3
24756.2
37747.8
23594.3
39488.7
24928.2
37130.6
22538.5
35699.4
24123.7
35754.3
21875.6
41056.8
25290.2
38126.4
21892.5
34563.5
25263.1
36627.2
23413.5
40481.5
24357.9
36270.6
22245.6
36058.4
24327.2
37379.7
21337.6
39431.1
24218
36759.3
22120.9
35100
25627.6
36850.4
23412.1
40073.7
23305.2
37036.4
20725.3
35675.9
22095.9
34784.1
20771.8
41195.4
23605.6
37031.7
21110.8
35370.4
24152.8
37590.1
22165.6
40563.5
24232.4
35889.4
21427.1
36206.7
23551.7
36799.2
22019.6
39651.5
22671.1
35926.2
21796
35395.8
23222.1
35162.8
22990.4
40390.9
23600.7
36367.2
21671.9
35511.5
23881
34646.1
21351.1
40892.5
24293.2
36540.5
22613
34782.1
25947.7
36778.8
23914.2
40469.7
24707.2
35695.5
21746.9
36051.6
24309.1
35084.7
22072.3
41159
24689.5
35775.4
21987.8
35602.7
26414.2
37235.3
23577
40543.7
24462.9
34720.4
21842
35928.9
66.2409
24653.3
34.2767
35482.3
138.172
21860.8
179.55
40748.4
278.128
25527.7
248.439
34689.9
202.196
21487.8
34.5058
34796.1
25278
36.2899
35608.7
34.5219
22914
40846.5
25040.8
35687
45.8557
20984.4
33.3131
35782.1
137.147
24245.9
35827.2
65.1419
21254.7
204.906
40634.8
392.122
24724
1158.59
33722.6
2156.52
21345.1
3041.58
35506.5
4922.1
25682.5
5238.74
35608.9
5501.77
22044.6
5220.01
40370.1
6900.72
25206.1
6254.29
33932.9
6230.99
20816.3
5685.19
36778.5
7723.56
24083.4
7122.48
34885.2
6403.6
21255
6011.74
41157
8048.56
24921.6
7200.09
35952.7
6072.67
21542.9
5291.67
35744.5
6404.92
25600.2
5557.64
36633.5
5015.04
22197.8
4328.97
41656.5
4730.21
24409.2
4392.26
35722
3778.92
21258.5
2961.36
36950.6
3047.16
24166.2
2847.26
35901.1
2754.7
20790.5
2410.49
41783.3
3064.5
24457.4
3078.06
36143.4
3085.7
21056.3
2699.36
36225
2835.77
25905.7
2787.12
36567.5
2469.15
21548.2
2481.97
42008.9
2533.67
23858.3
2597.39
35823.1
2068.28
25741.8
2368.91
37480.4
2483.29
23944.3
2866.42
35139.3
2903.27
25162.1
3240.17
40814
3582.13
23808
3575.82
34957.8
3528.1
25327.4
3320.44
36276.2
2737.16
24738.7
2417.55
35326.1
2197.62
25444.9
1687.32
40837.7
1407.33
23938.6
1782.97
34806.6
1744.3
25457.4
1973.53
37222.5
1777.19
24072.6
1367.96
35215.5
1074.76
25358.9
624.737
41212.6
393.068
23990.9
174.907
34635.2
34.301
25266.9
69.1356
36480.3
243.111
24604.4
240.56
35668.3
425.396
25293.7
247.998
41297.7
69.7886
23934.1
104.166
37133.6
70.5161
23957
37374.8
23964.6
36942.1
23591
34.4787
41034
34.7431
23977.8
37029.3
24110.3
139.416
36737.6
276.732
24855.2
893.087
36937.2
1164.07
24084.7
1330.82
41052
1627.57
24364.1
1704.14
36920.9
1827.3
23962.7
1979.22
37448.6
1854.78
24105.3
2082.04
36668.8
2459.99
24501.5
2913.73
41490
3591.23
24534.3
4159.72
36979.5
4977.74
24240.8
5063.93
36828.9
5469.98
25158.3
5255.35
36547.6
5373.78
24313.6
4629.98
40759.7
4879.19
24794.3
4457.91
37110.3
4234.66
24849.9
3666.21
37885.8
3226.39
24608.7
2954.85
36605.5
2884.64
24584.9
2564.85
40931.7
2441.95
24460.4
2103.84
36402.2
1616.73
24442.7
1335.83
36949.3
840.619
25468.3
594.276
36997.8
486.797
25053.1
315.328
41137.9
174.544
24774
240.855
36478.7
442.509
24796.9
910.863
37753.9
1376.3
24746.2
1630.59
36444
1488.39
25176.4
1030.25
41214.7
793.572
24663.8
919.338
36449.2
1332.4
24793
1559.57
37366.3
1940.44
25714.1
2331.16
36535.4
2481.17
24861.8
2743.91
41061.9
2806.22
24736.8
2911.12
36476.2
3051.78
24634.9
2925.54
38018.2
2767.55
24736.6
2735
36376.3
2680.24
24749
2331.1
40948.1
2017.07
24591.6
1882.6
36216.1
2022.59
24696.1
1652.31
37294.3
2125.99
25433.6
2237.55
36242.1
2420.15
24466.5
2321.82
40731
2208.16
24911.1
1661.98
36277.7
1916.41
24733.1
2071.86
38190.1
1841.03
24701.9
1931.29
36016.7
2011.7
24802.6
1939.38
40904.9
1715.61
24706.8
1294.93
36257.6
1483.89
25007.9
2066.14
37885.4
2521.84
25316.3
2821.6
36215
2044.03
24753
2103.51
40943.7
2382.85
24851
2554.18
36263.3
2656.36
25154.8
1928.72
38984.4
2200
25216.4
2087.2
36351.3
2258.28
25193.7
2287.38
41024.5
2872.2
25098
2851.62
36917.9
3611.38
25233.8
3306.7
37781.7
3518
26172.3
3833.61
36682
4070.68
25419
4207.03
40583.1
4804.19
24970.4
4907.27
36418.1
5775.31
25069.1
5656.6
38382.1
6336.67
25234.9
6325.06
36769.4
7377.63
24897.1
6807.65
40532.6
7694.76
25490.6
6813.35
36940.1
7388.29
25085.5
6795.27
37900.7
7554.92
25384.9
6779.18
36146.7
6987.99
24790.5
6410.92
40388.7
6957.34
24314.5
6305.79
35954.5
6309.15
24060.9
5811.44
37987.8
6184.48
24231.5
5654.87
36085.3
6211.58
24152.1
5770.79
40205.6
6223.62
24110.5
5850.25
35810
6237.29
24038.5
5770.43
37420.8
6513.5
24955.8
6505.19
36247.5
7148.05
23964.1
6359.76
40243.9
7137.11
23899.5
6553.85
35911.3
7394.22
23729.2
6719.01
38098.8
7765.99
23837.9
7158.69
36221.9
8370.24
23805.2
7441.23
40168.7
8311.7
23641.5
7450.63
35971.9
8467.39
24004.7
7585.69
37848.3
8765.16
24657.1
8049.29
36830.1
8668.9
24162.9
7856.57
40407.9
8825.65
23870.7
7967.23
36043
9216.35
24034.1
8439.44
38375.2
9619.42
23889.7
8473.23
36261.2
9594.97
23801.8
8345.38
40170.1
8692.95
23727
7286.77
36301.7
7815.99
23762
6676.71
37878.5
7396.94
24964.2
6754.49
36368.5
6785.35
23481.4
6074.32
40069.6
6910.32
23603.2
6761.88
36053.8
7601.8
23685.1
6745.36
38531.4
7501.37
23990.2
6681.84
36106.9
7356.36
23933.8
6697.47
40041.5
7475.66
23787.4
6753.09
36093.1
8110.54
24053.8
7402.83
38475.8
9573.92
25134
8591.29
35992
9457.52
23829.3
8131.41
39849.9
9940.16
23834.5
8410.75
35784.7
10097.7
23914.3
8369.99
38372
10247
24192.9
8371.37
35611
10005.8
23932.8
8224.88
39769.5
9948.57
24054.2
8252.57
35631.9
9987.67
24114.8
8423.4
37874.8
11231.5
25070.1
9921.85
35704.1
11633.6
24205.1
9973.73
40163
12463
24389.7
10670.6
35512.4
13118.4
24096.7
10794.9
38295.7
13051.4
24384.9
10580.5
35685.6
12509.4
24508.6
10387.8
39660.4
12229.6
24325.1
10291.9
35477.3
12552
24538.3
10652.3
38281.5
13561.5
25620.3
11513.1
35443.3
12583.3
24424.9
10391.5
39634.6
12396
24442.7
10345
35590.5
12455.9
24551.9
10227.5
38725.5
12052.7
24887.8
9823.27
35878.8
11328.2
24673
9215.41
39494.7
10473.1
24513.7
8647.21
35378
9690.12
24578.1
8258.61
37948
10163.2
26116.1
8618.06
35689.7
8891.51
24859.7
7556.38
39485.3
8730.91
24647.7
7463.88
35372
8674.82
24557
7560.81
38533
8713.45
24532.5
7526.25
35385.3
8944.95
24571.8
7678.92
39361.2
8840.01
24476.7
7653.37
35477
8887.27
24519.5
7610.91
38337.7
9556.01
25553.5
8439.94
35452.3
9008.23
24177.9
7737.16
39414.2
8893.22
24379.6
7735.35
35201.1
8874.46
24275
7604.59
38741.6
8731.92
24249.5
7664.76
35464.4
8878.21
24229.5
7651.59
39441.8
9099.66
24227.2
8045.82
35389.1
9458.26
24118.1
8123.8
38688
10303.4
25581
8998.1
35822.1
9882.14
24352.2
8483.88
39733.3
9944.63
24255
8448.67
35636.4
9944.16
24106.6
8506.01
38747.2
10327.3
24121.4
8813.48
35306.7
10551.6
23870.6
8885.36
39278
10440.1
23844.1
8882.35
35131.1
10521.1
23641.5
9053.51
38417.1
11329.4
24910.9
10055.1
35517.4
10984.6
23603.8
9472.2
38762.9
10973.6
23436.8
9417.56
35544.5
10656.2
23509.2
9191.37
38087.9
10684.5
23779.6
8816.27
35825.5
9684.93
23536.4
8285.88
38875.9
9319.78
23388.9
7999.47
35795.6
9417.27
23342.9
8342.89
38113.7
9893.42
24241.6
8931.45
35665.5
9758.66
23516.7
8581.86
39170
9646.6
23155.3
8740.31
35774.2
10229.6
23193.4
9439.29
38372.1
11452.7
23420.4
10121.3
36115.8
11693.3
23239.6
10400.1
39154.4
11913
23012.4
9921.54
36146.7
11298
23067
9252.08
38104.1
11460.4
24184.9
10071.9
35520.5
11062.1
22866
9190.82
38462.7
11215
22836.9
9222.18
35560
11594.2
22911.5
9332.03
37689.1
11886.6
23207.5
9446.93
35086.8
11836.6
23039.5
9359.41
37600.1
11878.2
23061.6
9322.67
35085.9
11931.1
23053
9392.72
37574
13396.7
24502
10704.5
35191.1
12168.6
23187
9586.87
37768.1
12252.3
23140.2
9574.85
35172
12288.8
23143.9
9654.13
37911.6
12282.7
23316.8
9748.85
35390.2
12515.6
23363.7
9909.83
37919.7
12599.6
23235.5
9824.86
35332.7
12550.4
23207.7
9685.9
37552.9
13847.3
24588
10859.6
35324.3
12450.3
23219.9
9448.92
37229.4
12712.8
23871.3
9604.73
34539.5
12685.4
23838.4
9547.31
37796
12806.4
23950.1
9632.65
34480.5
12481
23393.5
9566.82
37168.9
12508.9
23623.8
9531.63
34404
12575.5
23543
9591.46
37740.6
13887.2
24493.1
10773.5
35125.9
12381.2
23034.3
9492.9
37240.2
12458.3
23549.4
9498.56
34399.9
12471.1
23590.8
9572.74
37887.7
12451.7
23597
9534.71
34382.6
12361.3
23545
9558.45
37162.8
12439.5
23548.9
9685.46
34331.2
12564.1
23539.1
9803.4
38250.2
13816.2
24326.5
11243.5
35196.7
12693.1
23009.4
10011.6
37955.8
12690.2
22980.7
10085.7
35012
12616.5
22931
10037.8
38391.2
12707.4
22906.4
10213.5
35165.8
12710.2
22893.4
10394.8
37653.6
12883.2
22861.1
10535.5
34903.8
12880
22676.6
10377.8
38442
13958.8
24181
11823.5
35724.6
12921.2
22741.9
10601.1
37860
12828.5
22889
10777
34826.6
13063
22873.3
10745.6
38615
12387.4
22821.5
10573.3
34980.7
12574
22840.1
10513.2
37810.9
12589
22826.3
10796.2
34905.1
13262.5
22798.2
11356.6
38538.5
14740.9
24165.3
12575.1
35574.7
13824.6
22598.9
11528.8
37599.1
13730.7
22588.6
11300.7
34862.1
13581
22658.6
10838.4
38396.9
13088.9
22729.1
10473.5
34673.3
12710.2
22658.7
10303.3
37520.1
12558.8
22736.5
10084.2
34598.9
12264.4
22702.4
10049.8
38379.7
13292.5
24208.2
11168.7
35581.6
12329.4
22724.8
10008.2
37242.9
11857.8
22764
9667.16
34536.5
11571.3
22719.8
9448.54
38314.1
11668.8
22818.9
9395.88
34152.6
11148.2
22719.9
9396.1
37205.3
11610.5
22867.6
9591.11
34311.9
11829.7
23138.1
9781.28
38569.5
13004.3
24196.2
11210.5
35283.2
12836
22973.7
10655.6
37379.8
13210.5
23147.7
10882.7
34341.4
13537.4
23072.3
11021.2
38131.4
13736.2
23000.1
10882.1
34157.6
13356.1
23023.9
10708.6
37111.4
13109.3
22980.3
10492.9
33883.3
12788.8
22866.5
10233.2
38302.3
13947.5
24555.8
11157.2
34943
12194.2
22998.7
9613.78
37038.8
12055.2
23019.2
9657.1
34023.5
11991.8
23086.1
9548.26
38333.3
11909.6
23200.7
9509.15
33946.4
11872.2
23169.6
9451.21
37021.1
11735.2
23070.2
9313.93
33876.3
11665.2
23212.1
9192.78
38346.5
12549.1
24373
10147.4
34567.4
11296.9
23124.1
8882.39
37035.9
11367.6
23346.7
8830.29
33918.5
11372.1
23325.6
8815.76
38332.9
11535.9
23489.5
9068.64
34327.7
12033.5
23619.6
9321.38
37015.2
12153.8
23800.8
9523.09
33737
12241.1
23511.8
9501.87
38406.1
14030.7
25428.3
11063.1
34778.3
12385.7
23548.5
9520.14
36926.7
12274.9
23876.3
9607.15
33902.7
12269.5
23776.4
9507.88
38379.2
12530.4
24296.1
9743.44
34322.1
12505
24116
9613.91
36964.3
12388.5
24112
9578.53
33686.1
12361.8
24110
9479
38649.3
13610.5
25406.3
10754
34450.2
12223.1
23935.7
9466.47
36994.5
12237
24167.8
9514.34
33758
12237.6
24224
9523.04
38700.1
12510.4
24381
9613.69
34382.2
12456.8
24611.4
9678.58
36825.7
12128.7
24154.3
9469.79
33585.4
12119.4
24344.1
9689.17
39439.6
13455.4
25594.3
10859.7
34447.7
12351.8
24092.6
9675.81
37747.2
12313.9
24172.6
9536.7
34415.4
12170.7
24091.5
9419.2
39263.3
12382.9
24218.8
9457.84
34373.6
12137
24233.2
9356.8
37730.7
12125.9
24222.2
9477.58
34256.5
12244
24206.4
9566.97
39120
13594.9
25670.4
10799.4
34243.4
12318.4
24087.6
9579
37542.2
12435.3
24154.3
9621.3
34193.7
12406.6
24143.3
9631.96
39048.2
12600.6
24202.2
9682.78
34382.3
12678.4
24058.6
9706.02
37813.6
12833.6
24084.3
9927.13
34493.4
12964.2
24299.8
10032.8
39504.1
14860.1
25951.8
11682.2
34541.2
13584.1
24454
10505.9
37970.1
13657.8
24016.7
10519.6
34441.2
14106.3
24295.2
10940.6
39461
14093.7
24266
10821.8
34518.1
13991.2
24273.8
10667.9
37820.2
13869.1
24457.3
10581.5
34300.2
13579.3
24239
10482.2
39579.6
15065.4
25921.6
11978.5
34752.5
13387.2
24163.1
10389.9
37844.2
13239.3
24184.1
10195.1
34404.4
12902.7
24111.5
10002
39497.3
12741.6
24117.4
10048.7
34604.2
13155.7
24419.1
10224.2
37896.5
12791.4
24007.4
9896.64
34144.9
12729.5
23938
9771.98
39422.2
14180
25713.4
11109.9
34524.6
12750.9
24116.3
9648.25
36729.9
12525.2
24281.1
9652.33
33646.6
12442.1
24365.3
9656.33
38999
12590.2
24031.1
9666.69
33655
12763.5
24106.3
9858.47
36844.8
12957.7
24170.6
9884.88
33724.2
12709
23983.7
9784.19
38979.6
14005.2
25425.9
11123.4
34371.8
12594
23923.3
9656.64
36631.1
12331.2
23872.3
9408.29
33437
12133.2
23627.8
9223.57
38761.9
12105.9
23843.5
9234.56
33429.2
11918.6
23686.5
9173.36
36618.2
11918.1
23770.9
9146.94
33430.9
12009.8
23705.1
9147.97
38999.1
13497
25210.5
10608.3
33664.5
12229.2
23791.7
9215.44
36586.3
12110.2
23714.7
9321.57
33279.1
12129.2
23518.9
9244.43
38937.2
12346.3
23828.6
9477.78
33637.6
12539
23792.7
9610.29
36909.1
12697.7
23705.6
9586.06
33092
12610.5
23450.4
9690.16
38833
14237.6
24743.7
11161.3
33295.3
12932.4
23573.5
9878.26
36763.8
13172.8
23744
10093.2
33703
13148.5
23731.5
10099.5
38597.9
13162.7
23572.8
9958
33151.2
13107.7
23444.7
10004.7
36374.2
13094.6
23419.9
10001.9
33128.4
13048.3
23463.3
9887.36
38870.2
14646
24990.2
11171.8
33184.1
12850.4
23439.5
9743.84
36367.1
13053.6
23698.3
9762
33150.4
12919.8
23398.1
9854.23
38718.2
13348.2
23518.3
10000.6
33296.9
13222.8
23396.4
9908.02
36463.8
13147.2
23511.2
9930.28
33255.9
13112
23462.8
9836.14
38995.3
14744.6
24956.1
11153.2
33190.3
13015.8
23377.9
9712.26
36342.8
12875.3
23329.8
9642.63
33113
12846.7
23398.6
9694.96
38644.3
12813.8
23512.4
9550.19
33460.4
12691.9
23689.9
9492.24
36744.9
12580.5
23619.4
9375.77
33590.9
12648.2
23685.7
9380.22
39566.1
14308.3
24798.4
10607.1
33300.8
12430.4
23192.4
9079.38
35621.1
12570.5
23541.1
9250.5
32612.4
12643.7
23531.5
9306.27
38585.2
12726.4
23720.4
9340.85
32641.2
12508.7
23450.7
9198.5
35742.3
12710.2
23473.8
9356.52
32649.2
12852.7
23435.2
9648.43
38901
14870.9
24528.7
11231.4
32983.8
13393.5
23218.7
9737.09
35532.8
13152.6
23233.4
9756.53
32515.1
13267.7
23215.8
9757.51
38168.2
13572.6
23554.1
9833.78
32719.7
13359.6
23284.9
9697.58
35645.2
13272.9
23297.6
9574.73
32497.4
13059.3
23079.6
9586.09
38876.9
14883.1
24479.6
10987.6
32594.6
12938.9
23058.7
9516.86
35395.5
13222.8
23265.3
9568.07
32693.2
13177.4
23176.7
9630.52
37801.6
13111.8
23168.4
9601.21
32446
13170.9
23190.3
9600.3
35095.1
13060.8
23105.5
9608.58
32269.1
13106
22977.1
9564.07
38287.9
14958.6
24660.4
11075.9
32509
13055
22746.3
9539.98
35432
13339.9
23134.8
9602.6
32316.1
13132.3
22837.1
9587.46
37975.9
13108
22816.2
9561.19
32360.3
13139
22815.9
9522.21
35181.4
13334.6
22657.6
9368.89
32316.4
13005.2
22734.7
9411.48
38434.1
14962.7
24271.8
10995.5
32609.6
12935.8
22538.3
9343.17
35071.5
12942.5
22710.7
9387.78
32097.7
12810.6
22523.6
9277.83
38010.7
12812
22631.3
9210.55
32142.5
12487.8
22495.1
9054.65
34886.2
12447
22562
9060.48
31998.4
12429.1
22422
9057.37
38222.7
14455.3
24138.4
10730.8
32324.1
12654.1
22350.3
9209.56
34842.7
12814.1
22588.4
9260.83
32098.2
12699
22454.3
9238.3
37803.6
12599.7
22524
9149.08
32011.6
12793.5
22706.9
9254.33
35394.5
12629.7
22744.1
9157.78
31945.3
12375
22534.4
9115.34
38420.9
14292.3
24404.2
10709.8
32634.7
12426.9
22705.5
9211.84
35062.4
12448.8
22561.4
9126.84
32186
12529.6
22793.2
9211.25
38014.8
12435.9
22661.5
9219.94
32115.9
12463.4
22567.2
9145.36
35021.9
12745
22744.5
9103.31
32133.5
12365.8
22798
9204.49
39096.9
14429.1
24552.4
10720.9
32925.7
12745.2
22867.6
9361.54
35160.5
12673.7
22653.8
9357.58
32183.4
12781.8
22681
9343.29
37890.9
12678.6
22615.3
9157.68
32104.8
12387.3
22612.8
9069.15
34961
12487.4
22628
9045.31
32057.4
12476.6
22549
8918.87
38786
14272.3
24151.7
10460.9
32381.6
12447.5
22368.5
8858.39
34874.4
12553.4
22878.2
8961.89
32267
12415.8
22724.6
8943.53
38044.3
12314.8
22761.5
8807.2
32094.9
12433.1
23007.6
9083.18
35318.8
12625.9
22893.4
9064.49
31916.7
12529.4
22773.4
9051.46
38462.3
14577.9
24658
10648.7
32265.8
12586.2
22730.9
9069.44
34735.6
12700.3
22914.1
9138.45
32067.2
12957.4
23236.8
9239.61
38061.9
12889.6
23273.9
9308.8
32644.6
12896.3
23212.1
9275.2
35476.8
12872
22948
9277.78
32028.4
12750.1
22908.6
9237.28
38822.8
14470
24437.8
10864.4
32793.6
12720.3
22773.7
9143.86
35072.8
12602
22921.1
9085.33
32158.2
12571.5
22789.5
9116.68
38142
12809.6
22871.1
9363.71
32113.8
13010.4
22821.9
9572.61
35058.3
13305.7
22861
9676.08
32140.2
13490.3
22879.7
9910.04
38811.1
15451
24580.9
11630.5
32802.5
13678.1
22702.2
10040.5
35376.7
13911.5
22945.2
10033
32157
13656.3
22843.7
9913.22
38137.1
13619.6
22904.4
9882.27
32100.9
13408.1
22722.3
9724.85
35099.2
13430.2
22862.1
9748.14
32250.1
13341.7
22861.6
9660.84
39002.8
15495
25001.1
11305.2
32956.3
13182.6
22581.8
9540.67
35182.4
13178.4
22762.6
9569.7
32114.2
13498.9
23301.6
9703.36
38305.3
13019
22597.2
9456.15
31865.6
13044.2
22594
9481.22
34910.6
13119.3
22520.6
9482.57
31958.5
13171.3
22357.4
9524.03
39410
15134.6
24226.4
11214.3
32574.4
13269.6
22672.6
9612.33
35314.7
13233.1
22882.3
9508.52
32403.8
13075.1
22865.9
9393.29
38214.9
12702.4
22396.6
9148.27
31873.3
12505.3
22409.1
9049.06
35104.6
12491.9
22250.9
8913.99
31404.6
12269.9
22159.7
8827.38
38362.6
14139.5
23782.2
10503.6
31927
12148.7
21994.3
8906.71
34563.3
12390.4
22245.8
8935.67
31593.2
12440
22190.9
9167.94
37784.1
12553.6
21988.8
9076.89
31420.7
12701.8
21964.9
9182.7
34489.2
13101.1
22796.2
9428.61
32148.6
13006.9
21926.5
9214.1
38361.2
14710.1
23442
10833.8
32018.9
12869.3
21705
9207.77
34389.5
12669.2
21734.1
9028.95
31485.1
12610
21707.3
9042.71
37510.9
12433.8
21646.1
8896.52
31655.8
12499.1
21750.5
8881.24
34374.9
12328.5
21637
8952.86
31769
12414.3
21484.6
8814.1
38399.5
14484.4
23397.7
10301
31835.9
12223.5
21414.1
8695.78
34172.5
12138.2
21511.7
8580.19
31155.2
11773
21463
8264.47
37184.8
11622.2
21387.2
8239.75
31109.5
11628.5
21607.8
8207.79
34064.3
11562.3
21521.7
8061.46
30800.1
11377.4
21131.8
8025.33
37965
13247.3
23021.5
9554.58
31362
11330.2
21162.4
8051.46
33671.6
11296.7
21252.9
8007.44
30790.7
11474.8
21265.3
8190.27
36601.3
11458.3
21262.5
13513.2
31472
11430.8
21070.3
13625.4
34710.4
11549.8
21179.6
13686.4
31773.5
11398.4
21156.2
13579.5
38960.1
13571.6
23062.6
9409.92
30582.4
11411.4
21033
13773.6
34574.5
11545.7
20787.5
13933
31494.7
11604.5
20740.2
14092.1
37686.6
11556.4
20779.3
14053
31567.8
11480.6
20776.9
14151
34736.6
11424.8
20912
13895.5
31585
11343.6
20781.7
13764.6
39083.9
13680.4
23190.1
9191.96
30321.7
11296.9
21064.5
13668.4
34367.4
11330
20783.9
13677.3
31266.8
11306.2
20752.5
13728.5
37450.2
11328
20707.9
13648.2
31113.3
11408.6
20591
13674.3
34545.8
11523.3
20708.1
13575.3
31348.2
11488.5
20806.8
13740.8
38973.9
13719.4
22995.7
9389.14
30645.2
11488.2
20909.2
13763.2
34450.9
11546.6
20583.4
13734
31236.2
11705.6
20694.9
13807.2
37644.2
11517.1
20603.4
13837.2
31295.2
11679.3
20684.6
13998.2
34386.9
11815.8
20689.8
14154
31237.4
11911.6
20636.4
14232.6
38803.7
14364.4
22897.8
9962.42
30947.9
12217.8
20814.4
14597.2
34916.6
12265.2
20627.6
14621.2
31570.3
12536.6
20926.5
14760.3
38500.1
12409.5
20916.2
14711.8
31826.6
12209
21007.8
14449.7
35009.5
12131.7
20786
14387.5
31623.1
12088.1
20818.3
14250.2
39511.1
14256.3
22942.6
9807.51
31289.5
11864
20909.5
14009.4
35215.4
11744.1
20891.8
13940
31822.7
11802.9
20992
13962.2
38450.2
11743.3
20796
13684.5
31741
11582.7
20630.8
13623
35130.9
11317.8
20725
13627.6
31566.8
11426.4
20444.6
13475.2
39389.3
13694.3
22744.8
9592.64
31159.8
11756
21051.4
14003.5
34588.7
11696.8
20523.4
13764.1
31348.7
11609.7
20524.4
13743.6
37835.7
11582.6
20466.5
13658.8
31249.7
11512.3
20424.4
13812.9
34619.1
11581.5
20320.4
13734.4
31258.3
11453.8
20226.7
13682.1
39324.4
13950.8
22257.5
9491.32
30708.2
11609.1
20433.8
13924.2
34608
11608.8
20287
13940.1
31458
12035
20492.4
14425.6
37807.5
12141.4
20215.5
14696.1
31083.2
12371.8
20178.9
14987.7
34511.4
12538.2
20147.3
14892.2
31097.2
12549.9
20092.1
14899.5
39173.3
15131.5
22315
10167.8
30486.7
12317
20135.4
14540.1
33661.9
12141
19978.5
14488.9
30665.4
11983.6
19923.9
14279.5
36989.3
11865.1
19902.3
14154
30612.3
11641.6
19824.4
14201.3
33646.5
11442.3
19830.2
13786.7
30578.4
11222.5
19713.4
13695.5
38542.1
13623.1
21687.7
8689.38
29996.9
11017.4
19825.6
13517.4
33718.2
10791.6
19567.2
13454.6
30645.3
10986.4
19536.8
13318
36935.7
10626.6
19460.7
13125.3
30534.1
10604.4
19504.1
13014.1
33599.5
10489.6
19455.3
12946.7
30412.6
10433.6
19305.5
12892.1
38519.4
