1.00385
1.00385
1.00385
1.00385
1.00385
1.00385
1.00385
1.00385
1.00385
1.00385
1.00385
1.00385
1.00385
1.00385
1.00385
1.00385
1.00385
1.00385
1.00385
1.00385
1.00385
1.00385
1.00385
1.00385
1.00385
1.00385
1.00385
1.00386
1.00386
1.00387
1.00387
1.00388
1.00388
1.00389
1.0039
1.00391
1.00391
1.00392
1.00394
1.00395
1.00398
1.00401
1.00404
1.00408
1.00412
1.00414
1.00418
1.00421
1.00423
1.00425
1.00426
1.00428
1.0043
1.00432
1.00434
1.00437
1.0044
1.00443
1.00445
1.00448
1.00452
1.00455
1.00459
1.00465
1.00471
1.00479
1.00485
1.00492
1.005
1.00509
1.0052
1.00529
1.00542
1.00552
1.00566
1.0058
1.0059
1.00597
1.00603
1.0061
1.00618
1.00625
1.0063
1.00637
1.00637
1.00644
1.00646
1.00646
1.00646
1.00656
1.00661
1.00661
1.00661
1.0067
1.00673
1.00673
1.00673
1.00682
1.00686
1.00686
1.00686
1.00696
1.00698
1.00698
1.00698
1.00705
1.00707
1.00707
1.00707
1.00718
1.00721
1.00721
1.00721
1.00731
1.00735
1.00735
1.00735
1.00735
1.00744
1.00747
1.00747
1.00747
1.00747
1.00747
1.00747
1.00747
1.00758
1.00758
1.00758
1.00758
1.00758
1.0077
1.00773
1.00773
1.00773
1.00783
1.00787
1.00787
1.00787
1.008
1.00803
1.00803
1.00803
1.00813
1.00816
1.00816
1.00816
1.00826
1.0083
1.0083
1.0083
1.00841
1.00845
1.00845
1.00845
1.00854
1.00859
1.00859
1.00859
1.0087
1.00873
1.00873
1.00873
1.00873
1.00873
1.00873
1.00873
1.00884
1.00886
1.00886
1.00886
1.00886
1.00896
1.00898
1.00898
1.00898
1.00898
1.00898
1.00898
1.00898
1.0091
1.00911
1.00911
1.00911
1.00911
1.00911
1.00911
1.00911
1.00924
1.00926
1.00926
1.00926
1.00926
1.00926
1.00926
1.00926
1.0094
1.00943
1.00943
1.00943
1.00943
1.00943
1.00943
1.00943
1.00954
1.00956
1.00956
1.00956
1.00956
1.00956
1.00956
1.00956
1.00967
1.00968
1.00968
1.00968
1.00968
1.00968
1.00968
1.00968
1.0098
1.00981
1.00981
1.00981
1.00981
1.00981
1.00981
1.00981
1.0099
1.00992
1.00992
1.00992
1.00992
1.00992
1.00992
1.00992
1.01004
1.01007
1.01007
1.01007
1.01007
1.01007
1.01007
1.01007
1.01018
1.01019
1.01019
1.01019
1.01019
1.01019
1.01019
1.01019
1.01032
1.01033
1.01033
1.01033
1.01033
1.01033
1.01033
1.01033
1.01042
1.01044
1.01044
1.01044
1.01044
1.01044
1.01044
1.01044
1.01052
1.01053
1.01053
1.01053
1.01053
1.01053
1.01053
1.01053
1.01062
1.01063
1.01063
1.01063
1.01063
1.01063
1.01063
1.01063
1.01071
1.01073
1.01073
1.01073
1.01073
1.01073
1.01073
1.01073
1.01082
1.01084
1.01084
1.01084
1.01084
1.01084
1.01084
1.01084
1.01092
1.01093
1.01093
1.01093
1.01093
1.01093
1.01093
1.01093
1.01105
1.01106
1.01106
1.01106
1.01106
1.01106
1.01106
1.01106
1.01114
1.01117
1.01117
1.01117
1.01117
1.01124
1.01124
1.01124
1.01128
1.0113
1.0113
1.0113
1.01136
1.01136
1.01136
1.01136
1.01146
1.01147
1.01147
1.01147
1.01153
1.01153
1.01153
1.01153
1.01162
1.01164
1.01164
1.01164
1.01168
1.01168
1.01168
1.01168
1.01175
1.01177
1.01177
1.01177
1.01184
1.01184
1.01184
1.01184
1.01193
1.01195
1.01195
1.01195
1.01201
1.01201
1.01201
1.01201
1.01208
1.0121
1.0121
1.0121
1.01219
1.01219
1.01219
1.01219
1.01229
1.0123
1.0123
1.0123
1.01237
1.01237
1.01237
1.01237
1.01246
1.01246
1.01246
1.01246
1.01253
1.01253
1.01253
1.01253
1.01259
1.0126
1.0126
1.0126
1.01269
1.01269
1.01269
1.01269
1.01277
1.01279
1.01279
1.01279
1.01285
1.01285
1.01285
1.01285
1.01294
1.01296
1.01296
1.01296
1.01303
1.01303
1.01303
1.01303
1.01314
1.01315
1.01315
1.01315
1.01321
1.01321
1.01321
1.01321
1.01327
1.0133
1.0133
1.0133
1.01337
1.01337
1.01337
1.01337
1.01346
1.01368
1.01368
1.01368
1.01361
1.01361
1.01361
1.01361
1.01351
1.01346
1.01346
1.01346
1.01338
1.01338
1.01338
1.01338
1.01327
1.01323
1.01323
1.01323
1.01315
1.01315
1.01315
1.01315
1.01304
1.01301
1.01301
1.01301
1.01295
1.01295
1.01295
1.01295
1.01282
1.01279
1.01279
1.01279
1.01272
1.01272
1.01272
1.01272
1.01272
1.01259
1.01258
1.01258
1.01258
1.01258
1.01258
1.01258
1.01258
1.01249
1.01249
1.01249
1.01249
1.01249
1.01249
1.01249
1.01249
1.01238
1.01236
1.01236
1.01236
1.01236
1.01236
1.01236
1.01236
1.01226
1.01226
1.01226
1.01226
1.01226
1.01214
1.01211
1.01211
1.01211
1.01211
1.012
1.012
1.012
1.012
1.012
1.012
1.012
1.012
1.01189
1.01188
1.01188
1.01188
1.01188
1.01188
1.01188
1.01188
1.01178
1.01178
1.01178
1.01178
1.01178
1.01178
1.01178
1.01178
1.01168
1.01167
1.01167
1.01167
1.01167
1.01167
1.01167
1.01157
1.01157
1.01157
1.01157
1.01157
1.01157
1.01157
1.01157
1.01145
1.01143
1.01143
1.01143
1.01143
1.01143
1.01143
1.01143
1.0113
1.0113
1.0113
1.0113
1.0113
1.0113
1.0113
1.0112
1.01118
1.01118
1.01118
1.01118
1.01118
1.01118
1.01118
1.01106
1.01106
1.01106
1.01106
1.01106
1.01106
1.01106
1.01106
1.01094
1.01093
1.01093
1.01093
1.01093
1.01093
1.01093
1.01093
1.01081
1.01081
1.01081
1.01081
1.01081
1.01081
1.01081
1.01064
1.0106
1.0106
1.0106
1.0106
1.0106
1.0106
1.01052
1.01052
1.01052
1.01052
1.01052
1.01052
1.01052
1.01052
1.01042
1.0104
1.0104
1.0104
1.0104
1.0104
1.0104
1.0104
1.0103
1.0103
1.0103
1.0103
1.0103
1.0103
1.0103
1.0103
1.01016
1.01014
1.01014
1.01014
1.01014
1.01014
1.01014
1.01014
1.01003
1.01003
1.01003
1.01003
1.01003
1.01003
1.01003
1.01003
1.00989
1.00987
1.00987
1.00987
1.00987
1.00987
1.00987
1.00987
1.00974
1.00974
1.00974
1.00974
1.00974
1.00974
1.00974
1.00974
1.00961
1.0096
1.0096
1.0096
1.0096
1.0096
1.0096
1.0096
1.00948
1.00948
1.00948
1.00948
1.00948
1.00948
1.00948
1.00948
1.00934
1.00934
1.00934
1.00934
1.00934
1.00934
1.00934
1.00934
1.0092
1.0092
1.0092
1.0092
1.0092
1.0092
1.0092
1.0092
1.00904
1.00901
1.00901
1.00901
1.00901
1.00901
1.00901
1.00901
1.0089
1.0089
1.0089
1.0089
1.0089
1.0089
1.0089
1.0089
1.00881
1.0088
1.0088
1.0088
1.0088
1.0088
1.0088
1.0088
1.00868
1.00868
1.00868
1.00868
1.00868
1.00868
1.00868
1.00868
1.00861
1.00858
1.00858
1.00858
1.00858
1.00858
1.00858
1.00858
1.00847
1.00847
1.00847
1.00847
1.00847
1.00847
1.00847
1.00847
1.00836
1.00835
1.00835
1.00835
1.00835
1.00835
1.00835
1.00835
1.00825
1.00825
1.00825
1.00825
1.00825
1.00825
1.00816
1.00816
1.00811
1.00811
1.00811
1.00811
1.00811
1.00811
1.00803
1.00803
1.00801
1.00801
1.00801
1.00801
1.00801
1.00801
1.00793
1.00793
1.00789
1.00787
1.00787
1.00787
1.00787
1.00787
1.0078
1.0078
1.00776
1.00776
1.00776
1.00776
1.00776
1.00776
1.00763
1.00763
1.00761
1.0076
1.0076
1.0076
1.00751
1.00751
1.00751
1.00751
1.00745
1.00745
1.00745
1.00745
1.00739
1.00739
1.00739
1.00739
1.00731
1.0073
1.0073
1.0073
1.00723
1.00723
1.00723
1.00723
1.00716
1.00716
1.00716
1.00716
1.0071
1.0071
1.0071
1.0071
1.00704
1.00702
1.00702
1.00702
1.00699
1.00699
1.00699
1.00699
1.00691
1.00691
1.00691
1.00691
1.00687
1.00687
1.00687
1.00687
1.0068
1.00678
1.00678
1.00678
1.00674
1.00674
1.00674
1.00674
1.00669
1.00669
1.00669
1.00669
1.00661
1.00661
1.00661
1.00661
1.00654
1.00654
1.00654
1.00654
1.00651
1.00651
1.00651
1.00651
1.00644
1.00644
1.00644
1.00644
1.00639
1.00639
1.00639
1.00639
1.00631
1.00628
1.00628
1.00628
1.00624
1.00624
1.00624
1.00624
1.00618
1.00618
1.00618
1.00618
1.00612
1.00612
1.00612
1.00612
1.00607
1.00607
1.00607
1.00607
1.00604
1.00604
1.00604
1.00604
1.006
1.006
1.006
1.006
1.00591
1.00591
1.00591
1.00591
1.00586
1.00584
1.00584
1.00584
1.0058
1.0058
1.0058
1.0058
1.00573
1.00573
1.00573
1.00573
1.00567
1.00567
1.00567
1.00567
1.00559
1.0056
1.0056
1.0056
1.00552
1.00552
1.00552
1.00552
1.00546
1.00546
1.00546
1.00546
1.0054
1.0054
1.0054
1.0054
1.00537
1.00534
1.00534
1.00534
1.0053
1.0053
1.0053
1.0053
1.00527
1.00527
1.00527
1.00527
1.00522
1.00522
1.00522
1.00522
1.00515
1.00513
1.00513
1.00513
1.00509
1.00509
1.00509
1.00509
1.00501
1.00501
1.00501
1.00501
1.00494
1.00494
1.00494
1.00494
1.00489
1.00486
1.00486
1.00486
1.00481
1.00481
1.00481
1.00481
1.01946
1.01946
1.01946
1.01946
1.01949
1.01949
1.01949
1.01949
1.01952
1.00457
1.00457
1.00457
1.01958
1.01958
1.01958
1.01958
1.01963
1.01963
1.01963
1.01963
1.01969
1.01969
1.01969
1.01969
1.01976
1.01977
1.01977
1.01977
1.0198
1.0198
1.0198
1.0198
1.01985
1.01985
1.01985
1.01985
1.01988
1.01988
1.01988
1.01988
1.0199
1.01991
1.01991
1.01991
1.01993
1.01993
1.01993
1.01993
1.01997
1.01997
1.01997
1.01997
1.02002
1.02002
1.02002
1.02002
1.02009
1.0201
1.0201
1.0201
1.02014
1.02014
1.02014
1.02014
1.02017
1.02017
1.02017
1.02017
1.02021
1.02021
1.02021
1.02021
1.02027
1.02028
1.02028
1.02028
1.02032
1.02032
1.02032
1.02032
1.02036
1.02036
1.02036
1.02036
1.02037
1.02037
1.02037
1.02037
1.02041
1.02042
1.02042
1.02042
1.02045
1.02045
1.02045
1.02045
1.02048
1.02048
1.02048
1.02048
1.02052
1.02052
1.02052
1.02052
1.02055
1.02057
1.02057
1.02057
1.02061
1.02061
1.02061
1.02061
1.02066
1.02066
1.02066
1.02066
1.0207
1.0207
1.0207
1.0207
1.02073
1.02072
1.02072
1.02072
1.02076
1.02076
1.02076
1.02076
1.02079
1.02079
1.02079
1.02079
1.02084
1.02084
1.02084
1.02084
1.02089
1.02091
1.02091
1.02091
1.02096
1.02096
1.02096
1.02096
1.02101
1.02101
1.02101
1.02101
1.02106
1.02106
1.02106
1.02106
1.02112
1.02112
1.02112
1.02112
1.02117
1.02117
1.02117
1.02117
1.02119
1.02119
1.02119
1.02119
1.02125
1.02125
1.02125
1.02125
1.02125
1.02127
1.02127
1.02127
1.0213
1.0213
1.0213
1.0213
1.02135
1.02135
1.02135
1.02135
1.0214
1.0214
1.0214
1.0214
1.02143
1.02143
1.02143
1.02143
1.02145
1.02145
1.02145
1.02145
1.04956
1.04956
1.04956
1.04956
1.04961
1.04961
1.04961
1.04961
1.04964
1.0216
1.0216
1.0216
1.02163
1.02163
1.02163
1.02163
1.04974
1.04974
1.04974
1.04974
1.04977
1.04977
1.04977
1.04977
1.04983
1.02183
1.02183
1.02183
1.04987
1.04987
1.04987
1.04987
1.04991
1.04991
1.04991
1.04991
1.04991
1.04991
1.04991
1.04991
1.04991
1.04991
1.04991
1.04991
1.04991
1.04991
1.04991
1.04991
1.04991
1.02195
1.02195
1.02195
1.02195
1.02195
1.04994
1.04994
1.04994
1.04994
1.04994
1.04994
1.04994
1.04994
1.04994
1.04994
1.04994
1.04994
1.04994
1.04998
1.04998
1.04998
1.04998
1.04998
1.04998
1.04998
1.04998
1.04999
1.04999
1.04999
1.04999
1.04999
1.04999
1.04999
1.04999
1.05002
1.05002
1.05002
1.05002
1.05002
1.05002
1.05002
1.05002
1.05006
1.05006
1.05006
1.05006
1.05006
1.05006
1.05006
1.05006
1.07854
1.07854
1.07854
1.07854
1.07854
1.07854
1.07854
1.07854
1.0785
1.05006
1.05006
1.05006
1.05006
1.05006
1.05006
1.05006
1.05008
1.05008
1.05008
1.05008
1.05008
1.05008
1.05008
1.05008
1.07853
1.07853
1.07853
1.07853
1.07853
1.07853
1.07853
1.07853
1.07851
1.07851
1.07851
1.07851
1.07851
1.07851
1.07851
1.07851
1.07852
1.05014
1.05014
1.05014
1.05014
1.05014
1.05014
1.05014
1.07851
1.07851
1.07851
1.07851
1.07851
1.07851
1.05015
1.05015
1.05017
1.05017
1.05017
1.05017
1.05017
1.05017
1.07854
1.07854
1.05018
1.05018
1.05018
1.05018
1.05018
1.05018
1.07852
1.07852
1.05018
1.05018
1.05018
1.05018
1.05018
1.05018
1.05022
1.05022
1.05021
1.05021
1.05021
1.05021
1.05021
1.05021
1.07854
1.07854
1.05026
1.05026
1.05026
1.05026
1.05026
1.05026
1.07857
1.07857
1.0503
1.0503
1.0503
1.0503
1.0503
1.0503
1.07857
1.07857
1.05032
1.05034
1.05034
1.05034
1.05034
1.05034
1.05037
1.05037
1.05038
1.05038
1.05038
1.05038
1.05036
1.05036
1.05036
1.05038
1.05038
1.0504
1.0504
1.0504
1.05042
1.05042
1.05042
1.05041
1.05041
1.05041
1.05043
1.05043
1.05043
1.05043
1.05043
1.05043
1.05043
1.05043
1.05042
1.05042
1.05042
1.05042
1.05042
1.05042
1.05042
1.05042
1.05042
1.05042
1.05042
1.05042
1.0504
1.0504
1.0504
1.0504
1.0504
1.0504
1.0504
1.0504
1.05041
1.05041
1.05041
1.05041
1.05044
1.05043
1.05043
1.05043
1.05043
1.05043
1.05043
1.05043
1.05044
1.05044
1.05044
1.05044
1.05041
1.05041
1.05041
1.05041
1.0504
1.0504
1.0504
1.0504
1.05039
1.05039
1.05039
1.05039
1.05038
1.05038
1.05038
1.05038
1.05042
1.05042
1.05042
1.05042
1.05042
1.05043
1.05043
1.05043
1.05043
1.05043
1.05043
1.05043
1.05041
1.05041
1.05041
1.05041
1.05043
1.05043
1.05043
1.05043
1.05045
1.05045
1.05045
1.05045
1.05045
1.05045
1.05045
1.05045
1.05045
1.05045
1.05045
1.05045
1.05046
1.05046
1.05046
1.05046
1.05048
1.05048
1.05048
1.05048
1.05046
1.05046
1.05046
1.05046
1.05046
1.05046
1.05046
1.05046
1.05045
1.05045
1.05045
1.05045
1.05044
1.05044
1.05044
1.05044
1.05043
1.05043
1.05043
1.05043
1.05042
1.05042
1.05042
1.05042
1.05045
1.05045
1.05045
1.05045
1.05046
1.05047
1.05047
1.05047
1.0505
1.0505
1.0505
1.0505
1.05048
1.05048
1.05048
1.05048
1.05046
1.05046
1.05046
1.05046
1.05045
1.05045
1.05045
1.05045
1.05046
1.05046
1.05046
1.05046
1.05046
1.05046
1.05046
1.05046
1.05047
1.05047
1.05047
1.05047
1.05046
1.05047
1.05047
1.05047
1.05046
1.05046
1.05046
1.05046
1.05047
1.05047
1.05047
1.05047
1.05047
1.05047
1.05047
1.05047
1.0505
1.0505
1.0505
1.0505
1.0505
1.0505
1.0505
1.0505
1.05052
1.05052
1.05052
1.05052
1.07829
1.07829
1.07829
1.07829
1.07828
1.05054
1.05054
1.05054
1.05056
1.05056
1.05056
1.05056
1.07829
1.07829
1.07829
1.07829
1.0783
1.0783
1.0783
1.0783
1.07831
1.07831
1.07831
1.07831
1.07827
1.07827
1.07827
1.07827
1.07828
1.07828
1.07828
1.07828
1.07828
1.07828
1.07828
1.07828
1.0783
1.05066
1.05066
1.05066
1.07831
1.07831
1.07831
1.07831
1.07834
1.07834
1.07834
1.07834
1.07834
1.07834
1.07834
1.07834
1.07835
1.07835
1.07835
1.07835
1.07835
1.07835
1.07835
1.07835
1.07835
1.07835
1.07835
1.07835
1.07832
1.07832
1.07832
1.07832
1.0783
1.0783
1.0783
1.0783
1.07828
1.07828
1.07828
1.07828
1.0783
1.0783
1.0783
1.0783
1.0783
1.0783
1.0783
1.0783
1.0783
1.0783
1.0783
1.0783
1.0783
1.0783
1.0783
1.0783
1.0783
1.0783
1.0783
1.0783
1.07831
1.07831
1.07831
1.07831
1.07828
1.07827
1.07827
1.07827
1.07826
1.07826
1.07826
1.07826
1.07824
1.07824
1.07824
1.07824
1.07823
1.07823
1.07823
1.07823
1.07823
1.07823
1.07823
1.07823
1.07821
1.07821
1.07821
1.07821
1.07822
1.07822
1.07822
1.07822
1.0782
1.0782
1.0782
1.0782
1.07819
1.07819
1.07819
1.07819
1.0782
1.0782
1.0782
1.0782
1.07821
1.07821
1.07821
1.07821
1.07819
1.07819
1.07819
1.07819
1.07817
1.07817
1.07817
1.07817
1.07818
1.07818
1.07818
1.07818
1.07817
1.07817
1.07817
1.07817
1.07817
1.07817
1.07817
1.07817
1.07817
1.07817
1.07817
1.07817
1.07817
1.07817
1.07817
1.07817
1.07816
1.07816
1.07816
1.07816
1.07813
1.07813
1.07813
1.07813
1.07814
1.07814
1.07814
1.07814
1.07813
1.07813
1.07813
1.07813
1.07814
1.07814
1.07814
1.07814
1.07812
1.07812
1.07812
1.07812
1.07813
1.07812
1.07812
1.07812
1.07812
1.07812
1.07812
1.07812
1.07813
1.07813
1.07813
1.07813
1.0781
1.0781
1.0781
1.0781
1.07806
1.07806
1.07806
1.07806
1.07804
1.07804
1.07804
1.07804
1.07805
1.07805
1.07805
1.07805
1.07803
1.07803
1.07803
1.07803
1.07805
1.07805
1.07805
1.07805
1.07804
1.07804
1.07804
1.07804
1.07807
1.07807
1.07807
1.07807
1.07804
1.07804
1.07804
1.07804
1.07804
1.07804
1.07804
1.07804
1.07804
1.07804
1.07804
1.07804
1.07804
1.07804
1.07804
1.07804
1.07806
1.07806
1.07806
1.07806
1.07807
1.07808
1.07808
1.07808
1.07808
1.07808
1.07808
1.07808
1.07805
1.07805
1.07805
1.07805
1.07804
1.07804
1.07804
1.07804
1.07802
1.07802
1.07802
1.07802
1.07799
1.07799
1.07799
1.07799
1.07801
1.07801
1.07801
1.07801
1.07799
1.07799
1.07799
1.07799
1.07798
1.07799
1.07799
1.07799
1.078
1.078
1.078
1.078
1.07799
1.07799
1.07799
1.07799
1.07801
1.07801
1.07801
1.07801
1.07799
1.07799
1.07799
1.07799
1.07801
1.07801
1.07801
1.07801
1.07801
1.07801
1.07801
1.07801
1.078
1.078
1.078
1.078
1.07798
1.07797
1.07797
1.07797
1.07796
1.07796
1.07796
1.07796
1.07795
1.07795
1.07795
1.07795
1.07795
1.07795
1.07795
1.07795
1.07794
1.07794
1.07794
1.07794
1.07792
1.07792
1.07792
1.07792
1.07793
1.07793
1.07793
1.07793
1.07792
1.07792
1.07792
1.07792
1.07792
1.07792
1.07792
1.07792
1.07794
1.07794
1.07794
1.07794
1.10888
1.10888
1.10888
1.10888
1.10885
1.10885
1.10885
1.10885
1.10884
1.10884
1.10884
1.10884
1.10879
1.10879
1.10879
1.10879
1.10878
1.10878
1.10878
1.10878
1.10875
1.10875
1.10875
1.10875
1.10874
1.0779
1.0779
1.0779
1.07788
1.07788
1.07788
1.07788
1.10869
1.10869
1.10869
1.10869
1.10865
1.10865
1.10865
1.10865
1.10862
1.10862
1.10862
1.10862
1.10857
1.10857
1.10857
1.10857
1.10854
1.10854
1.10854
1.10854
1.10849
1.10849
1.10849
1.10849
1.10849
1.07783
1.07783
1.07783
1.10845
1.10845
1.10845
1.10845
1.1084
1.1084
1.1084
1.1084
1.10837
1.10837
1.10837
1.10837
1.1222
1.1222
1.1222
1.1222
1.12216
1.12216
1.12216
1.12216
1.12213
1.12213
1.12213
1.12213
1.1221
1.1221
1.1221
1.1221
1.12207
1.1081
1.1081
1.1081
1.12205
1.12205
1.12205
1.12205
1.12205
1.12205
1.12205
1.12205
1.12203
1.12203
1.12203
1.12203
1.122
1.122
1.122
1.122
1.122
1.122
1.122
1.122
1.12199
1.12199
1.12199
1.12199
1.12196
1.12196
1.12196
1.12196
1.13618
1.10786
1.10786
1.10786
1.12197
1.12197
1.12197
1.12197
1.13611
1.13611
1.13611
1.13611
1.13607
1.13607
1.13607
1.13607
1.13605
1.13605
1.13605
1.13605
1.13603
1.13603
1.13603
1.13603
1.13599
1.13599
1.13599
1.13599
1.13598
1.13598
1.13598
1.13598
1.13599
1.12188
1.12188
1.12188
1.12188
1.12188
1.12188
1.12188
1.13606
1.13606
1.13606
1.13606
1.13603
1.13603
1.13603
1.13603
1.13602
1.13602
1.13602
1.13602
1.136
1.136
1.136
1.136
1.13602
1.13602
1.13602
1.13602
1.13604
1.13604
1.13604
1.13604
1.1219
1.10746
1.10746
1.10746
1.12189
1.12189
1.12189
1.12189
1.12188
1.12188
1.12188
1.12188
1.12187
1.12187
1.12187
1.12187
1.12186
1.12186
1.12186
1.12186
1.12184
1.12184
1.12184
1.12184
1.12186
1.12186
1.12186
1.12186
1.12185
1.12185
1.12185
1.12185
1.12185
1.10722
1.10722
1.10722
1.1072
1.1072
1.1072
1.1072
1.12182
1.12182
1.12182
1.12182
1.1218
1.1218
1.1218
1.1218
1.12178
1.12178
1.12178
1.12178
1.12176
1.12176
1.12176
1.12176
1.12175
1.12175
1.12175
1.12175
1.12174
1.12174
1.12174
1.12174
1.12176
1.10696
1.10696
1.10696
1.10694
1.10694
1.10694
1.10694
1.12175
1.12175
1.12175
1.12175
1.12176
1.12176
1.12176
1.12176
1.12179
1.12179
1.12179
1.12179
1.12182
1.12182
1.12182
1.12182
1.12183
1.12183
1.12183
1.12183
1.12184
1.12184
1.12184
1.12184
1.1218
1.10685
1.10685
1.10685
1.10682
1.10682
1.10682
1.10682
1.12181
1.12181
1.12181
1.12181
1.12184
1.12184
1.12184
1.12184
1.12183
1.12183
1.12183
1.12183
1.12183
1.12183
1.12183
1.12183
1.12185
1.12185
1.12185
1.12185
1.12183
1.12183
1.12183
1.12183
1.12184
1.10667
1.10667
1.10667
1.10664
1.10664
1.10664
1.10664
1.12181
1.12181
1.12181
1.12181
1.12183
1.12183
1.12183
1.12183
1.12181
1.12181
1.12181
1.12181
1.12183
1.12183
1.12183
1.12183
1.12179
1.12179
1.12179
1.12179
1.12178
1.12178
1.12178
1.12178
1.12181
1.10653
1.10653
1.10653
1.10656
1.10656
1.10656
1.10656
1.12189
1.12189
1.12189
1.12189
1.1219
1.1219
1.1219
1.1219
1.12192
1.12192
1.12192
1.12192
1.12194
1.12194
1.12194
1.12194
1.12197
1.12197
1.12197
1.12197
1.12202
1.12202
1.12202
1.12202
1.12204
1.10655
1.10655
1.10655
1.10657
1.10657
1.10657
1.10657
1.12212
1.12212
1.12212
1.12212
1.12214
1.12214
1.12214
1.12214
1.1222
1.1222
1.1222
1.1222
1.12225
1.12225
1.12225
1.12225
1.12227
1.12227
1.12227
1.12227
1.12232
1.12232
1.12232
1.12232
1.12235
1.07797
1.07797
1.07797
1.10664
1.10664
1.10664
1.10664
1.12243
1.12243
1.12243
1.12243
1.12247
1.12247
1.12247
1.12247
1.12249
1.12249
1.12249
1.12249
1.12255
1.12255
1.12255
1.12255
1.12257
1.12257
1.12257
1.12257
1.12261
1.12261
1.12261
1.12261
1.12264
1.10671
1.10671
1.10671
1.10673
1.10673
1.10673
1.10673
1.12269
1.12269
1.12269
1.12269
1.12269
1.12269
1.12269
1.12269
1.12272
1.12272
1.12272
1.12272
1.12274
1.12274
1.12274
1.12274
1.12277
1.12277
1.12277
1.12277
1.1228
1.1228
1.1228
1.1228
1.10663
1.07826
1.07826
1.07826
1.10662
1.10662
1.10662
1.10662
1.1066
1.1066
1.1066
1.1066
1.10657
1.10657
1.10657
1.10657
1.10658
1.10658
1.10658
1.10658
1.1066
1.1066
1.1066
1.1066
1.10657
1.10657
1.10657
1.10657
1.10655
1.10655
1.10655
1.10655
1.10652
1.07835
1.07835
1.07835
1.10652
1.10652
1.10652
1.10652
1.10648
1.10648
1.10648
1.10648
1.10642
1.10642
1.10642
1.10642
1.10638
1.10638
1.10638
1.10638
1.10633
1.10633
1.10633
1.10633
1.10632
1.10632
1.10632
1.10632
1.10629
1.10629
1.10629
1.10629
1.10628
1.07837
1.07837
1.07837
1.10628
1.10628
1.10628
1.10628
1.10624
1.10624
1.10624
1.10624
1.10625
1.10625
1.10625
1.10625
1.1062
1.1062
1.1062
1.1062
1.10619
1.10619
1.10619
1.10619
1.10617
1.10617
1.10617
1.10617
1.10612
1.10612
1.10612
1.10612
1.1061
1.07835
1.07835
1.07835
1.10603
1.10603
1.10603
1.10603
1.10598
1.10598
1.10598
1.10598
1.10594
1.10594
1.10594
1.10594
1.10593
1.10593
1.10593
1.10593
1.10593
1.10593
1.10593
1.10593
1.10595
1.10595
1.10595
1.10595
1.10593
1.10593
1.10593
1.10593
1.10594
1.07838
1.07838
1.07838
1.10592
1.10592
1.10592
1.10592
1.12289
1.12289
1.12289
1.12289
1.12292
1.12292
1.12292
1.12292
1.12289
1.12289
1.12289
1.12289
1.1229
1.1229
1.1229
1.1229
1.12293
1.12293
1.12293
1.12293
1.12294
1.12294
1.12294
1.12294
1.12297
1.07852
1.07852
1.07852
1.10592
1.10592
1.10592
1.10592
1.12299
1.12299
1.12299
1.12299
1.12303
1.12303
1.12303
1.12303
1.12303
1.12303
1.12303
1.12303
1.12302
1.12302
1.12302
1.12302
1.12308
1.12308
1.12308
1.12308
1.12309
1.12309
1.12309
1.12309
1.1231
1.10587
1.10587
1.10587
1.12309
1.12309
1.12309
1.12309
1.12311
1.12311
1.12311
1.12311
1.12312
1.12312
1.12312
1.12312
1.12311
1.12311
1.12311
1.12311
1.12311
1.12311
1.12311
1.12311
1.1231
1.1231
1.1231
1.1231
1.1231
1.1231
1.1231
1.1231
1.12312
1.10566
1.10566
1.10566
1.12308
1.12308
1.12308
1.12308
1.12304
1.12304
1.12304
1.12304
1.12305
1.12305
1.12305
1.12305
1.12307
1.12307
1.12307
1.12307
1.12304
1.12304
1.12304
1.12304
1.123
1.123
1.123
1.123
1.123
1.123
1.123
1.123
1.12294
1.10532
1.10532
1.10532
1.12292
1.12292
1.12292
1.12292
1.12292
1.12292
1.12292
1.12292
1.1229
1.1229
1.1229
1.1229
1.12288
1.12288
1.12288
1.12288
1.12288
1.12288
1.12288
1.12288
1.12287
1.12287
1.12287
1.12287
1.12286
1.12286
1.12286
1.12286
1.12285
1.105
1.105
1.105
1.12283
1.12283
1.12283
1.12283
1.12286
1.12286
1.12286
1.12286
1.12286
1.12286
1.12286
1.12286
1.12286
1.12286
1.12286
1.12286
1.12288
1.12288
1.12288
1.12288
1.12291
1.12291
1.12291
1.12291
1.12289
1.12289
1.12289
1.12289
1.12287
1.10485
1.10485
1.10485
1.12283
1.12283
1.12283
1.12283
1.13914
1.13914
1.13914
1.13914
1.13912
1.13912
1.13912
1.13912
1.13914
1.13914
1.13914
1.13914
1.13917
1.13917
1.13917
1.13917
1.13923
1.13923
1.13923
1.13923
1.13927
1.13927
1.13927
1.13927
1.13928
1.1047
1.1047
1.1047
1.12287
1.12287
1.12287
1.12287
1.13932
1.13932
1.13932
1.13932
1.13934
1.13934
1.13934
1.13934
1.13939
1.13939
1.13939
1.13939
1.1394
1.1394
1.1394
1.1394
1.1394
1.1394
1.1394
1.1394
1.1394
1.1394
1.1394
1.1394
1.13939
1.12289
1.12289
1.12289
1.1394
1.1394
1.1394
1.1394
1.14743
1.14743
1.14743
1.14743
1.14744
1.14744
1.14744
1.14744
1.15622
1.15622
1.15622
1.15622
1.15624
1.15624
1.15624
1.15624
1.15627
1.15627
1.15627
1.15627
1.1563
1.1563
1.1563
1.1563
1.15633
1.12289
1.12289
1.12289
1.13958
1.13958
1.13958
1.13958
1.15641
1.15641
1.15641
1.15641
1.15645
1.15645
1.15645
1.15645
1.15649
1.15649
1.15649
1.15649
1.15654
1.15654
1.15654
1.15654
1.15658
1.15658
1.15658
1.15658
1.15663
1.15663
1.15663
1.15663
1.15668
1.12308
1.12308
1.12308
1.13993
1.13993
1.13993
1.13993
1.15675
1.15675
1.15675
1.15675
1.15677
1.15677
1.15677
1.15677
1.1568
1.1568
1.1568
1.1568
1.15683
1.15683
1.15683
1.15683
1.15684
1.15684
1.15684
1.15684
1.15685
1.15685
1.15685
1.15685
1.15688
1.12312
1.12312
1.12312
1.13999
1.13999
1.13999
1.13999
1.15694
1.15694
1.15694
1.15694
1.15702
1.15702
1.15702
1.15702
1.15705
1.15705
1.15705
1.15705
1.15707
1.15707
1.15707
1.15707
1.15712
1.15712
1.15712
1.15712
1.15717
1.15717
1.15717
1.15717
1.1572
1.12334
1.12334
1.12334
1.1402
1.1402
1.1402
1.1402
1.15728
1.15728
1.15728
1.15728
1.15731
1.15731
1.15731
1.15731
1.15734
1.15734
1.15734
1.15734
1.15738
1.15738
1.15738
1.15738
1.15742
1.15742
1.15742
1.15742
1.15746
1.15746
1.15746
1.15746
1.15751
1.1235
1.1235
1.1235
1.14047
1.14047
1.14047
1.14047
1.15762
1.15762
1.15762
1.15762
1.15767
1.15767
1.15767
1.15767
1.15771
1.15771
1.15771
1.15771
1.15776
1.15776
1.15776
1.15776
1.15779
1.15779
1.15779
1.15779
1.14867
1.14867
1.14867
1.14867
1.14872
1.12369
1.12369
1.12369
1.14074
1.14074
1.14074
1.14074
1.15798
1.15798
1.15798
1.15798
1.15798
1.15798
1.15798
1.15798
1.158
1.158
1.158
1.158
1.15803
1.15803
1.15803
1.15803
1.15805
1.15805
1.15805
1.15805
1.15807
1.15807
1.15807
1.15807
1.1581
1.12368
1.12368
1.12368
1.14081
1.14081
1.14081
1.14081
1.15819
1.15819
1.15819
1.15819
1.15823
1.15823
1.15823
1.15823
1.15825
1.15825
1.15825
1.15825
1.14904
1.14904
1.14904
1.14904
1.14907
1.14907
1.14907
1.14907
1.14909
1.14909
1.14909
1.14909
1.14092
1.12367
1.12367
1.12367
1.12366
1.12366
1.12366
1.12366
1.14094
1.14094
1.14094
1.14094
1.14095
1.14095
1.14095
1.14095
1.14098
1.14098
1.14098
1.14098
1.14101
1.14101
1.14101
1.14101
1.14103
1.14103
1.14103
1.14103
1.14105
1.14105
1.14105
1.14105
1.14106
1.12373
1.12373
1.12373
1.12376
1.12376
1.12376
1.12376
1.1411
1.1411
1.1411
1.1411
1.14112
1.14112
1.14112
1.14112
1.14113
1.14113
1.14113
1.14113
1.14114
1.14114
1.14114
1.14114
1.14117
1.14117
1.14117
1.14117
1.14118
1.14118
1.14118
1.14118
1.14118
1.12372
1.12372
1.12372
1.12371
1.12371
1.12371
1.12371
1.14123
1.14123
1.14123
1.14123
1.14126
1.14126
1.14126
1.14126
1.14125
1.14125
1.14125
1.14125
1.14126
1.14126
1.14126
1.14126
1.1413
1.1413
1.1413
1.1413
1.14134
1.14134
1.14134
1.14134
1.14135
1.12369
1.12369
1.12369
1.1237
1.1237
1.1237
1.1237
1.15001
1.15001
1.15001
1.15001
1.15007
1.15007
1.15007
1.15007
1.15012
1.15012
1.15012
1.15012
1.15018
1.15018
1.15018
1.15018
1.15021
1.15021
1.15021
1.15021
1.15981
1.15981
1.15981
1.15981
1.15986
1.12392
1.12392
1.12392
1.14162
1.14162
1.14162
1.14162
1.15995
1.15995
1.15995
1.15995
1.16
1.16
1.16
1.16
1.16003
1.16003
1.16003
1.16003
1.16006
1.16006
1.16006
1.16006
1.16011
1.16011
1.16011
1.16011
1.16016
1.16016
1.16016
1.16016
1.16019
1.12417
1.12417
1.12417
1.14179
1.14179
1.14179
1.14179
1.16028
1.16028
1.16028
1.16028
1.16031
1.16031
1.16031
1.16031
1.16036
1.16036
1.16036
1.16036
1.16037
1.16037
1.16037
1.16037
1.16041
1.16041
1.16041
1.16041
1.16042
1.16042
1.16042
1.16042
1.17136
1.1247
1.1247
1.1247
1.15092
1.15092
1.15092
1.15092
1.17132
1.17132
1.17132
1.17132
1.17133
1.17133
1.17133
1.17133
1.1808
1.1808
1.1808
1.1808
1.18461
1.18461
1.18461
1.18461
1.18468
1.18468
1.18468
1.18468
1.18471
1.18471
1.18471
1.18471
1.19171
1.12534
1.12534
1.12534
1.1609
1.1609
1.1609
1.1609
1.19196
1.19196
1.19196
1.19196
1.19208
1.19208
1.19208
1.19208
1.21541
1.21541
1.21541
1.17188
1.14259
1.14259
1.14259
1.18154
1.14266
1.14266
1.14266
1.18547
1.14274
1.14274
1.14274
1.19282
1.14285
1.14285
1.14285
1.14285
1.19301
1.19301
1.19301
1.21625
1.14305
1.14305
1.14305
1.2351
1.14316
1.14316
1.14316
1.23524
1.14327
1.14327
1.14327
1.25041
1.14339
1.14339
1.14339
1.25044
1.14347
1.14347
1.14347
1.25048
1.14357
1.14357
1.14357
1.25053
1.14364
1.14366
1.14366
1.14366
1.25059
1.25059
1.25059
1.25064
1.15374
1.15374
1.15374
1.25068
1.15384
1.15384
1.15384
1.25074
1.15395
1.15395
1.15395
1.23623
1.15405
1.15405
1.15405
1.21773
1.1441
1.1441
1.1441
1.21784
1.14415
1.14415
1.14415
1.21796
1.14426
1.14428
1.14428
1.14428
1.19508
1.19508
1.19508
1.19516
1.14443
1.14443
1.14443
1.19526
1.14452
1.14452
1.14452
1.19539
1.1446
1.1446
1.1446
1.18723
1.14472
1.14472
1.14472
1.18731
1.14484
1.14484
1.14484
1.18353
1.14496
1.14496
1.14496
1.17383
1.14509
1.12851
1.12851
1.12851
1.15554
1.15554
1.15554
1.16468
1.12868
1.12868
1.12868
1.1558
1.12881
1.12881
1.12881
1.15595
1.12896
1.12896
1.12896
1.15614
1.1291
1.1291
1.1291
1.15632
1.12924
1.12924
1.12924
1.1565
1.1294
1.1294
1.1294
1.15668
1.12954
1.1296
1.1296
1.1296
1.14639
1.14639
1.14639
1.15703
1.12985
1.12985
1.12985
1.1572
1.12997
1.12997
1.12997
1.15732
1.13008
1.13008
1.13008
1.15748
1.13023
1.13023
1.13023
1.15765
1.13035
1.13035
1.13035
1.15777
1.13046
1.13046
1.13046
1.15793
1.13058
1.1306
1.1306
1.1306
1.15809
1.15809
1.15809
1.15819
1.13077
1.13077
1.13077
1.15832
1.1309
1.1309
1.1309
1.1585
1.13105
1.13105
1.13105
1.15863
1.13119
1.13119
1.13119
1.15876
1.1313
1.1313
1.1313
1.15893
1.13142
1.13142
1.13142
1.15904
1.1315
1.13151
1.13151
1.13151
1.15915
1.15915
1.15915
1.15923
1.13167
1.13167
1.13167
1.15937
1.13177
1.13177
1.13177
1.15948
1.13186
1.13186
1.13186
1.15961
1.13197
1.13197
1.13197
1.15976
1.13208
1.13208
1.13208
1.15985
1.13217
1.13217
1.13217
1.15997
1.13224
1.13227
1.13227
1.13227
1.1601
1.1601
1.1601
1.16808
1.14952
1.14952
1.14952
1.17651
1.14964
1.14964
1.14964
1.18667
1.14975
1.14975
1.14975
1.18672
1.14984
1.14984
1.14984
1.19063
1.14996
1.14996
1.14996
1.19065
1.15007
1.15007
1.15007
1.19073
1.15022
1.13301
1.13301
1.13301
1.19082
1.19082
1.19082
1.20014
1.15043
1.15043
1.15043
1.2002
1.15055
1.15055
1.15055
1.22323
1.15068
1.15068
1.15068
1.2233
1.15079
1.15079
1.15079
1.22335
1.15089
1.15089
1.15089
1.22341
1.15101
1.15101
1.15101
1.24155
1.15112
