1.00228
1.00122
1.00121
1.00134
1.00141
1.00141
1.00144
1.00153
1.0015
1.00149
1.00161
1.00156
1.00163
1.00169
1.00162
1.00173
1.00184
1.0019
1.00178
1.00176
1.00183
1.00185
1.00202
1.00204
1.00216
1.00205
1.00189
1.00211
1.00221
1.00226
1.00219
1.00235
1.00262
1.00255
1.00257
1.00268
1.00266
1.00272
1.00292
1.0028
1.00306
1.00312
1.00309
1.00298
1.0035
1.00331
1.00361
1.00361
1.00354
1.00351
1.00353
1.00385
1.00362
1.00358
1.00376
1.00404
1.00402
1.00386
1.00417
1.00411
1.00401
1.00408
1.0044
1.00411
1.00445
1.00451
1.00458
1.00493
1.00476
1.0052
1.00507
1.00524
1.0054
1.00524
1.00565
1.00554
1.00577
1.0055
1.00614
1.00613
1.00603
1.00286
1.0062
1.00631
1.00609
1.00625
1.00474
1.00297
1.00826
1.00681
1.00494
1.00615
1.00793
1.00667
1.00087
1.00796
1.0008
1.007
1.00037
1.02703
1.00118
1.00703
1.00126
1.05246
1.00272
1.00709
1.0018
1.08023
1.00289
1.00716
1.00096
1.11598
1.00587
1.00736
1.00466
1.15579
1.00566
1.00164
1.00731
1.00645
1.00213
1.00863
1.19871
1.01019
1.00174
1.01042
1.00747
1.00949
1.00889
1.19592
1.00733
1.00753
1.00587
1.19384
1.00502
1.00755
1.00745
1.16161
1.00744
1.00801
1.00458
1.13097
1.0199
1.00773
1.02627
1.08945
1.03224
1.00783
1.04372
1.04607
1.02607
1.0082
1.01572
1.0068
1.02295
1.00846
1.01959
1.00935
1.01026
1.00856
1.00935
1.01141
1.01034
1.03444
1.00895
1.00954
1.01104
1.00858
1.01069
1.01611
1.06047
1.01615
1.00875
1.00171
1.01629
1.00055
1.07683
1.00102
1.01963
1.00928
1.009
1.00803
1.02805
1.01061
1.08775
1.01328
1.03177
1.0056
1.00918
1.01075
1.0183
1.00882
1.10306
1.01177
1.0126
1.00782
1.00943
1.00838
1.02386
1.00968
1.10773
1.01123
1.022
1.01389
1.00939
1.01419
1.01784
1.01215
1.11333
1.00872
1.02701
1.00827
1.00968
1.00707
1.02991
1.00235
1.11099
1.00466
1.04292
1.00311
1.00987
1.00373
1.05529
1.00454
1.10926
1.00238
1.05634
1.00377
1.01001
1.00381
1.06034
1.00133
1.10798
1.00188
1.05941
1.00467
1.00999
1.00232
1.05806
1.00222
1.10389
1.00267
1.06751
1.00057
1.01027
1.00673
1.06103
1.00349
1.10295
1.00089
1.04475
1.00087
1.01039
1.00033
1.0533
1.00136
1.09978
1.00341
1.05784
1.00544
1.01061
1.00414
1.04553
1.00484
1.09782
1.00879
1.03527
1.00154
1.01064
1.00767
1.0319
1.00814
1.09444
1.00304
1.03354
1.0006
1.01082
1.00402
1.04485
1.00527
1.09327
1.00432
1.03124
1.01249
1.01054
1.01326
1.01039
1.00297
1.08769
1.00497
1.01405
1.00706
1.01094
1.01112
1.01569
1.0118
1.08475
1.01794
1.02534
1.01007
1.01103
1.00801
1.01443
1.00217
1.07943
1.01382
1.01912
1.00862
1.01148
1.00078
1.02211
1.00499
1.07621
1.00848
1.01677
1.01672
1.01126
1.0177
1.00713
1.0123
1.07432
1.02586
1.0085
1.03418
1.01143
1.02647
1.00126
1.02196
1.07022
1.01714
1.00375
1.01342
1.01166
1.01252
1.00016
1.01815
1.06054
1.00666
1.00125
1.00904
1.01179
1.0037
1.01051
1.00357
1.05654
1.00402
1.00604
1.01641
1.01151
1.00996
1.00256
1.01527
1.05222
1.00355
1.0099
1.00719
1.01178
1.01853
1.0111
1.02425
1.04546
1.00942
1.01426
1.01069
1.01182
1.01522
1.01518
1.02687
1.03932
1.03377
1.01088
1.03616
1.01201
1.01703
1.01035
1.01547
1.03399
1.03069
1.01312
1.03331
1.01227
1.01955
1.01051
1.03023
1.02906
1.04158
1.01106
1.04663
1.01214
1.04925
1.01243
1.02456
1.02304
1.03688
1.00597
1.04084
1.01241
1.04645
1.01036
1.06238
1.01696
1.05157
1.01112
1.05134
1.01239
1.04782
1.01362
1.06155
1.01201
1.06375
1.01742
1.07924
1.01267
1.07495
1.01599
1.07537
1.00752
1.06826
1.01893
1.07202
1.01264
1.06974
1.02084
1.05939
1.00398
1.07396
1.02403
1.07051
1.01285
1.05802
1.03451
1.04281
1.014
1.05139
1.03452
1.05232
1.01023
1.05496
1.03007
1.05364
1.01057
1.04474
1.03108
1.03484
1.01004
1.04345
1.03035
1.06055
1.00691
1.05023
1.02797
1.04567
1.00976
1.04502
1.02485
1.05856
1.00329
1.0596
1.02332
1.04647
1.00973
1.04568
1.02412
1.04197
1.00037
1.01576
1.05018
1.02535
1.04095
1.00964
1.01213
1.04436
1.01318
1.02648
1.01672
1.05462
1.01758
1.00351
1.01221
1.04926
1.01349
1.02627
1.00854
1.0512
1.00441
1.00942
1.00791
1.05563
1.00601
1.02744
1.00863
1.06001
1.00418
1.00677
1.00742
1.0692
1.02447
1.06005
1.00956
1.0504
1.02649
1.05379
1.01131
1.00966
1.00891
1.06541
1.00827
1.02825
1.0099
1.07261
1.00737
1.00949
1.01933
1.06306
1.01167
1.02835
1.01338
1.06963
1.00682
1.01242
1.00544
1.09263
1.00365
1.03061
1.01063
1.09583
1.00376
1.00951
1.00628
1.09399
1.02941
1.00896
1.09942
1.00556
1.01457
1.00776
1.08409
1.00151
1.0262
1.00222
1.0996
1.00007
1.00951
1.00617
1.09615
1.00646
1.02623
1.0065
1.10522
1.0078
1.01765
1.09944
1.01719
1.02267
1.00795
1.10478
1.00726
1.00879
1.01294
1.10267
1.01697
1.02102
1.01092
1.11206
1.00615
1.01978
1.00596
1.10014
1.00375
1.02156
1.00396
1.09353
1.01239
1.00888
1.01562
1.08232
1.00504
1.02542
1.00501
1.08302
1.00935
1.0221
1.0001
1.08685
1.0029
1.02246
1.00423
1.08785
1.00851
1.08144
1.006
1.02566
1.00368
1.07945
1.00728
1.02374
1.01194
1.07624
1.01559
1.02788
1.01286
1.08188
1.02175
1.00844
1.021
1.07476
1.02618
1.02743
1.02306
1.07991
1.02837
1.02612
1.02882
1.07006
1.02599
1.02893
1.03656
1.07736
1.03045
1.00853
1.02765
1.07516
1.021
1.02813
1.02041
1.07975
1.02815
1.02733
1.03077
1.0805
1.03528
1.02767
1.02713
1.08957
1.02301
1.00818
1.01687
1.08994
1.01678
1.0267
1.01698
1.09506
1.01287
1.02889
1.01636
1.09083
1.01559
1.02865
1.00815
1.08946
1.009
1.00789
1.00142
1.09008
1.00181
1.02776
1.00342
1.09292
1.00074
1.03082
1.00369
1.08752
1.01597
1.02832
1.0123
1.086
1.01348
1.008
1.03216
1.07619
1.03967
1.02802
1.04521
1.07649
1.04368
1.03215
1.04526
1.07416
1.0552
1.02795
1.05738
1.07837
1.05468
1.00793
1.05316
1.06852
1.04304
1.0281
1.03847
1.07553
1.03899
1.03309
1.02976
1.07019
1.00704
1.0283
1.00746
1.07308
1.01137
1.00767
1.00165
1.06813
1.02333
1.02998
1.03779
1.07353
1.05151
1.03484
1.04427
1.07208
1.05509
1.03121
1.06586
1.07426
1.08002
1.00746
1.08052
1.07288
1.06507
1.02893
1.09157
1.07766
1.09847
1.03596
1.09383
1.07428
1.09918
1.03147
1.10011
1.0806
1.08366
1.00733
1.0782
1.07019
1.07263
1.03396
1.08516
1.07679
1.07429
1.03732
1.05826
1.07155
1.05756
1.03531
1.06262
1.07493
1.06391
1.00732
1.06272
1.07496
1.05893
1.03596
1.05555
1.073
1.0636
1.03793
1.06368
1.07529
1.05669
1.03552
1.06141
1.07304
1.04594
1.0071
1.02929
1.07866
1.03608
1.03415
1.03676
1.07425
1.04605
1.03874
1.05296
1.07868
1.04839
1.03719
1.04894
1.07471
1.05172
1.00689
1.05676
1.07937
1.05797
1.0372
1.05242
1.08786
1.05337
1.03858
1.05258
1.0859
1.03898
1.03662
1.02757
1.0845
1.02624
1.00649
1.02194
1.08303
1.00919
1.03673
1.00649
1.08531
1.00078
1.03944
1.01038
1.08473
1.00449
1.03821
1.00831
1.08452
1.01664
1.00645
1.0218
1.07861
1.02446
1.038
1.03324
1.07944
1.05304
1.04053
1.04417
1.07872
1.06158
1.03564
1.08019
1.07524
1.09895
1.00589
1.10291
1.07342
1.11006
1.03641
1.11128
1.07748
1.14856
1.04046
1.1464
1.0745
1.15469
1.03708
1.14487
1.06982
1.15027
1.00608
1.14564
1.06971
1.16613
1.03779
1.15293
1.06884
1.15966
1.04013
1.18121
1.07123
1.19483
1.03628
1.1858
1.07033
1.20902
1.00602
1.1906
1.07233
1.20117
1.0397
1.21196
1.07175
1.21079
1.0399
1.17757
1.07145
1.20009
1.03912
1.19976
1.07579
1.19843
1.00546
1.17331
1.07359
1.18408
1.04156
1.18533
1.07665
1.19857
1.04105
1.20197
1.07819
1.20955
1.04054
1.21465
1.07999
1.24036
1.00563
1.22208
1.08379
1.23137
1.04222
1.2391
1.08131
1.26069
1.03972
1.22669
1.08517
1.25748
1.04089
1.24827
1.08968
1.25971
1.00549
1.24233
1.08657
1.25616
1.04163
1.24986
1.08894
1.26344
1.03991
1.24958
1.08781
1.2742
1.04063
1.22751
1.08733
1.26852
1.00508
1.23482
1.08695
1.2496
1.04071
1.20864
1.08741
1.25362
1.03888
1.22437
1.08796
1.25372
1.03981
1.24331
1.08733
1.26025
1.00462
1.23098
1.08229
1.24144
1.04138
1.25601
1.08853
1.26213
1.03962
1.23714
1.08974
1.24023
1.03869
1.23484
1.08624
1.25616
1.00506
1.23262
1.08458
1.26113
1.04048
1.25867
1.09135
1.28181
1.05602
1.25885
1.08959
1.27468
1.03048
1.27349
1.08691
1.28653
1.01616
1.27907
1.08834
1.31441
1.0321
1.31553
1.086
1.34241
1.0564
1.3275
1.08483
1.34675
1.0311
1.32619
1.08545
1.34282
1.01612
1.31875
1.08368
1.32827
1.03281
1.32774
1.08677
1.3384
1.05558
1.30914
1.08391
1.32433
1.03126
1.32333
1.08126
1.31797
1.01649
1.30895
1.08067
1.32491
1.03142
1.29874
1.08349
1.32184
1.05455
1.31307
1.08255
1.31536
1.0307
1.28695
1.08102
1.2959
1.0166
1.28646
1.08011
1.29005
1.03178
1.29631
1.08368
1.28676
1.0544
1.26377
1.08242
1.25883
1.03155
1.23764
1.08114
1.24265
1.01646
1.21413
1.08051
1.21227
1.03052
1.20008
1.08325
1.20421
1.0536
1.19665
1.08534
1.20693
1.03023
1.18062
1.08474
1.1911
1.01657
1.17993
1.08079
1.19324
1.03208
1.17974
1.08603
1.20726
1.05263
1.19488
1.0834
1.21213
1.03004
1.19948
1.08451
1.21781
1.0167
1.20306
1.07759
1.22872
1.03041
1.22092
1.08453
1.23764
1.05259
1.22451
1.08381
1.24346
1.03074
1.2252
1.08479
1.24822
1.01726
1.22426
1.08033
1.24916
1.02767
1.22887
1.08489
1.2487
1.05249
1.2312
1.08138
1.25509
1.0271
1.23182
1.08306
1.24948
1.01641
1.2362
1.07861
1.25004
1.02575
1.2429
1.08203
1.26461
1.05315
1.25128
1.07913
1.2806
1.02685
1.25915
1.08289
1.27745
1.0175
1.26108
1.07879
1.28259
1.02735
1.28412
1.08072
1.30105
1.05192
1.28841
1.07778
1.31088
1.02555
1.3111
1.08314
1.3248
1.01678
1.29961
1.07979
1.30653
1.02594
1.30101
1.08306
1.31027
1.05328
1.30001
1.08281
1.30287
1.02514
1.28718
1.08574
1.29028
1.0177
1.25637
1.08106
1.27789
1.02538
1.26675
1.09028
1.28239
1.07441
1.26457
1.08401
1.27967
1.01138
1.25248
1.0826
1.2634
1.04076
1.24418
1.08779
1.25232
1.0233
1.25112
1.09609
1.27044
1.07341
1.23944
1.08753
1.25743
1.01071
1.23245
1.09047
1.25041
1.04103
1.22733
1.08694
1.2352
1.01066
1.24924
1.09058
1.26166
1.0745
1.02573
1.24961
1.02525
1.08738
1.02423
1.27182
1.01503
1.01049
1.01997
1.24528
1.02083
1.08731
1.02207
1.27898
1.03099
1.0414
1.24721
1.01253
1.08683
1.0139
1.26797
1.00953
1.24966
1.08662
1.03321
1.27351
1.03017
1.07143
1.02959
1.25531
1.08945
1.03304
1.28283
1.02119
1.00872
1.01607
1.2503
1.02513
1.08431
1.0896
1.27525
1.17007
1.04256
1.16941
1.24555
1.22577
1.08457
1.30546
1.2792
1.36283
1.00886
1.29583
1.24306
1.28945
1.08601
1.42604
1.29071
1.44867
1.07326
1.35397
1.26472
1.42075
1.08552
1.45036
1.30388
1.47211
1.00366
1.34229
1.27234
1.36849
1.0753
1.36681
1.31462
1.34515
1.06606
1.23138
1.28415
1.23286
1.07967
1.24997
1.31566
1.24143
1.00715
1.16844
1.29888
1.18941
1.08149
1.18412
1.33239
1.15827
1.0926
1.08382
1.31
1.09322
1.07426
1.10568
1.33714
1.10488
1.00519
1.08654
1.30919
1.1068
1.07106
1.13073
1.34026
1.13018
1.06459
1.08434
1.2995
1.09877
1.07514
1.09981
1.32991
1.11522
1.00564
1.06607
1.31084
1.08582
1.06945
1.06237
1.29882
1.06488
1.07167
1.06202
1.30702
1.09547
1.07632
1.11043
1.289
1.07973
1.00524
1.10406
1.30118
1.12962
1.07409
1.14474
1.28611
1.08221
1.04146
1.07033
1.3
1.06908
1.07098
1.07045
1.28806
1.02496
1.00417
1.01759
1.30119
1.04269
1.07237
1.04371
1.28795
1.02326
1.07027
1.0295
1.30119
1.02266
1.07209
1.01628
1.28776
1.02076
1.00364
1.01046
1.30233
1.01521
1.07158
1.0325
1.28769
1.03988
1.04145
1.01351
1.29965
1.01525
1.06586
1.00368
1.29761
1.01368
1.00358
1.02896
1.30504
1.03231
1.05633
1.02441
1.30202
1.06984
1.30157
1.05732
1.30241
1.02512
1.00317
1.02282
1.29552
1.05577
1.29289
1.02132
1.04144
1.01969
1.28399
1.01328
1.05589
1.01786
1.28736
1.03209
1.003
1.04061
1.28437
1.05351
1.05395
1.04716
1.27801
1.06998
1.06917
1.05013
1.27578
1.07435
1.05416
1.07352
1.27283
1.11052
1.00263
1.12635
1.26755
1.18117
1.05392
1.19268
1.26473
1.24091
1.04133
1.20188
1.25257
1.23206
1.05395
1.20974
1.25362
1.20752
1.00258
1.18645
1.24652
1.19488
1.05433
1.14849
1.24098
1.15081
1.0691
1.10768
1.2391
1.11918
1.05414
1.09237
1.23421
1.09973
1.00194
1.07794
1.23473
1.07733
1.05387
1.03786
1.22919
1.03654
1.04144
1.00046
1.22335
1.007
1.05378
1.01527
1.22492
1.02116
1.00185
1.02835
1.21943
1.01915
1.05388
1.0148
1.21516
1.01436
1.0677
1.03594
1.21979
1.05786
1.05388
1.03807
1.21873
1.0228
1.00178
1.0095
1.21679
1.02393
1.05343
1.03171
1.21665
1.05807
1.04093
1.05887
1.21004
1.08099
1.0535
1.07799
1.21589
1.10835
1.00125
1.09096
1.21516
1.11176
1.05311
1.09858
1.21623
1.11679
1.06731
1.08913
1.21334
1.10498
1.05289
1.0851
1.21066
1.09296
1.0005
1.06017
1.21103
1.06714
1.05232
1.06002
1.21216
1.06394
1.04105
1.06183
1.21019
1.08186
1.05239
1.08309
1.21478
1.09462
1.00093
1.06917
1.21163
1.05564
1.05223
1.0604
1.20915
1.07734
1.06687
1.05895
1.20899
1.06602
1.05154
1.05664
1.20649
1.06017
1.00113
1.03565
1.20585
1.02077
1.0522
1.01376
1.20557
1.00376
1.04078
1.01686
1.19952
1.01444
1.05297
1.00032
1.20431
1.03554
1.00144
1.03938
1.2043
1.06112
1.05272
1.05807
1.20305
1.04954
1.06625
1.0559
1.20225
1.07304
1.05236
1.07667
1.19933
1.08653
1.00206
1.09651
1.20177
1.11733
1.04501
1.11153
1.19823
1.1273
1.06376
1.11954
1.19309
1.15856
1.05234
1.15215
1.19402
1.20917
1.01393
1.1925
1.19054
1.24954
1.04476
1.24111
1.19247
1.30408
1.08563
1.28772
1.19153
1.38542
1.04391
1.38091
1.19149
1.4377
1.01487
1.39292
1.19187
1.43135
1.04265
1.3751
1.19421
1.42652
1.06348
1.38164
1.19338
1.4125
1.04325
1.3577
1.19967
1.39602
1.0156
1.35751
1.20339
1.39615
1.04155
1.31125
1.20336
1.34635
1.08562
1.29857
1.20634
1.33855
1.04013
1.29986
1.20816
1.3482
1.01592
1.2978
1.20885
1.35681
1.04025
1.31267
1.21377
1.35556
1.0642
1.30413
1.21222
1.37531
1.04042
1.37916
1.22243
1.41488
1.01659
1.37152
1.22717
1.43415
1.03885
1.3991
1.22943
1.45331
1.08502
1.42896
1.23053
1.48904
1.03989
1.45226
1.23316
1.49672
1.01647
1.46608
1.23186
1.50336
1.03888
1.4598
1.23253
1.50815
1.0636
1.45562
1.2259
1.49341
1.03848
1.47354
1.23332
1.50512
1.01745
1.44838
1.23122
1.48208
1.03785
1.41533
1.23039
1.41968
1.08582
1.36485
1.22901
1.35295
1.03668
1.30134
1.22571
1.32031
1.01741
1.29182
1.22483
1.34693
1.03673
1.33174
1.22158
1.39227
1.06417
1.35098
1.21312
1.385
1.03627
1.37397
1.21722
1.38883
1.01831
1.35588
1.21626
1.40416
1.03607
1.38447
1.2127
1.43683
1.08465
1.39735
1.21177
1.44744
1.03632
1.40948
1.20368
1.469
1.01814
1.41747
1.20001
1.48204
1.03688
1.47103
1.19623
1.55504
1.06314
1.52114
1.18907
1.59546
1.03743
1.59166
1.19104
1.66194
1.01827
1.62602
1.18761
1.68098
1.03666
1.64712
1.181
1.7003
1.08385
1.64431
1.17787
1.69329
1.03655
1.63495
1.17244
1.69087
1.01853
1.63831
1.16797
1.67669
1.03597
1.61901
1.1647
1.64739
1.06314
1.5512
1.15909
1.55745
1.03715
1.48234
1.16053
1.48104
1.01856
1.41288
1.15795
1.41689
1.03674
1.37923
1.15709
1.41882
1.08288
1.38843
1.15378
1.43353
1.03701
1.42518
1.15308
1.47504
1.01822
1.45678
1.14995
1.4642
1.03656
1.41128
1.14707
1.42707
1.06238
1.38556
1.14462
1.41735
1.03519
1.40317
1.14183
1.43849
1.01935
1.40086
1.13996
1.4394
1.03457
1.40413
1.13535
1.47063
1.08184
1.4516
1.13205
1.50526
1.0336
1.49151
1.12876
1.54029
1.01952
1.48575
1.1263
1.52249
1.03303
1.49212
1.12593
1.50848
1.06279
1.44215
1.1232
1.49407
1.03211
1.50413
1.12502
1.55766
1.02065
1.51632
1.12507
1.56693
1.03153
1.50416
1.1222
1.57621
1.08222
1.53729
1.12467
1.588
1.03125
1.54737
1.12282
1.58927
1.02089
1.53615
1.12396
1.59359
1.03088
1.53723
1.12639
1.58949
1.06241
1.52421
1.12426
1.57335
1.0306
1.55023
1.12736
1.58838
1.02108
1.53227
1.131
1.58225
1.0295
1.54024
1.1317
1.58264
1.08161
1.52964
1.13327
1.58065
1.02866
1.50279
1.13568
1.5522
1.02183
1.5045
1.13549
1.55543
1.0274
1.51613
1.13759
1.55922
1.06216
1.50849
1.13632
1.55486
1.02717
1.52194
1.13972
1.57645
1.02264
1.54374
1.14328
1.59223
1.02655
1.54844
1.14436
1.5988
1.08154
1.54994
1.14751
1.59771
1.02593
1.57792
1.15039
1.63615
1.02321
1.61053
1.15194
1.65488
1.02419
1.62364
1.15377
1.67191
1.06273
1.6203
1.15204
1.65566
1.02354
1.6465
1.16134
1.67355
1.0415
1.59865
1.16263
1.64344
1.0123
1.55777
1.16661
1.59372
1.10687
1.51662
1.16908
1.57024
1.01168
1.49867
1.17111
1.53579
1.04138
1.45876
1.17336
1.49417
1.01103
1.43267
1.17629
1.45963
1.08699
1.41315
1.17613
1.44427
1.02111
1.42848
1.18381
1.484
1.04282
1.4233
1.18322
1.48448
1.00958
1.4046
1.18406
1.4556
1.10734
1.3881
1.18372
1.44699
1.00783
1.39849
1.18477
1.45028
1.04273
1.43385
1.18611
1.51111
1.00689
1.49473
1.18305
1.56199
1.08709
1.56914
1.17875
1.67724
1.00579
1.68949
1.18604
1.76314
1.04441
1.74974
1.18373
1.79353
1.00428
1.76567
1.1847
1.8223
1.12262
1.79624
1.17156
1.84454
1.01855
1.82521
1.16907
1.8606
1.06921
1.83686
1.16875
1.87334
1.01915
1.84639
1.16596
1.88064
1.10155
1.84891
1.1652
1.88154
1.01921
1.86183
1.16343
1.89065
1.07081
1.86263
1.164
1.8908
1.02005
1.86224
1.16274
1.89052
1.12235
1.86363
1.16268
1.8918
1.02114
1.86424
1.16092
1.8888
1.07128
1.86479
1.16096
1.8951
1.02146
1.87165
1.16331
1.90507
1.11513
1.88187
1.16468
1.91012
1.02178
1.89779
1.16339
1.92509
1.09965
1.86667
1.12211
1.89735
1.056
1.8729
1.12349
1.90146
1.13873
1.875
1.12601
1.90014
1.05571
1.87229
1.12764
1.90061
1.09982
1.87602
1.12941
1.90182
1.05501
1.8728
1.13071
1.89642
1.11555
1.88763
1.15394
1.91007
1.02344
1.89931
1.16815
1.92097
1.10021
1.87204
1.13364
1.89854
1.05455
1.86549
1.13415
1.88545
1.13772
1.84494
1.13469
1.86755
1.05438
1.83261
1.13609
1.85358
1.09992
1.80534
1.13621
1.8233
1.05473
1.76992
1.13726
1.78133
1.10098
1.74045
1.17785
1.7429
1.02236
1.71421
1.17307
1.73138
1.07285
1.68714
1.17286
1.70729
1.02245
1.66849
1.17271
1.69957
1.12115
1.66314
1.17377
1.67694
1.0225
1.62448
1.17287
1.6368
1.07218
1.59159
1.17393
1.59847
1.02217
1.55744
1.17482
1.56776
1.10066
1.51406
1.18033
1.53341
1.00078
1.50506
1.18991
1.54044
1.07337
1.4984
1.17617
1.50981
1.02182
1.46892
1.17563
1.4948
1.12037
1.46724
1.17611
1.49264
1.02141
1.46548
1.17647
1.49785
1.07227
1.45758
1.17531
1.47756
1.02196
1.4082
1.17598
1.4138
1.10006
1.3717
1.18314
1.40875
1.00006
1.39285
1.19109
1.43063
1.07372
1.40262
1.17321
1.44609
1.02141
1.42805
1.17761
1.47492
1.12067
1.45496
1.17479
1.50021
1.02206
1.46716
1.17581
1.52022
1.07341
1.48164
1.17396
1.53374
1.02278
1.48446
1.17295
1.52183
1.10037
1.48246
1.1782
1.51952
1.00049
1.50583
1.1855
1.54697
1.07398
1.52204
1.1691
1.58253
1.02172
1.56879
1.1687
1.62281
1.11958
1.6027
1.16744
1.64956
1.0224
1.60988
1.16626
1.6788
1.07364
1.64835
1.16453
1.69467
1.02258
1.67156
1.1624
1.72836
1.10038
1.6749
1.16566
1.69034
1.00208
1.63936
1.17397
1.6473
1.07455
1.60709
1.15593
1.62949
1.02429
1.58436
1.15347
1.60734
1.11968
1.58695
1.15289
1.63369
1.02482
1.61979
1.15047
1.6684
1.07503
1.64577
1.14982
1.69982
1.02604
1.67755
1.14751
1.72716
1.10091
1.69413
1.15265
1.76195
1.00432
1.76255
1.15896
1.81984
1.07586
1.80077
1.13962
1.83509
1.02651
1.80483
1.13738
1.83705
1.12002
1.80275
1.13472
1.83135
1.02777
1.80492
1.13117
1.8388
1.07615
1.81045
1.13048
1.83968
1.02806
1.79837
1.12771
1.82714
1.10097
1.78485
1.13053
1.82197
1.00662
1.81444
1.13782
1.85421
1.077
1.82267
1.12183
1.85291
1.02863
1.82118
1.12032
1.84784
1.12032
1.80936
1.11633
1.8102
1.02909
1.76
1.11282
1.77581
1.07604
1.72552
1.10871
1.74803
1.02933
1.70249
1.10535
1.73314
1.1012
1.70463
1.10982
1.74668
1.00769
1.7365
1.1149
1.7784
1.0777
1.76163
1.09825
1.79217
1.02959
1.77174
1.09548
1.80729
1.11951
1.78162
1.09127
1.811
1.02991
1.786
1.0877
1.81766
1.07749
1.79432
1.08449
1.82723
1.02965
1.80048
1.08042
1.83271
1.10139
1.80051
1.08308
1.83305
1.00823
1.81994
1.08959
1.85246
1.07843
1.83055
1.07069
1.85556
1.03086
1.82966
1.06811
1.8522
1.11997
1.82171
1.06688
1.84349
1.03094
1.82047
1.06448
1.85153
1.07879
1.82901
1.06335
1.85497
1.03104
1.82686
1.05965
1.84252
1.08403
1.80294
1.06657
1.81761
1.01011
1.79229
1.07033
1.82115
1.05153
1.79482
1.06832
1.82938
1.01039
1.80908
1.06636
1.8342
1.10032
1.79674
1.06512
1.82843
1.01047
1.794
1.06207
1.82854
1.05125
1.80009
1.06102
1.82214
1.01097
1.7861
1.05923
1.80581
1.08468
1.76404
1.05501
1.792
1.00994
1.75978
1.06066
1.77662
1.05143
1.74971
1.05912
1.77596
1.01018
1.75591
1.05878
1.77216
1.09978
1.73814
1.05784
1.74742
1.0104
1.70823
1.05784
1.73367
1.0508
1.6838
1.05509
1.70587
1.01041
1.67137
1.05546
1.68402
1.08384
1.61516
1.05267
1.61981
1.00976
1.58884
1.05909
1.59093
1.05196
1.54266
1.0593
1.54731
1.01014
1.50136
1.05938
1.51684
1.09918
1.48984
1.06136
1.52651
1.01
1.50594
1.06181
1.54969
1.05045
1.53153
1.06232
1.57149
1.00957
1.55222
1.06375
1.59621
1.08337
1.5564
1.05942
1.58978
1.00889
1.58875
1.06623
1.631
1.05101
1.61031
1.06613
1.66781
1.00937
1.65426
1.0674
1.69416
1.09891
1.68383
1.06744
1.69664
1.00996
1.6532
1.0671
1.67507
1.0517
1.65425
1.0677
1.68932
1.01045
1.67485
1.06909
1.71212
1.0834
1.68115
1.0633
1.72366
1.01035
1.70618
1.06907
1.74047
1.08043
1.70934
1.0522
1.73426
1.03325
1.71436
1.05353
1.73394
1.11824
1.70984
1.05416
1.71742
1.03314
1.67296
1.05481
1.68643
1.07967
1.66411
1.05584
1.69871
1.03351
1.68267
1.05608
1.72188
1.10161
1.70789
1.06709
1.74265
1.00891
1.74032
1.07735
1.77961
1.08121
1.76798
1.05822
1.79985
1.03252
1.79181
1.05995
1.82452
1.11908
1.81641
1.06091
1.8448
1.03329
1.83107
1.06278
1.85877
1.08145
1.84285
1.06473
1.85609
1.03385
1.83606
1.06702
1.85697
1.10239
1.81772
1.07817
1.83358
1.03314
1.8176
1.07034
1.84722
1.08151
1.82141
1.07291
1.84006
1.03328
1.82209
1.07284
1.83794
1.11894
1.80053
1.07291
1.80779
1.0338
1.77747
1.07459
1.79276
1.08165
1.7538
1.07638
1.77444
1.03441
1.74429
1.07788
1.76014
1.10253
1.71152
1.08967
1.72579
1.03318
1.70168
1.08013
1.71749
1.08193
1.69249
1.07967
1.71348
1.03342
1.68439
1.08039
1.70186
1.11937
1.66815
1.08206
1.69733
1.03314
1.65918
1.08127
1.68536
1.08189
1.66697
1.08201
1.69785
1.03352
1.67407
1.0799
1.70983
1.1024
1.68119
1.08847
1.71286
1.03307
1.70231
1.08019
1.72784
1.08306
1.69136
1.07955
1.72026
1.03328
1.68215
1.07878
1.70513
1.11907
1.66283
1.07776
1.68986
1.03287
1.67056
1.07793
1.70769
1.08276
1.68266
1.07913
1.70906
1.03219
1.67779
1.08003
1.70264
1.10236
1.65945
1.08819
1.69878
1.03123
1.67678
1.08032
1.71679
1.08312
1.69454
1.08182
1.73372
1.03114
1.71193
1.08131
1.74249
1.11968
1.72585
1.08084
1.75704
1.03132
1.73713
1.08104
1.76524
1.08343
1.74318
1.08072
1.76888
1.03112
1.75338
1.0815
1.78506
1.10257
1.74399
1.09333
1.78893
1.03057
1.77446
1.08475
1.80062
1.10974
1.75669
1.07068
1.78647
1.05206
1.75088
1.07114
1.78661
1.13811
1.75399
1.07291
1.78723
1.05166
1.74772
1.07395
1.77544
1.1097
1.72559
1.07325
1.75005
1.05174
1.69378
1.07328
1.70753
1.11953
1.65422
1.10244
1.68116
1.02907
1.65038
1.08997
1.68403
1.11006
1.63728
1.07584
1.67654
1.05044
1.62901
1.0758
1.66732
1.13783
1.63368
1.07801
1.67569
1.04984
1.63745
1.0784
1.67923
1.10876
1.64682
1.07873
1.6911
1.04909
1.66428
1.08049
1.70023
1.11891
1.6621
1.08422
1.70367
1.04953
1.68333
1.08136
1.72105
1.11827
1.68227
1.07726
1.71834
1.05488
1.6881
1.07832
1.71345
1.15368
1.69043
1.07653
1.72979
1.06094
1.70526
1.07758
1.73047
1.12721
1.70582
1.07778
1.72503
1.06009
1.68861
1.08046
1.70643
1.13475
1.67159
1.09021
1.68961
1.04891
1.65569
1.08877
1.6693
1.12773
1.63225
1.08596
1.65554
1.05919
1.62415
1.08742
1.6385
1.15416
1.60665
1.08789
1.63683
1.05889
1.6068
1.08859
1.63443
1.12726
1.60454
1.08874
1.63957
1.05829
1.61338
1.08969
1.65322
1.13428
1.61617
1.09745
1.65503
1.04706
1.63908
1.09609
1.67757
1.12714
1.64035
1.0913
1.66634
1.05753
1.63577
1.09151
1.66878
1.15352
1.64847
1.09435
1.69338
1.05726
1.66577
1.09254
1.70552
1.12675
1.67586
1.09297
1.70097
1.05732
1.65869
1.09356
1.67996
1.13463
1.63474
1.10079
1.66344
1.04553
1.63102
1.09944
1.66072
1.12714
1.62875
1.0937
1.65724
1.05657
1.63097
1.09396
1.66625
1.15409
1.63673
1.09431
1.67565
1.05621
1.64391
1.09309
1.68927
1.12655
1.65978
1.09308
1.69497
1.05627
1.66034
1.09232
1.70026
1.13492
1.65952
1.10133
1.7
1.04376
1.67923
1.09971
1.7167
1.12734
1.68274
1.0935
1.71756
1.05539
1.68106
1.09308
1.71695
1.15442
1.68423
1.09249
1.71007
1.05479
1.67464
1.09273
1.70301
1.12672
1.67071
1.09188
1.70538
1.0542
1.6786
1.09175
1.71003
1.13511
1.6682
1.09898
1.69551
1.04271
1.65995
1.09574
1.68578
1.12789
1.64443
1.08854
1.66573
1.05379
1.63386
1.08724
1.66784
1.1548
1.64549
1.08635
1.68097
1.05339
1.65039
1.08424
1.68898
1.12703
1.66061
1.08151
1.69615
1.0466
1.66323
1.08335
1.7027
1.12707
1.65778
1.08908
1.70171
1.04
1.67743
1.08522
1.71842
1.12676
1.68401
1.07561
1.723
1.05164
1.69132
1.07247
1.7307
1.15424
1.70354
1.06948
1.74123
1.05069
1.70918
1.06479
1.73394
1.12589
1.70132
1.06239
1.72692
1.05072
1.70203
1.05842
1.73693
1.13531
1.69286
1.06661
1.72747
1.03848
1.6975
1.061
1.71739
1.12642
1.6825
1.05245
1.71617
1.0507
1.68007
1.05046
1.71299
1.15334
1.68153
1.04744
1.72263
1.04307
1.68972
1.04933
1.70934
1.1153
1.67389
1.04682
1.69504
1.04223
1.65939
1.04538
1.69703
1.12014
1.65197
1.05352
1.68372
1.01632
1.66894
1.06204
1.69551
1.10818
1.66761
1.0457
1.68978
1.03545
1.65043
1.04476
1.66917
1.13672
1.62199
1.04398
1.62754
1.03463
1.57416
1.04371
1.58819
1.10697
1.53805
1.0432
1.55898
1.03408
1.51374
1.04306
1.53307
1.12018
1.48909
1.04863
1.50683
1.01549
1.48536
1.05784
1.50123
1.10773
1.46862
1.04115
1.49443
1.03495
1.48301
1.04078
1.51342
1.13688
1.49356
1.04135
1.52451
1.03572
1.50382
1.04088
1.53309
1.10729
1.51544
1.04238
1.54612
1.03498
1.5284
1.04324
1.56298
1.11998
1.53568
1.05013
1.56354
1.01637
1.56
1.0594
1.58757
1.10782
1.5596
1.04644
1.58292
1.03568
1.55887
1.04743
1.58487
1.13805
1.55797
1.04809
1.57541
1.03653
1.54534
1.04955
1.56937
1.10748
1.53163
1.05191
1.55787
1.03665
1.52358
1.05378
1.55299
1.12072
1.52412
1.05859
1.56527
1.01816
1.5567
1.07119
1.59342
1.11578
1.57314
1.05638
1.61436
1.04477
1.5972
1.05817
1.63251
1.14649
1.62134
1.05987
1.66413
1.04491
1.64414
1.06186
1.68036
1.11599
1.65917
1.06352
1.69346
1.05135
1.66658
1.06205
1.69526
1.13825
1.65372
1.0748
1.69101
1.0385
1.66987
1.07489
1.6965
1.12718
1.66609
1.06852
1.6936
1.05215
1.65702
1.07062
1.66564
1.15873
1.61529
1.07381
1.63006
1.0526
1.58951
1.07522
1.60695
1.1261
1.57301
1.07706
1.5885
1.05188
1.56744
1.07868
1.59141
1.13834
1.56267
1.09164
1.59221
1.03848
1.57108
1.09245
1.60025
1.12718
1.58046
1.08907
1.61948
1.05256
1.5951
1.09109
1.64126
1.15775
1.62332
1.0944
1.65479
1.05291
1.62591
1.09744
1.66215
1.12699
1.63283
1.09883
1.66216
1.05241
1.63072
1.10163
1.65961
1.14716
1.61844
1.11138
1.6629
1.04529
1.65779
1.11016
1.6918
1.13814
1.66864
1.10183
1.72419
1.06397
1.71629
1.10315
1.77082
1.17946
1.76341
1.10213
1.80887
1.06948
1.79283
1.10395
1.82152
1.14731
1.80374
1.10406
1.83396
1.07065
1.81286
1.10377
1.83688
1.16743
1.79915
1.11527
1.82216
1.0579
1.81242
1.11306
1.84057
1.15742
1.81118
1.10347
1.82825
1.08094
1.78784
1.10371
1.8034
1.2076
1.77701
1.10115
1.76258
1.04521
1.78132
1.12306
1.7664
1.11104
1.79178
1.12295
1.78417
1.04675
1.80709
1.1215
1.79006
1.12491
1.78611
1.10341
1.81437
1.08589
1.79674
1.1022
1.77514
1.11227
1.79826
1.12295
1.77812
1.04949
1.80617
1.1233
1.78524
1.1432
1.81205
1.12329
1.79552
1.04915
1.82725
1.12384
1.81155
1.11266
1.84539
1.12255
1.83338
1.05038
1.85949
1.12028
1.85273
1.12568
1.86173
1.09903
1.88689
1.10576
1.87382
1.09204
1.85506
1.12263
1.86594
1.11261
1.85218
1.05834
1.86787
1.11223
1.85267
1.15264
1.86756
1.11172
1.85048
1.05786
1.85536
1.11112
1.83719
1.10994
1.84575
1.11858
1.82487
1.04773
1.8337
1.11679
1.81158
1.12519
1.80235
1.096
1.82639
1.08659
1.80668
1.09404
1.78433
1.11115
1.7904
1.11615
1.76285
1.048
1.77119
1.11519
1.74814
1.14305
1.75915
1.11353
1.73055
1.04788
1.72659
1.11143
1.68966
1.11163
1.68526
1.11091
1.64702
1.04773
1.64657
1.10967
1.60761
1.12519
1.59107
1.1001
1.60803
1.05754
1.57265
1.09991
1.54905
1.08785
1.56088
1.11423
1.53171
1.03294
1.55359
1.11148
1.53323
1.12255
1.55993
1.11096
1.54471
1.03294
1.56569
1.10847
1.55416
1.08769
1.58015
1.10857
1.56185
1.03265
1.59411
1.10899
1.58034
1.10788
1.58974
1.09494
1.65075
1.04768
1.64863
1.10141
1.64116
1.08868
1.67212
1.11105
1.66157
1.03276
1.67993
1.11169
1.66752
1.12318
1.69608
1.11348
1.6927
1.0317
1.71646
1.1155
1.71252
1.08817
1.73356
1.11471
1.71613
1.03171
1.73644
1.11505
1.72401
1.10789
1.7171
1.10518
1.7361
1.05607
1.69943
1.10181
1.67117
1.08848
1.67971
1.12014
1.67586
1.0321
1.69885
1.12082
1.6808
1.1226
1.70068
1.1243
1.6845
1.03159
1.7015
1.12616
1.67587
1.08814
1.6919
1.12717
1.66464
1.03163
1.68297
1.12763
1.66745
1.10861
1.66218
1.11891
1.68706
1.05719
1.6784
1.11358
1.66471
1.08905
1.67715
1.13249
1.63935
1.03289
1.62836
1.13467
1.58287
1.12277
1.56904
1.13579
1.51842
1.03237
1.52201
1.1355
1.48657
1.08864
1.49274
1.13597
1.46817
1.03256
1.48142
1.13654
1.46953
1.10889
1.4676
1.12779
1.51889
1.0581
1.51057
1.12378
1.50765
1.11145
1.54666
1.13471
1.5332
1.04894
1.57237
1.13657
1.56679
1.1443
1.59884
1.13809
1.58804
1.04936
1.62643
1.13893
1.61605
1.11219
1.66298
1.13874
1.65804
1.05066
1.69455
1.14033
1.68395
1.1292
1.69585
1.135
1.75881
1.07738
1.74666
1.13215
1.73859
1.11442
1.77776
1.14595
1.76576
1.05327
1.79087
1.14749
1.77713
1.1472
1.80864
1.14691
1.79585
1.0536
1.82655
1.14733
1.81558
1.11496
1.83968
1.14844
1.82183
1.0547
1.83547
1.1491
1.81704
1.1307
